id,ACTION
1,0.9850064395324957
2,0.998173713355376
3,0.9997350127161297
4,0.9992799858100188
5,0.9998848558212695
6,0.9994707618742512
7,0.9806780677753106
8,0.9999971874202415
9,0.8012926457669035
10,0.9899904800945446
11,0.9995839280460657
12,0.9907771716905742
13,0.9998341896784884
14,0.3950338432152711
15,0.9921533376877137
16,0.9940329281223064
17,0.258097237715649
18,0.9291878609393841
19,0.9999693825291451
20,0.9999864943359827
21,0.9999802383680424
22,0.990517171810105
23,0.9999606880165702
24,0.9933172675197218
25,0.9999940805511928
26,0.9808901810665634
27,0.9975147833999605
28,0.9996102985717785
29,0.9987969991552735
30,0.9355188398703732
31,0.9989271487298387
32,0.9978655098695839
33,0.9982196536753083
34,0.9994300083906467
35,0.9982918231883736
36,0.9997064192430504
37,0.9905329143030879
38,0.999946152226812
39,0.9975466828312671
40,0.9840467204648556
41,0.6091750425627143
42,0.9998550224622667
43,0.9978420806380542
44,0.999749075289336
45,0.9999419347720221
46,0.996198656015655
47,0.9999634847630386
48,0.9994848791980687
49,0.9999987368153987
50,0.9979805547453826
51,0.975989218188651
52,0.9990221496188101
53,0.9787943255944039
54,0.999866928047129
55,0.9999530449889753
56,0.9999741331331922
57,0.9920202353956977
58,0.9998108816816872
59,0.9995805253448852
60,0.9999709172472221
61,0.9999032444439476
62,0.9999858889634139
63,0.9981576024820797
64,0.9999152457257143
65,0.9999635535070561
66,0.9993114190784584
67,0.998761618877794
68,0.9999734000670274
69,0.9977379625629328
70,0.46918484556708784
71,0.9995366153894377
72,0.9993537595691905
73,0.999961028414113
74,0.9997724305705705
75,0.9994807671148442
76,0.9993993324898053
77,0.9998951215126137
78,0.9930955857093958
79,0.8407326718453524
80,0.999822011880133
81,0.9999733280397957
82,0.9998408988630392
83,0.9995101250515405
84,0.9998623187189575
85,0.9994231208742498
86,0.9996259871583124
87,0.9995757270645981
88,0.9998529461003339
89,0.9997686776568722
90,0.9801333470856634
91,0.996601948424653
92,0.5466248861446351
93,0.9999676674217945
94,0.9993713754085078
95,0.9993736990337632
96,0.9999905237483814
97,0.7922197486356735
98,0.9994876967681222
99,0.9993827742660174
100,0.9999788570965192
101,0.9963609726180055
102,0.9769864766259564
103,0.9995222408091602
104,0.991450508299864
105,0.9352186253861404
106,0.9988283996810569
107,0.9997991269504616
108,0.9990691260920447
109,0.9997664545167467
110,0.9996249296000803
111,0.9633170131025828
112,0.9994711833579016
113,0.9975826977155643
114,0.9999764148810923
115,0.9991694586354869
116,0.984490905831825
117,0.9386269493295472
118,0.9999241851616726
119,0.99999294983479
120,0.9995204845486044
121,0.9871868289464648
122,0.9999362544160357
123,0.9925911050040608
124,0.9999815491936356
125,0.9997371539628297
126,0.9402999138416565
127,0.9180676925625105
128,0.9747667155828602
129,0.9998215223356279
130,0.9994529502402225
131,0.9995129992621794
132,0.9999594439086512
133,0.9993269791745412
134,0.9333781136717708
135,0.9999820778582272
136,0.9981644278611016
137,0.9992246291830119
138,0.9742117649534408
139,0.9966857542523133
140,0.9999477396381812
141,0.9999224203621434
142,0.999983708437797
143,0.9997627236579941
144,0.9996648849061875
145,0.9999310426395905
146,0.8113870836814467
147,0.43142721289675473
148,0.9029629112496276
149,0.9999485739353917
150,0.9992033593277183
151,0.9999765010480565
152,0.8773491510478086
153,0.9996651341360083
154,0.9922765736000198
155,0.9992480834306061
156,0.9922521675112418
157,0.9997529235183127
158,0.9992036149450313
159,0.9983965011232955
160,0.9973615623784172
161,0.9657961872016789
162,0.999563831778532
163,0.9999891502036781
164,0.9990706113561698
165,0.9999050826061313
166,0.9999741590364223
167,0.9736320378740161
168,0.9996268091443813
169,0.9994528291113846
170,0.9985810061108253
171,0.9997366745443705
172,0.9999344233792249
173,0.991635787579436
174,0.9997985316823997
175,0.9999348761956833
176,0.9996018688757587
177,0.9790722976647043
178,0.9984983965103981
179,0.9999795499299792
180,0.9199799157072097
181,0.4669437713264577
182,0.9985749016829379
183,0.8555696746970275
184,0.9967079290916759
185,0.9998769985973744
186,0.9452908782357126
187,0.9999436828215644
188,0.9978678050295919
189,0.6340041731303355
190,0.9996559178141248
191,0.9999915990244432
192,0.9999394578359055
193,0.9999259447236475
194,0.9999614263933163
195,0.9975454640819815
196,0.9997919185558879
197,0.9999043069549148
198,0.9885683163028286
199,0.9999636770401733
200,0.9262831837645725
201,0.9999006502059817
202,0.9999162094107831
203,0.9833951766319377
204,0.9957182956200382
205,0.9999826014270204
206,0.9997083932635933
207,0.9991458028292702
208,0.999295854043734
209,0.8189213303172318
210,0.9801566102081085
211,0.9491527782719029
212,0.9997068489248042
213,0.9998689128621674
214,0.9978077439141922
215,0.9994044653704313
216,0.9851010971468427
217,0.9597679171766229
218,0.9999727537377266
219,0.9998824561365753
220,0.9647652024077469
221,0.14198920590849476
222,0.999906559589048
223,0.9998687728662049
224,0.9988067625386671
225,0.9754594573263337
226,0.9208631487159303
227,0.996920555209407
228,0.9985659201498397
229,0.9998997424275234
230,0.9971107920381888
231,0.9988958993313999
232,0.9973946025534252
233,0.9953148853784636
234,0.11083627340016362
235,0.9761190401155606
236,0.9918791810594012
237,0.9726246226485313
238,0.9686373045400146
239,0.9966803252605098
240,0.9991879234974232
241,0.9957070269399212
242,0.848474940681976
243,0.6280633015431708
244,0.9945884166832942
245,0.9893289862176381
246,0.999950511578177
247,0.9993349740504323
248,0.9987281354668125
249,0.9984045324494024
250,0.9993273292224288
251,0.9998191112656986
252,0.9733528344928091
253,0.9999777269112066
254,0.9998047256808877
255,0.999950854310788
256,0.9985675057945823
257,0.9999839799110951
258,0.9623728045167227
259,0.9540269843807805
260,0.9996569716303755
261,0.9905756573917072
262,0.9997169037911668
263,0.9998514209185507
264,0.9998663216186404
265,0.9965699350963351
266,0.9994718773502643
267,0.7741479408330607
268,0.9999809785175026
269,0.9853310406697606
270,0.9989650277660959
271,0.9947608986643454
272,0.9999490437758517
273,0.958304105384787
274,0.8337923450261836
275,0.9999641120842142
276,0.981554118632962
277,0.9976765905236405
278,0.9999904527228761
279,0.9909610550902428
280,0.8232458185541125
281,0.9999821020975834
282,0.9981151723420598
283,0.4575698575531861
284,0.9934083567079516
285,0.9999800596563054
286,0.9982906346076692
287,0.9999992983306109
288,0.9999887397657087
289,0.9992176298167347
290,0.994964214852326
291,0.46498894763523047
292,0.8771774878841768
293,0.9996676373720055
294,0.9984653110781526
295,0.9969255021209513
296,0.922287057097137
297,0.3545105382758505
298,0.9809350355610968
299,0.8031966251012498
300,0.9998461459060226
301,0.8845728529948363
302,0.9999561296709338
303,0.9655382560905361
304,0.96351844056394
305,0.997724164921866
306,0.9995604357688718
307,0.9994808330354896
308,0.9999987138893166
309,0.9945047756297184
310,0.9988245316716852
311,0.9999669565661834
312,0.9998839448317645
313,0.9993703076758647
314,0.9999204329088532
315,0.999668252911308
316,0.999927625419614
317,0.9261222897479156
318,0.9998460406198769
319,0.425487933798795
320,0.9991800004540085
321,0.9996923073434871
322,0.908262004780167
323,0.9999524477807274
324,0.9898956468052837
325,0.9811342657594817
326,0.9864996195709123
327,0.9999327692344395
328,0.9995165897318826
329,0.9999781762515266
330,0.9982841393742903
331,0.9999559833477927
332,0.9992552523807762
333,0.9959888898835717
334,0.9616219615400706
335,0.999596764840037
336,0.9936700753583417
337,0.999827308638957
338,0.9994060417905133
339,0.9995995356572343
340,0.9999675481760718
341,0.9973600365897856
342,0.9897293197704485
343,0.9962965290362163
344,0.9999933716617944
345,0.9999770551234731
346,0.9997721351043769
347,0.9987799363187688
348,0.999542892376718
349,0.9997650692172336
350,0.9421556544725395
351,0.9885693072531501
352,0.999997841444634
353,0.9976016803847635
354,0.8701893303930247
355,0.9912867058282545
356,0.9998320155012278
357,0.998946956414783
358,0.9999758186137504
359,0.9800507019030211
360,0.2589433253760235
361,0.8940912144093154
362,0.9594994667163653
363,0.9587450574668835
364,0.9977682505858563
365,0.999899480488041
366,0.9999870236919466
367,0.9998672524997549
368,0.9999630454983903
369,0.9981362936324035
370,0.9990053685314553
371,0.9950594624832672
372,0.9999856369174923
373,0.6751882450603863
374,0.84172911057696
375,0.9977909711841666
376,0.9993893631997551
377,0.9812847506296196
378,0.9999041753057742
379,0.9999177617191836
380,0.9793834706931884
381,0.9953445213733462
382,0.9995028158525692
383,0.9999781429888004
384,0.9984980709317831
385,0.9981300166215337
386,0.9966287652532421
387,0.8526723717281585
388,0.9996551385883067
389,0.9993671499056365
390,0.9997165231522557
391,0.18501189453350778
392,0.9999341189330233
393,0.9987462279328473
394,0.9987128240943862
395,0.9989128426330898
396,0.9972111022725801
397,0.9999822377680881
398,0.9830509528663721
399,0.9999756282805097
400,0.9987230041722249
401,0.9993061492334337
402,0.9992374070239409
403,0.985661169258255
404,0.98790239031448
405,0.9937302133801158
406,0.9999846004767248
407,0.940786027596164
408,0.9999439677508407
409,0.9964765708336067
410,0.9999709098733812
411,0.9990071028147021
412,0.9947588608776792
413,0.9784867936940974
414,0.9999796849201403
415,0.9997771064700781
416,0.9768082365018641
417,0.9998378920035583
418,0.999888194724569
419,0.998430171222754
420,0.9994938576291493
421,0.9999564927499366
422,0.9993368620145667
423,0.9995362041104664
424,0.9719669442978232
425,0.9999463434399001
426,0.9914615813338529
427,0.9989821451772143
428,0.9994795096282598
429,0.9993650971040045
430,0.9998139399332568
431,0.9995116874809965
432,0.9998562459077147
433,0.9934743954065558
434,0.9993047429567085
435,0.9611484937878546
436,0.9999504766523958
437,0.9999640602198747
438,0.02233047408874627
439,0.997973579616334
440,0.24905405380279072
441,0.9990604205416681
442,0.9999843268154041
443,0.9996384754224464
444,0.9999307682122256
445,0.9850238934544238
446,0.9995637718314427
447,0.9957650038709668
448,0.9993196106525913
449,0.9951049424748031
450,0.9870007517898872
451,0.9959262269151286
452,0.9987983944640618
453,0.9996530166499622
454,0.9991763218897564
455,0.9985606687965091
456,0.9998372741502641
457,0.9999922456502794
458,0.9997987299472108
459,0.9999850854253404
460,0.6820015946253513
461,0.9451551297123871
462,0.9997392701553437
463,0.9996252138664966
464,0.99949469752349
465,0.9968306063143179
466,0.9996684519182328
467,0.8928333072241488
468,0.9999518301620802
469,0.999358240136837
470,0.994783280211214
471,0.9996423246442963
472,0.9994810422932977
473,0.9998696898483544
474,0.921149527772838
475,0.9904380678180332
476,0.9546948831028353
477,0.9996574208070137
478,0.9851399352230418
479,0.9999366882780935
480,0.9999819363084831
481,0.9999583581680291
482,0.9983532975060901
483,0.9999815177528679
484,0.9376511593841423
485,0.9859257189073498
486,0.8712530109418978
487,0.9986290404525712
488,0.9932824166057707
489,0.999942966093893
490,0.9989625999801851
491,0.9998036614592021
492,0.9995284720230164
493,0.9999402727152521
494,0.9990374903476861
495,0.9284782831971212
496,0.9999242694899537
497,0.9999683691587864
498,0.9990934362100881
499,0.9999897397222506
500,0.9982012777634803
501,0.9978416025631164
502,0.9941491656677037
503,0.9691941800947331
504,0.9997546298721729
505,0.9792174953732633
506,0.9996230143463329
507,0.9999349310484661
508,0.9984372105851216
509,0.9963062241785691
510,0.9426110861787188
511,0.9931421089775098
512,0.9999696059905138
513,0.999988984072266
514,0.825105003764678
515,0.999250219219288
516,0.9984104427007223
517,0.999965017329191
518,0.9970963735715808
519,0.9884297563326616
520,0.9979957999461305
521,0.9999719025913243
522,0.9929985878082507
523,0.9999680593666247
524,0.6621042302565721
525,0.743793317379763
526,0.08524473534162406
527,0.9993751956535171
528,0.9987609576987163
529,0.9983743506429694
530,0.9999876188146447
531,0.9737164624114166
532,0.9972526894180874
533,0.9999434496360479
534,0.9998711623108861
535,0.9980268086395889
536,0.9996618751882471
537,0.9999936474519573
538,0.9942274915301155
539,0.9994027403881248
540,0.9796821824019686
541,0.9998372394533669
542,0.9062837506527391
543,0.8378788413349488
544,0.9998201549912807
545,0.9955535623563736
546,0.9992059326228263
547,0.9760725713499212
548,0.9496235489734366
549,0.5369843396152257
550,0.9225131213678992
551,0.9763709688106832
552,0.9334881610375175
553,0.9999875442708176
554,0.9731895815917314
555,0.9998119505735293
556,0.9992817591612092
557,0.9998799817243402
558,0.9834243849621433
559,0.9897855979055736
560,0.9860609483004822
561,0.9993658779289941
562,0.9999253101230491
563,0.9993231041576398
564,0.9358080273395574
565,0.9999810238365625
566,0.9999498487407369
567,0.9997998897075407
568,0.9869431527657727
569,0.9993751713509264
570,0.999086982181364
571,0.28791224395830256
572,0.9999840062588092
573,0.9934460130074296
574,0.4500336131745015
575,0.99997995205255
576,0.9998161748160809
577,0.9947638735359255
578,0.9995782224801136
579,0.7784319662957572
580,0.9924018210105908
581,0.9995899538463883
582,0.9990370056133498
583,0.9999860963611995
584,0.9762324065416828
585,0.9990079196222602
586,0.9990811910468206
587,0.9746850670553661
588,0.9998489608910298
589,0.9856523923051016
590,0.9921789461051681
591,0.9768036415476299
592,0.9999582204469327
593,0.9965146223432182
594,0.9997701338419425
595,0.9998979244775184
596,0.9998451184630421
597,0.9998273538345092
598,0.6296200663024768
599,0.9975929203264267
600,0.9805223882330703
601,0.9999764880598002
602,0.9520288798967145
603,0.9999125368320204
604,0.9999356050813542
605,0.9856728458947109
606,0.9980003652402237
607,0.9997745103692559
608,0.9999970663237224
609,0.98996791491071
610,0.9845719730618983
611,0.9913082545799793
612,0.9999945994270228
613,0.9996511487928604
614,0.9592705909323993
615,0.9995220134614169
616,0.7083398105621302
617,0.9991256812761082
618,0.9999743433257907
619,0.996593793505862
620,0.9992758894192092
621,0.9998487805776552
622,0.9982978161496963
623,0.9990903075820652
624,0.965609704192235
625,0.2944011750131364
626,0.9986586421138579
627,0.9999581172300869
628,0.9953486509346892
629,0.9996369369400515
630,0.9999808323420284
631,0.9994752078265949
632,0.9515499995459471
633,0.9999786146981919
634,0.9994767490629684
635,0.9673756268322454
636,0.9936247494735484
637,0.9979846623368631
638,0.9997342666611325
639,0.9809777974402885
640,0.9998018450488031
641,0.999248848934522
642,0.9999619466692523
643,0.9962872478776528
644,0.9998393856695005
645,0.9990750201467082
646,0.9815458003886346
647,0.9918222018885442
648,0.9466727621898003
649,0.9997567323986939
650,0.698499861982376
651,0.9996647973639515
652,0.9999216478090651
653,0.6087173247895528
654,0.9993097337243286
655,0.9854912807269339
656,0.999907771099185
657,0.9961637952886703
658,0.9995965079452793
659,0.9998738444269726
660,0.9808867352823646
661,0.9991098852652378
662,0.9998147666200092
663,0.999856075695913
664,0.9985384280104577
665,0.9924461673691174
666,0.8687337548365741
667,0.9907517869878045
668,0.9873938269488447
669,0.8429040178848113
670,0.9758314957029729
671,0.999623807026165
672,0.9898155163524209
673,0.9515719062590317
674,0.9967076666748
675,0.9970376072157828
676,0.9993383554575594
677,0.9996787994507513
678,0.9994134248505594
679,0.9994391423277571
680,0.9983459491889112
681,0.63564068811849
682,0.9815628604985311
683,0.9994069808834459
684,0.9994347201057302
685,0.9844803059500556
686,0.9999796811889069
687,0.9994446399505811
688,0.9999634638891063
689,0.9999508878177301
690,0.9997113096198484
691,0.9999893009302453
692,0.9999362590794132
693,0.9930149267014409
694,0.9995922608553949
695,0.9985310115400988
696,0.9542876880213353
697,0.9999725627475456
698,0.9978403566777078
699,0.999845538166567
700,0.9979817317454659
701,0.999596291465501
702,0.9521246390273836
703,0.9692985798967285
704,0.9972200533891269
705,0.9863546415318919
706,0.8304577837165555
707,0.9882371477649692
708,0.999840391220644
709,0.9962109343863391
710,0.998538303314082
711,0.9962860843546358
712,0.9695025411495152
713,0.9995734590564865
714,0.9996004445431599
715,0.9953052948288152
716,0.8345016220386604
717,0.9999335782436626
718,0.9997171494935845
719,0.9964525923682763
720,0.9852585332416913
721,0.9993408417362042
722,0.9948247488766699
723,0.9994994053463029
724,0.9994523351737762
725,0.9998580179611654
726,0.996551543393852
727,0.9999917431951866
728,0.9999767426686098
729,0.9317005897437554
730,0.9881246651644394
731,0.999370821420398
732,0.9999896911271201
733,0.9999722116740424
734,0.9999731953657983
735,0.9999816490311264
736,0.9258391264490899
737,0.9996254495817136
738,0.9977393015139312
739,0.9901577583782919
740,0.999988933820339
741,0.996623286061879
742,0.9997465192736953
743,0.999521771303993
744,0.9999887209983614
745,0.9996047286915227
746,0.9996859533702072
747,0.9985914584057779
748,0.9999732493209847
749,0.9971907715588612
750,0.9999277676938658
751,0.9998741450614597
752,0.9973276970062424
753,0.9996026329181453
754,0.9958456849212969
755,0.999959101626784
756,0.6005567590740912
757,0.999975909157226
758,0.9996406809498185
759,0.9995840344498464
760,0.9999411517149838
761,0.999794098712253
762,0.9859915270671281
763,0.8972601584766384
764,0.9912277396810966
765,0.9999159876608925
766,0.9974253189740798
767,0.9999429264480979
768,0.9996553755004867
769,0.9993686572084753
770,0.9997292265645332
771,0.9990721014030263
772,0.9997574297125404
773,0.9992028101653927
774,0.9995385814398163
775,0.9934503820929705
776,0.9400946504925615
777,0.960905581696178
778,0.9995750366593578
779,0.9999812949737346
780,0.47388790284814625
781,0.5721077002508259
782,0.9995729878772619
783,0.9994211990843118
784,0.9892202842702753
785,0.6182550812603482
786,0.9947610874674823
787,0.9997866645218855
788,0.9753398784595542
789,0.9929573644493473
790,0.9672314512846131
791,0.9979329342733549
792,0.999654508424512
793,0.8390036927638216
794,0.9895700248564342
795,0.9999628737165956
796,0.9991499171216748
797,0.9997819124882235
798,0.9805317502389802
799,0.9989245541890421
800,0.9999714090257312
801,0.9995212839313576
802,0.9999750129584039
803,0.9739779823011511
804,0.9999828817924213
805,0.999985355050438
806,0.9998991856166639
807,0.31827030875030443
808,0.9626531586018462
809,0.9998388872738513
810,0.9993411514880703
811,0.9990173450080579
812,0.9146842879386444
813,0.9994469113100635
814,0.9999387246909824
815,0.8584202959259295
816,0.9998503915678328
817,0.9999544034489849
818,0.9960551600582439
819,0.999090627092022
820,0.8008156600737172
821,0.9988563780567437
822,0.9998762079741953
823,0.9999833224531114
824,0.9999750984337499
825,0.9993755769780823
826,0.9885527494539811
827,0.9997698465487779
828,0.9993642203428043
829,0.9999488023979808
830,0.9978956651012094
831,0.7939859459680505
832,0.9999985682759535
833,0.9998985186319514
834,0.9999850042508838
835,0.9998976118317446
836,0.6744534219435547
837,0.9749189661969014
838,0.9999788709314353
839,0.9678824866615149
840,0.9999853359971221
841,0.9112526511901263
842,0.9996942774067994
843,0.9997342718308804
844,0.9999908342063886
845,0.9996143422196974
846,0.9931595150727743
847,0.9999806058207157
848,0.9999662502282994
849,0.9957450758606486
850,0.3874736857933626
851,0.9999663170881421
852,0.9842062973564186
853,0.9998169537600552
854,0.017453359755445517
855,0.9993374368609806
856,0.9999864530629575
857,0.9880175171876532
858,0.9998775520021531
859,0.999516285472031
860,0.9996849234478835
861,0.9974047426394245
862,0.9981816449798476
863,0.9987034922677406
864,0.9840447709228629
865,0.09938270000846311
866,0.9996224183876612
867,0.9997630860550055
868,0.9676149877866875
869,0.9854961968807291
870,0.9980426447285914
871,0.9993374368609806
872,0.998163908348819
873,0.9996862578792821
874,0.9775880361345121
875,0.9999308318770371
876,0.9857046363144384
877,0.9999347673135565
878,0.9962787110763737
879,0.9981052249367026
880,0.9993236668015617
881,0.9625650978003151
882,0.9996776496422539
883,0.999610056660015
884,0.98906236033048
885,0.9128960676746152
886,0.9998503381382768
887,0.5598193609304705
888,0.9916530416221994
889,0.9995194746664993
890,0.9999490488665496
891,0.9990092573300854
892,0.9961314099280956
893,0.6674751671440546
894,0.9998889301816524
895,0.999064277896011
896,0.9667731065973637
897,0.9887473500942151
898,0.9987251542287752
899,0.46759284791097683
900,0.9989210407571336
901,0.9995976475210535
902,0.99772304073946
903,0.9950905708709374
904,0.998948499661433
905,0.999996113559926
906,0.9943163472368243
907,0.9999848675568863
908,0.9999613616722648
909,0.9841997812215307
910,0.9962970680361937
911,0.9351129823861861
912,0.9999607597527735
913,0.9998613734294173
914,0.9999414406910507
915,0.996567242476667
916,0.996610949860805
917,0.9991540281680444
918,0.9992160669149692
919,0.9994489652008809
920,0.9998580445529835
921,0.9759482992794404
922,0.996911404564379
923,0.9824115529980523
924,0.8688537776590907
925,0.9895549379419692
926,0.9789096636445879
927,0.9999035344258645
928,0.9952223529973075
929,0.9989849476930686
930,0.9999823496745802
931,0.9997490100484216
932,0.9999570237163523
933,0.9743045580464869
934,0.9999527635659289
935,0.999778341284392
936,0.9988151189358688
937,0.9999017841898771
938,0.9999865368426781
939,0.9999848214538214
940,0.9983840573803094
941,0.9997924895368063
942,0.999991747386519
943,0.7548406334464661
944,0.998948499661433
945,0.9971978547686882
946,0.9982545486011598
947,0.9997480393632835
948,0.8972935905807654
949,0.9999041418903227
950,0.9523612199396022
951,0.9987939641824107
952,0.9373083579088434
953,0.9963178662608436
954,0.9991729385769706
955,0.9600393328402229
956,0.22116420305975334
957,0.9995822711065461
958,0.9977449113350673
959,0.6509274243572261
960,0.9999623483777075
961,0.970641959589679
962,0.9997097117804054
963,0.9988998780489887
964,0.9966329267604185
965,0.9999171431737783
966,0.2504804190644346
967,0.9997012028469401
968,0.7710468933172058
969,0.9880961669493341
970,0.9725772339413108
971,0.9971282914614538
972,0.9999634847630386
973,0.9999877742103526
974,0.999950730703935
975,0.9988320847765892
976,0.9992414324535539
977,0.9997418119601426
978,0.988395860669854
979,0.9872518971047124
980,0.7356377407146547
981,0.9996952988010609
982,0.9996344462487894
983,0.9999985928239896
984,0.005432239721862379
985,0.9993103413746982
986,0.9990451755742238
987,0.9999950878476825
988,0.9777487401374385
989,0.9890245513424498
990,0.9866807129055465
991,0.08137823266553972
992,0.9937225261060427
993,0.9999797202134292
994,0.9998238027209212
995,0.9989862975653976
996,0.9997806127741863
997,0.7152206488178222
998,0.9990301509705192
999,0.999808488317984
1000,0.9979497512155621
1001,0.9997639486268876
1002,0.9978355583386741
1003,0.9893859990356075
1004,0.9990246385179757
1005,0.9871796499441503
1006,0.9993458130746634
1007,0.9996273915551765
1008,0.9999804623876494
1009,0.9999680590904436
1010,0.9994508400600227
1011,0.9999406977419909
1012,0.9890174505726781
1013,0.9994260336245281
1014,0.9972122981687966
1015,0.9997980079265752
1016,0.9999705715790275
1017,0.5327954527756549
1018,0.9942595541089713
1019,0.9801750063882425
1020,0.9998827334418099
1021,0.9999822319198266
1022,0.9928143360936812
1023,0.9934361696311026
1024,0.9917382953324168
1025,0.6860965861760102
1026,0.9699888813173978
1027,0.9969266505906333
1028,0.965772029398162
1029,0.9999849799026236
1030,0.9999563099281709
1031,0.9898740724849664
1032,0.9999851678763931
1033,0.9999582278861114
1034,0.9993235037445156
1035,0.999892978776582
1036,0.9999889260786523
1037,0.9995998950029683
1038,0.9884315951263193
1039,0.9989623867002739
1040,0.9940811041375708
1041,0.997282938876544
1042,0.9988348448493876
1043,0.8773592935120222
1044,0.947266207044885
1045,0.9346314442351397
1046,0.9994852926778841
1047,0.9999704769462052
1048,0.9996423246442963
1049,0.9732066701435437
1050,0.9982742423846805
1051,0.9996196130584564
1052,0.9999471446750836
1053,0.9998808797581091
1054,0.8954965132546854
1055,0.9999539963934644
1056,0.9996356549515465
1057,0.9987366639122734
1058,0.9998684287329308
1059,0.999785074694181
1060,0.9997671580387891
1061,0.932250408085046
1062,0.9993094359709761
1063,0.8001954280104893
1064,0.9993087964855707
1065,0.9999795937019754
1066,0.9984251730630165
1067,0.9999627339011651
1068,0.9905276128792639
1069,0.9999302371160828
1070,0.9998076486313291
1071,0.9674123294236756
1072,0.9992502382385032
1073,0.9698040280724061
1074,0.9883057717197822
1075,0.9999830811247272
1076,0.9997568678440135
1077,0.9960562135808582
1078,0.9962576613802312
1079,0.997429389879907
1080,0.7529208256776889
1081,0.9999984818819526
1082,0.9999405557518655
1083,0.9999868432466817
1084,0.9996004836667938
1085,0.998024921774009
1086,0.9999722167020298
1087,0.9878156518528313
1088,0.991251457399591
1089,0.9995294122720639
1090,0.9999794570161417
1091,0.9981877035601797
1092,0.9989373657304416
1093,0.99452773172978
1094,0.9987206976603854
1095,0.9999979640613753
1096,0.9994133312959778
1097,0.9955856416440392
1098,0.999925162813988
1099,0.999531805225496
1100,0.9998204130031236
1101,0.9998731052368952
1102,0.9903255036752378
1103,0.9998912363192328
1104,0.7374221719430206
1105,0.9986948651134123
1106,0.9999888758462331
1107,0.9994639197111511
1108,0.9916902375622599
1109,0.9997274027077219
1110,0.9983690856455545
1111,0.9994767490629684
1112,0.993231188419935
1113,0.9998086634319948
1114,0.9876447904955522
1115,0.9872564699787088
1116,0.9997841405258475
1117,0.9992934106686826
1118,0.9340970116325173
1119,0.834050922871454
1120,0.999523788754491
1121,0.9953000484744001
1122,0.992214468434812
1123,0.9905444945535503
1124,0.9061348640652042
1125,0.9985080759552174
1126,0.9893289862176381
1127,0.9994440760352391
1128,0.999754836817606
1129,0.9999854169987106
1130,0.9998481113646113
1131,0.9443132084544518
1132,0.9938922639632609
1133,0.9999775466310085
1134,0.9989845770507654
1135,0.6526653417144641
1136,0.965576725102589
1137,0.9983538851395801
1138,0.9999802859321385
1139,0.9976959165419629
1140,0.9987313049384965
1141,0.9994080031641018
1142,0.9889650525507485
1143,0.9964048767076931
1144,0.9975310804310707
1145,0.9971756883742853
1146,0.9999444349096305
1147,0.9999025236700307
1148,0.9999733657410034
1149,0.9994612005247344
1150,0.9995981571333915
1151,0.9999717584531925
1152,0.9999356063388593
1153,0.9999721933731569
1154,0.3922429146780424
1155,0.9999860972893891
1156,0.9998558634797593
1157,0.9631874693850925
1158,0.9786775146588346
1159,0.9992708388647653
1160,0.9369688280003602
1161,0.9996428588125649
1162,0.998588246187154
1163,0.9875627571427401
1164,0.9999801516719201
1165,0.9996318823014121
1166,0.9546360998642888
1167,0.9992330531714594
1168,0.9999848534340391
1169,0.992066805679504
1170,0.6001821169881233
1171,0.9984419331795373
1172,0.9824210641653376
1173,0.9956672611799506
1174,0.9978898584669855
1175,0.9962330495649871
1176,0.999507527513386
1177,0.999722282009959
1178,0.9996469226188277
1179,0.9944897515572625
1180,0.34473765241314797
1181,0.8456901562831808
1182,0.9883277459283961
1183,0.9957798496388509
1184,0.9999302655796848
1185,0.9999623495456091
1186,0.9853340156004081
1187,0.9996021584873276
1188,0.3669792376124227
1189,0.9961724980292104
1190,0.9997503449885622
1191,0.9999684220704641
1192,0.9998377802337978
1193,0.9999026203413686
1194,0.9976914771833495
1195,0.9999526211215186
1196,0.9980464862964993
1197,0.9998188216781301
1198,0.9999552564915161
1199,0.999968384293106
1200,0.9998838496445283
1201,0.9996562555082502
1202,0.9999967457689584
1203,0.9998082720858276
1204,0.9860716664570166
1205,0.9999837231553761
1206,0.9999800988134959
1207,0.9906727120867388
1208,0.9999815826868682
1209,0.9464555897973919
1210,0.9818218386094527
1211,0.9963135520914553
1212,0.9994578843166485
1213,0.945880217863827
1214,0.9928830177889455
1215,0.9999746970085313
1216,0.9737497630981881
1217,0.9782020948965215
1218,0.9999881666809918
1219,0.9972480793585178
1220,0.9297500539582678
1221,0.9995434040093027
1222,0.9973792306234767
1223,0.9987085099690935
1224,0.9984806325111719
1225,0.9999625862486874
1226,0.999859305626298
1227,0.9894416300901752
1228,0.9906081803533413
1229,0.9961088058390665
1230,0.9998139399332568
1231,0.9926208593809365
1232,0.9998107496508177
1233,0.99997221236785
1234,0.9999416485298509
1235,0.9958594749295449
1236,0.9999648815462435
1237,0.9985438487330474
1238,0.9868991974655017
1239,0.9999727177490878
1240,0.9970922134781255
1241,0.9986023909978214
1242,0.9983848038438835
1243,0.9994044760475013
1244,0.9999531631336409
1245,0.9997173378225105
1246,0.9328131660132716
1247,0.998037899214634
1248,0.9998732055442672
1249,0.9991029540706775
1250,0.9999781556026116
1251,0.9862048993346516
1252,0.9727527271467462
1253,0.9997594287831154
1254,0.999715198284203
1255,0.9979441132121025
1256,0.9998981139073047
1257,0.9140467283350326
1258,0.9995170202666257
1259,0.9985124830676706
1260,0.999997661371938
1261,0.9999728986569552
1262,0.9329808679876226
1263,0.9988545371616868
1264,0.9980674140493179
1265,0.9996909798401735
1266,0.999908231796316
1267,0.9994850522844778
1268,0.9999328766237124
1269,0.9977709975894681
1270,0.9999215060004689
1271,0.9836086790165507
1272,0.9998548070083132
1273,0.9999548746962728
1274,0.9932610609080281
1275,0.9961296455446627
1276,0.9996537129234327
1277,0.9930474742437
1278,0.9992896293651206
1279,0.9970126250136053
1280,0.9955431010346633
1281,0.9991556412659297
1282,0.9596597553919516
1283,0.933173441195675
1284,0.9999191819920826
1285,0.9995637815121478
1286,0.9999946106442377
1287,0.8925374632751231
1288,0.9999528456691681
1289,0.8959454018690486
1290,0.9999635343248159
1291,0.990196925673639
1292,0.9975789199139226
1293,0.9978428239667507
1294,0.999489052025235
1295,0.9989849476930686
1296,0.9988914770044504
1297,0.9994685995708089
1298,0.9990926495790083
1299,0.9872694390313561
1300,0.3538245311342481
1301,0.9975890953326847
1302,0.999822771737204
1303,0.9997015450730836
1304,0.9993309947346669
1305,0.8744445554138515
1306,0.9999467898746104
1307,0.9999785567773826
1308,0.9999885030696158
1309,0.9997834797990762
1310,0.9998409156482965
1311,0.9656988002336239
1312,0.9991739411840609
1313,0.9502444956009188
1314,0.9971686331987705
1315,0.9942175202353708
1316,0.9942439409008473
1317,0.999497497710828
1318,0.9998256830381468
1319,0.9976979275913427
1320,0.9924208734488026
1321,0.9876604299932735
1322,0.9999857243026253
1323,0.9999583644045099
1324,0.9996312427658789
1325,0.9997924814368279
1326,0.9880023869622081
1327,0.9780108094286737
1328,0.9976710459312325
1329,0.9998296067021496
1330,0.998919198439663
1331,0.9997927427515421
1332,0.9997716211380803
1333,0.99702173518012
1334,0.9991762929023049
1335,0.9943809764676771
1336,0.999418586789851
1337,0.999850916015736
1338,0.9999467165226034
1339,0.14129982759795123
1340,0.9999757667604449
1341,0.9921811400838267
1342,0.9907721642810615
1343,0.9991513429169904
1344,0.9993598673200954
1345,0.9999166947010593
1346,0.9836668238443095
1347,0.9999406671159732
1348,0.9913940099138935
1349,0.9994957667227445
1350,0.9997145680778614
1351,0.9997135960113722
1352,0.9997596356682308
1353,0.9825985284361081
1354,0.9999540588001807
1355,0.9958836363879742
1356,0.9993578174601762
1357,0.9095151058371487
1358,0.9693791083414471
1359,0.011795528982635584
1360,0.4379520355334915
1361,0.9980584437713528
1362,0.9961423708939224
1363,0.9996127171528436
1364,0.9911205226319633
1365,0.9992843430802939
1366,0.9227798161671579
1367,0.9999730738398581
1368,0.9984093174134636
1369,0.9994778279048196
1370,0.9843052880705266
1371,0.9984305228237644
1372,0.9977895183358577
1373,0.9997412686377009
1374,0.9981097857791058
1375,0.999999175923087
1376,0.9891616279885311
1377,0.9997400335175001
1378,0.9998784442274422
1379,0.9831104813621595
1380,0.9989211997351077
1381,0.9991693738841609
1382,0.9991953994519983
1383,0.9999844067674026
1384,0.9997835442959534
1385,0.9991008022574533
1386,0.9999759847456413
1387,0.9824130084578797
1388,0.9621110188136598
1389,0.9999022250832535
1390,0.9999371568443992
1391,0.0321004256468079
1392,0.9979206781578238
1393,0.9573355169176039
1394,0.9964940040412298
1395,0.9776831648226187
1396,0.9992094458205701
1397,0.9957276091958037
1398,0.9999790410270404
1399,0.9950555776978341
1400,0.9989655554559691
1401,0.999898895001971
1402,0.9974749987130872
1403,0.9983698573696996
1404,0.9968182441160378
1405,0.9950650070750776
1406,0.9975837476433944
1407,0.9965739785156045
1408,0.999087896311965
1409,0.9987270196984844
1410,0.9948535018372356
1411,0.9970149821187989
1412,0.9993081740496608
1413,0.048255119414891134
1414,0.9500181219870192
1415,0.9126673706804326
1416,0.9987574517990895
1417,0.9951709944514063
1418,0.9990558601100793
1419,0.9999916292252372
1420,0.9820976404139913
1421,0.9998004576900013
1422,0.9999840356055144
1423,0.9935423248172793
1424,0.9988881714478057
1425,0.9999530878108723
1426,0.9894169976641317
1427,0.9999429548811639
1428,0.9790455328662163
1429,0.28114941755662914
1430,0.9997248878323354
1431,0.9863849301589386
1432,0.9995960824253664
1433,0.828920280594908
1434,0.7218862887030504
1435,0.9055008331682434
1436,0.9998713054031654
1437,0.9998845563540514
1438,0.9984328146866874
1439,0.9983752812970973
1440,0.9801961530136223
1441,0.9999236525883717
1442,0.9983037980121673
1443,0.9999333229021677
1444,0.9995404293507509
1445,0.9999380899991647
1446,0.9999687624015262
1447,0.9991678342032755
1448,0.9941291421147123
1449,0.9988318960421103
1450,0.9993457899570353
1451,0.997272685182494
1452,0.9998144567355562
1453,0.9999959196602368
1454,0.9998680771145232
1455,0.9778482638541789
1456,0.9997291250128325
1457,0.9985598824269977
1458,0.9999786146981919
1459,0.9956725974588582
1460,0.9982169396700012
1461,0.9999502880294373
1462,0.16219853006655816
1463,0.9999972652781384
1464,0.8828618239873754
1465,0.9998577857207672
1466,0.9993474272425376
1467,0.9824860531031689
1468,0.9999956838182673
1469,0.9966851720799312
1470,0.9998842532350407
1471,0.9996201316682606
1472,0.9983767489008039
1473,0.994674457825401
1474,0.999998223422735
1475,0.999987132796504
1476,0.9988954055984436
1477,0.9704108289895983
1478,0.996694546444173
1479,0.99019925930415
1480,0.9987055163423983
1481,0.9754422260450354
1482,0.6222526924569795
1483,0.9997986728623592
1484,0.9994696207673821
1485,0.9979298400384635
1486,0.9982527707222553
1487,0.9992202344342057
1488,0.9991001819513192
1489,0.9999622926931326
1490,0.9998479423016982
1491,0.9999982982224954
1492,0.9991958625927773
1493,0.9934734807669791
1494,0.943109818164365
1495,0.9945328861708863
1496,0.9999811177859106
1497,0.9998686435640111
1498,0.995466322821459
1499,0.9999751737927924
1500,0.9999757659209073
1501,0.9997070846934717
1502,0.38110843101717984
1503,0.9967108635662723
1504,0.9985564071581778
1505,0.9989396373674151
1506,0.9885526031679206
1507,0.9994940598488145
1508,0.8429040189186537
1509,0.9993223578566379
1510,0.9998881138898488
1511,0.9973655759188067
1512,0.9999950797807176
1513,0.9933147794955031
1514,0.9998106032778351
1515,0.24023816241913723
1516,0.986496970041587
1517,0.31565635380975027
1518,0.9994946335074881
1519,0.9966990879261877
1520,0.9995996169370049
1521,0.9952553173373885
1522,0.9995447255925629
1523,0.9956981641689728
1524,0.9984753879360936
1525,0.9998105817549898
1526,0.9986367676543265
1527,0.9965375791871692
1528,0.9984255846543862
1529,0.9991213374795955
1530,0.994101836387986
1531,0.9991370281526921
1532,0.9997027847232395
1533,0.9966579153849736
1534,0.9999693825291451
1535,0.9999917603944669
1536,0.98652529684254
1537,0.9998955520289364
1538,0.9999705614969999
1539,0.9994608944629157
1540,0.9972873906799131
1541,0.9999867075952726
1542,0.9984719942052009
1543,0.9795553286241915
1544,0.9964751841944243
1545,0.9999703121757597
1546,0.9998838895909025
1547,0.9987143512999014
1548,0.9999577106816119
1549,0.999958141890135
1550,0.9999736091594279
1551,0.9986104182643152
1552,0.9999306393247275
1553,0.9999555248621738
1554,0.9999752294010591
1555,0.9998520729369891
1556,0.9988250817237593
1557,0.9922521675112418
1558,0.9999483118372484
1559,0.9995510361080636
1560,0.8830462923146002
1561,0.9916594263327796
1562,0.7172951285043774
1563,0.5191290116353634
1564,0.9996559918895309
1565,0.9977906488235093
1566,0.9996797680095258
1567,0.9998794906287584
1568,0.6522666178822564
1569,0.9997267951190627
1570,0.9996865000520277
1571,0.8605632735876868
1572,0.9996961350316932
1573,0.09944489701361874
1574,0.9999870676008478
1575,0.9964422961618097
1576,0.9935601950866402
1577,0.999953313933545
1578,0.6522666178822565
1579,0.9996108171652391
1580,0.7964555586310308
1581,0.9999833642751866
1582,0.9996697825976983
1583,0.9981307701113977
1584,0.9999264735974849
1585,0.978588889522539
1586,0.9198111823431383
1587,0.994345926233263
1588,0.9974615824531186
1589,0.9990667518741376
1590,0.9999746148548837
1591,0.9999702233297864
1592,0.9999818566205877
1593,0.9945808961332541
1594,0.9990017616648832
1595,0.3947602386690858
1596,0.9964706453032208
1597,0.999968124444687
1598,0.9997137619818252
1599,0.017312197090437152
1600,0.9966818547129569
1601,0.9990386338342857
1602,0.999013588327222
1603,0.994968304584763
1604,0.9993487904886513
1605,0.9878827474694304
1606,0.995949940572124
1607,0.9909256900729856
1608,0.959931279355891
1609,0.9371376957881539
1610,0.9192639667112539
1611,0.9999888064575597
1612,0.9997006811464297
1613,0.9994848140973253
1614,0.8751186756681709
1615,0.9990046734966405
1616,0.9994459980218972
1617,0.656015329166089
1618,0.9991380392870443
1619,0.998433536869374
1620,0.9994474113323695
1621,0.9945505127782127
1622,0.8308439600210313
1623,0.9958223222962401
1624,0.9999352450740551
1625,0.9942384369031303
1626,0.9997754408597042
1627,0.6100279779350956
1628,0.9912105063460084
1629,0.9983538851395801
1630,0.999953816834354
1631,0.9999832238492613
1632,0.9994745892564219
1633,0.9732069567843019
1634,0.999560486473616
1635,0.9945882484004518
1636,0.9980246265618818
1637,0.9986366154861132
1638,0.9810923409820427
1639,0.6670004435374526
1640,0.9995543173205459
1641,0.9999674555711259
1642,0.8229139988351329
1643,0.9998281841992067
1644,0.9999229931294472
1645,0.9197950036277308
1646,0.9972341861517071
1647,0.9999627110587331
1648,0.9982139974697111
1649,0.9990320752289702
1650,0.9991656678296179
1651,0.9896667954142055
1652,0.9997462967211914
1653,0.9997789898417989
1654,0.9999563154269254
1655,0.9993843849929246
1656,0.9995057692206033
1657,0.9996243027952602
1658,0.9977720296338131
1659,0.9561378786656293
1660,0.9999057576438383
1661,0.9997304149592886
1662,0.9999272490121934
1663,0.9995633296721401
1664,0.9999940657793372
1665,0.8706642438617895
1666,0.9961455584363889
1667,0.820445146380271
1668,0.9998786913232677
1669,0.99995766009001
1670,0.9999408580911293
1671,0.36649428855353156
1672,0.9968181115269391
1673,0.999038147207056
1674,0.998675414514775
1675,0.013250493242770013
1676,0.6487897167867049
1677,0.9978896879886793
1678,0.9985874256555711
1679,0.9961382404419243
1680,0.9999647435034711
1681,0.9997784899299311
1682,0.9926885329380689
1683,0.9980899064681343
1684,0.9971375570942359
1685,0.999986899645409
1686,0.9999905436944745
1687,0.9734569724096701
1688,0.9989242894263174
1689,0.9974966252537941
1690,0.9961826172339104
1691,0.9760634378494413
1692,0.9999265045118898
1693,0.99996936521368
1694,0.8754114227185181
1695,0.9992931474290043
1696,0.9935097236289843
1697,0.9706631063473578
1698,0.9929277233062505
1699,0.9939673871654433
1700,0.9987199873741204
1701,0.999586639885264
1702,0.9999650269651413
1703,0.9326074773709432
1704,0.9869567177287679
1705,0.9993653142534584
1706,0.9566840883397335
1707,0.9998451085236935
1708,0.999291391245112
1709,0.9998345144219742
1710,0.9999462009868033
1711,0.9994901554387801
1712,0.9999160628323158
1713,0.8459966383090357
1714,0.9997164503676099
1715,0.99970449192253
1716,0.9999487683525804
1717,0.6164462623793889
1718,0.4723162190037923
1719,0.9996294191100281
1720,0.9597978926880999
1721,0.9983023560195311
1722,0.9999860723273262
1723,0.9999920017370821
1724,0.9998850567799197
1725,0.9998449470881796
1726,0.9994065048145311
1727,0.9998799456912998
1728,0.9989821451772143
1729,0.9995543034276123
1730,0.9977512480373613
1731,0.9786934079547249
1732,0.9902402859886565
1733,0.9999245441019632
1734,0.9995293769009319
1735,0.9993992024233187
1736,0.9978830852119995
1737,0.99999022091986145
1738,0.9999938116541752
1739,0.9645272325752569
1740,0.9996231507331452
1741,0.9896954516443798
1742,0.9994728811151502
1743,0.9991341933405649
1744,0.998579657130892
1745,0.9990625327368636
1746,0.9998888967279813
1747,0.9279172046772333
1748,0.9991099333144109
1749,0.9999843070752674
1750,0.9980994879768691
1751,0.9975517717483241
1752,0.9994250352196156
1753,0.9997285055736027
1754,0.9999297088771265
1755,0.9997371378823661
1756,0.9993835687271141
1757,0.9997908145623845
1758,0.9977431127269157
1759,0.9999872196800148
1760,0.998710598719476
1761,0.7926326439301246
1762,0.931064012516835
1763,0.9983197654382062
1764,0.999804888861926
1765,0.9993292496788833
1766,0.9990972669373577
1767,0.9997202764590327
1768,0.9240680100698833
1769,0.832393212268172
1770,0.9995776659592598
1771,0.9947501654769682
1772,0.9999940625760314
1773,0.9947429679218882
1774,0.9651014796474988
1775,0.9994810726373038
1776,0.9844581186643935
1777,0.9985448920772518
1778,0.9917255705472765
1779,0.9998509275144126
1780,0.9408394767465993
1781,0.9933044623517364
1782,0.9275832151869785
1783,0.998225590448205
1784,0.9960856447675933
1785,0.9959611325544335
1786,0.9950500957011265
1787,0.9880447776342686
1788,0.9242724121961471
1789,0.9995965018646704
1790,0.9999661217141782
1791,0.7082476495531038
1792,0.9999693154024262
1793,0.9999334154687183
1794,0.9202084476008322
1795,0.9997812789643822
1796,0.8671367679879185
1797,0.9976825807950664
1798,0.9999515955122648
1799,0.9999870592596968
1800,0.9998200120988576
1801,0.9999775504646821
1802,0.9995568328121702
1803,0.9700849965221146
1804,0.9686628952319029
1805,0.8688255154730874
1806,0.8971978075819882
1807,0.9999802107630885
1808,0.9988778390859108
1809,0.9999939697421695
1810,0.9992613440711436
1811,0.999969188516876
1812,0.9999398859725127
1813,0.342301501154634
1814,0.4712220319028398
1815,0.9985675146503193
1816,0.9990017056947176
1817,0.9675068554970135
1818,0.9989686000575745
1819,0.9797289002863556
1820,0.9995083387280772
1821,0.999980407177556
1822,0.9980272959824634
1823,0.9999776949568265
1824,0.8780735965840233
1825,0.9999900788780118
1826,0.9920816192637224
1827,0.9995671163841651
1828,0.9998851501479904
1829,0.9998978441981776
1830,0.97060426412414
1831,0.999912218070534
1832,0.9999160490224307
1833,0.9861312470219468
1834,0.9973783585039732
1835,0.9941970093515685
1836,0.9999108893994292
1837,0.9998479685308655
1838,0.5313926245321632
1839,0.999877331476977
1840,0.9901978179718537
1841,0.8399695269475529
1842,0.9997822499000276
1843,0.9999566447256827
1844,0.9372311394380158
1845,0.9982381234710277
1846,0.9999368998755241
1847,0.9997882992864365
1848,0.9999848331702886
1849,0.9999686248128467
1850,0.9999555250533263
1851,0.8851075068497248
1852,0.999984641616294
1853,0.9373083579088434
1854,0.9963070396523882
1855,0.9871580678420024
1856,0.9999883926719362
1857,0.999792170032616
1858,0.22105302674429603
1859,0.9995512431611117
1860,0.7709078248114838
1861,0.9988055282672937
1862,0.999997811463414
1863,0.9904731252542298
1864,0.989892076385017
1865,0.9978270441322924
1866,0.9998466233143068
1867,0.9999411952638863
1868,0.999890478434421
1869,0.9508736146316044
1870,0.9830897264604598
1871,0.999978286451413
1872,0.9975907978411802
1873,0.5199658591983916
1874,0.8172599912798734
1875,0.7275068832047223
1876,0.9999610564289059
1877,0.9999938041372426
1878,0.9803597466958233
1879,0.999088104380508
1880,0.9999417189388139
1881,0.999938399364982
1882,0.9999250775329758
1883,0.3851023280069372
1884,0.8802768419428328
1885,0.94414371484043
1886,0.9581675221974436
1887,0.9979635128605155
1888,0.9835292365165462
1889,0.9999789760122879
1890,0.9999756416022065
1891,0.9930223566258926
1892,0.9999773616658373
1893,0.999847232618987
1894,0.9999537547238164
1895,0.9999024784422609
1896,0.9992389838241842
1897,0.9992521604121837
1898,0.9961487787311136
1899,0.9282687297572593
1900,0.988618297785771
1901,0.8627601734537063
1902,0.9999458388323034
1903,0.9981232976444053
1904,0.9999430669134882
1905,0.9754683093095933
1906,0.9999156777726712
1907,0.9999426686802171
1908,0.5777457780085044
1909,0.9956121353282807
1910,0.9995047335730668
1911,0.9999817329534936
1912,0.9999748057936598
1913,0.9927327371060828
1914,0.9996127717234333
1915,0.9982982468448196
1916,0.9996637698111356
1917,0.9998813575790367
1918,0.9999795382148281
1919,0.9036719704377811
1920,0.998849892045319
1921,0.9696534881552024
1922,0.9819760166104694
1923,0.9998478395354312
1924,0.9917968192720327
1925,0.9999756717089185
1926,0.7135488414354079
1927,0.9999772903650913
1928,0.9998188064806142
1929,0.9999587269772086
1930,0.9614408788196529
1931,0.9966129485105035
1932,0.38485282787239944
1933,0.9999180556539973
1934,0.9966547921108171
1935,0.9985514198327341
1936,0.9999261739926735
1937,0.9996291599888107
1938,0.9867395716397195
1939,0.9976254232154762
1940,0.9922066633215454
1941,0.9996100980436053
1942,0.9997713846399755
1943,0.9377585523422424
1944,0.9825985284361081
1945,0.8324379760856062
1946,0.9998092529078897
1947,0.8213002293310003
1948,0.998595880638371
1949,0.9999719427579228
1950,0.9990586708946018
1951,0.9957617999586176
1952,0.9993700819166819
1953,0.9992245736331526
1954,0.9993439874444672
1955,0.9994826361946494
1956,0.9993997173982506
1957,0.6435977738530403
1958,0.9999975578227185
1959,0.999935772035223
1960,0.9995375906521311
1961,0.9985675057945823
1962,0.9999637914682499
1963,0.9460076113676098
1964,0.9999768116572203
1965,0.9999649869228621
1966,0.9973877568484161
1967,0.9998937363040555
1968,0.7034301585046705
1969,0.9142181189763576
1970,0.9994824290390925
1971,0.2356491858176018
1972,0.9999975192748591
1973,0.9996806201278408
1974,0.999928079891365
1975,0.9989713038526387
1976,0.9993776034461648
1977,0.9937601203633853
1978,0.9919449205668533
1979,0.9999840584123756
1980,0.999840460839146
1981,0.9999967725029272
1982,0.9980064575970186
1983,0.6209577939200528
1984,0.9984882055728409
1985,0.9998834247122057
1986,0.9992859623848455
1987,0.7860419478297298
1988,0.99891950227518
1989,0.999744601657801
1990,0.9701042232485725
1991,0.9920414253517115
1992,0.999874610840867
1993,0.999968417705747
1994,0.9737975199874493
1995,0.9985066269571901
1996,0.9994429905244839
1997,0.9999865698400439
1998,0.999968014194449
1999,0.9890837165361067
2000,0.997920402511348
2001,0.9871701165370711
2002,0.9995789720823757
2003,0.9937060772153169
2004,0.9999186583897984
2005,0.9985874107788296
2006,0.9989726118675374
2007,0.9987273241655937
2008,0.8851937824347293
2009,0.9981121429197092
2010,0.9460540511317761
2011,0.998613987350741
2012,0.9998331245010902
2013,0.9991384259222774
2014,0.9956164719192643
2015,0.9978295024025015
2016,0.9944071436750074
2017,0.9999796359812476
2018,0.9986790349610568
2019,0.9996795312938703
2020,0.9965116114372177
2021,0.9996195030803509
2022,0.9107607840039351
2023,0.9973787632888079
2024,0.9887511755401359
2025,0.9993293299628179
2026,0.9936291923801669
2027,0.9998458548166167
2028,0.9999010215508739
2029,0.9999278925910098
2030,0.8305333082469216
2031,0.995752652639452
2032,0.9997184019568802
2033,0.9999257639775191
2034,0.9070898872476069
2035,0.9763492918689689
2036,0.9999616537845831
2037,0.9962422778674646
2038,0.9310621143186566
2039,0.9999068669399035
2040,0.9997284044224483
2041,0.9999083067201778
2042,0.9670925568520006
2043,0.9984424583226256
2044,0.40553027547373083
2045,0.9994364065611503
2046,0.9921798106602252
2047,0.9976460778219297
2048,0.9858177035318392
2049,0.9992777415881247
2050,0.9998533806271501
2051,0.9999079496504831
2052,0.33482307766938674
2053,0.9967099648789743
2054,0.9998895621394523
2055,0.960779175527811
2056,0.8808336695583725
2057,0.9787063958907474
2058,0.9999361663510808
2059,0.9928489330949273
2060,0.9264251541163746
2061,0.9993156512342023
2062,0.9968809066722899
2063,0.9999221766637281
2064,0.9998719900570932
2065,0.9943719190834187
2066,0.9966595344228738
2067,0.906829456638498
2068,0.9980750957104934
2069,0.9998918814178301
2070,0.9999877312596904
2071,0.9999468051330934
2072,0.999966039116395
2073,0.999906229948275
2074,0.9998891563245971
2075,0.5674884279102012
2076,0.9978318804871479
2077,0.9991633899292214
2078,0.9938133762953005
2079,0.9819791730666011
2080,0.9999981557251145
2081,0.9980562890177639
2082,0.9995221907290655
2083,0.9975363266357712
2084,0.9510536815166194
2085,0.9999140348717982
2086,0.9998221849362072
2087,0.996295587994536
2088,0.9997221543949626
2089,0.9713918886218763
2090,0.998938876572424
2091,0.9975618364700863
2092,0.9999356972073103
2093,0.9932148467279063
2094,0.9996551868919724
2095,0.9898155163524209
2096,0.9999693307600568
2097,0.9961276838140116
2098,0.524477181219046
2099,0.9997307527494466
2100,0.9994624413128386
2101,0.9989052385498359
2102,0.9996203256719789
2103,0.9998691842420845
2104,0.9999551537134432
2105,0.9953034373093109
2106,0.9949487207921252
2107,0.9982680303094937
2108,0.9839320977701412
2109,0.9465971043146835
2110,0.999962827413603
2111,0.9999853236467836
2112,0.8773592935120222
2113,0.999953928209716
2114,0.9999029570599836
2115,0.9998789787833117
2116,0.9997327486009465
2117,0.978893354285168
2118,0.9970515271144541
2119,0.9998011303000092
2120,0.9968129501266273
2121,0.8932819265291382
2122,0.9895433674862976
2123,0.9997279018671781
2124,0.9999464257465724
2125,0.999991022674603
2126,0.9935887162661683
2127,0.9991805193798492
2128,0.9999662821248643
2129,0.9997163449464204
2130,0.999770885382089
2131,0.9999331199113333
2132,0.8740936246586296
2133,0.9990064305959228
2134,0.9997821016821263
2135,0.9977957389721462
2136,0.9996648027306667
2137,0.9999827495440164
2138,0.998393891525295
2139,0.9931560381172138
2140,0.9999760107648399
2141,0.9930721981266153
2142,0.9759569378873736
2143,0.9992219954002348
2144,0.9871171015714065
2145,0.9993106212809627
2146,0.8916925719003527
2147,0.9992373387058507
2148,0.9975556970845819
2149,0.999853991143794
2150,0.9999380863710773
2151,0.9479768709166155
2152,0.9956469741534059
2153,0.9994612709129668
2154,0.9943076011723861
2155,0.992212985587166
2156,0.9990790500710227
2157,0.9992368864131291
2158,0.9974329804779836
2159,0.9999666752795923
2160,0.9999351536019013
2161,0.9998978171397829
2162,0.8123152305236948
2163,0.9911983346590616
2164,0.9999735291686229
2165,0.9999729910467241
2166,0.8693636716891526
2167,0.9997475640779666
2168,0.9998247428651711
2169,0.9892342297469916
2170,0.9997970875381517
2171,0.8534052686172358
2172,0.9935643200099104
2173,0.9951112917576957
2174,0.9993947110107144
2175,0.9891596990261907
2176,0.9979703901578827
2177,0.9998307173733069
2178,0.9309649873535665
2179,0.9995958310707391
2180,0.9999717001149662
2181,0.9996027986182443
2182,0.9976868308180143
2183,0.9956288593331585
2184,0.9999520281521453
2185,0.9986565825285192
2186,0.9998351760426724
2187,0.9999715511346017
2188,0.9971193696622923
2189,0.999969358851021
2190,0.999980805354989
2191,0.993391271210858
2192,0.9980235886322927
2193,0.9994556428112522
2194,0.9997897074904055
2195,0.9991684563236767
2196,0.9977459569183459
2197,0.9789023477691123
2198,0.9998497459095725
2199,0.9976705897045197
2200,0.9999230626196786
2201,0.9654964533245759
2202,0.9989604711651588
2203,0.9999080649820519
2204,0.99940432050479
2205,0.9999866048697824
2206,0.8272530031815962
2207,0.9951528258920831
2208,0.9951700455656056
2209,0.9995079198051393
2210,0.9999711389790973
2211,0.9967802423722806
2212,0.9999881645704094
2213,0.962909370476328
2214,0.9944801722798318
2215,0.9854922206757334
2216,0.9999914769596285
2217,0.9961724980292104
2218,0.9997725060003503
2219,0.9910446126759127
2220,0.9978687520833851
2221,0.9999618752379202
2222,0.9943167174696497
2223,0.9989381796127882
2224,0.9996077710324025
2225,0.9999478709068746
2226,0.9991412139147
2227,0.9912702236166213
2228,0.9991974864444334
2229,0.9750495543283324
2230,0.9079271184183481
2231,0.999582928164697
2232,0.999989896518378
2233,0.49274749723421984
2234,0.971137369066239
2235,0.9996286611018007
2236,0.9994616882196539
2237,0.206530891916525
2238,0.9995453788507588
2239,0.9994422819784107
2240,0.49897571651925654
2241,0.9908211227741585
2242,0.9478018225977306
2243,0.9951728193560785
2244,0.9678039977586961
2245,0.9998604575450807
2246,0.9882688155860633
2247,0.9902644600461442
2248,0.9999872853325747
2249,0.9998175249319928
2250,0.9988527850154363
2251,0.9996236959823809
2252,0.9978883593913107
2253,0.9648851711013277
2254,0.9995664585887002
2255,0.9996887633045349
2256,0.5054699835904053
2257,0.9999193976036235
2258,0.36831847223891906
2259,0.9999924983988663
2260,0.9467577009483089
2261,0.9937072234172895
2262,0.998873985704633
2263,0.9993068948942644
2264,0.9992323891021552
2265,0.9698242088782058
2266,0.8520956916334824
2267,0.9845396492644334
2268,0.9960834245180804
2269,0.9385923921432181
2270,0.9997300481196939
2271,0.9998194367511338
2272,0.9785638021245158
2273,0.9998370795891673
2274,0.9992874703576022
2275,0.9849691151459994
2276,0.999899760745825
2277,0.9996390676135702
2278,0.9967253046204146
2279,0.9999784465954642
2280,0.9393481663918739
2281,0.9990034522931698
2282,0.9995440307945895
2283,0.9999658129684749
2284,0.9779700886851425
2285,0.9999348944881772
2286,0.9999941327871393
2287,0.9957049068698193
2288,0.9972059820214022
2289,0.9996326971593142
2290,0.9986210069456986
2291,0.9992800026194989
2292,0.997990725077095
2293,0.9985066215277508
2294,0.9995922731944232
2295,0.9999839803517047
2296,0.9986531179583871
2297,0.9997795354057012
2298,0.9860608600113873
2299,0.9881030404871646
2300,0.9989492071022482
2301,0.998422375196581
2302,0.9999281331709052
2303,0.999266050220054
2304,0.9999731062089106
2305,0.9997617940196062
2306,0.8261304370391624
2307,0.9828709299754592
2308,0.9900687096757602
2309,0.8881282415413725
2310,0.9994335738175529
2311,0.9999765567771237
2312,0.9999720326569738
2313,0.999370821420398
2314,0.9999932404489722
2315,0.9999647167288953
2316,0.9999784305000328
2317,0.9998829461514893
2318,0.9984476435621019
2319,0.9998998990338069
2320,0.9989846768843923
2321,0.999954759107319
2322,0.9994727882189753
2323,0.9981458591371384
2324,0.8444352135582157
2325,0.9999953929023887
2326,0.9993549267860221
2327,0.9996592186572977
2328,0.999214877329699
2329,0.8553460135929009
2330,0.9996433109106818
2331,0.9994416854557266
2332,0.999943246968898
2333,0.9998089761271224
2334,0.989629414048418
2335,0.44669332290674724
2336,0.8493560854386225
2337,0.9719478187711691
2338,0.8452673779476714
2339,0.999787039418682
2340,0.9006908473708968
2341,0.9837793684166437
2342,0.9539860904169996
2343,0.999283609058987
2344,0.9999532044692909
2345,0.99996447533201
2346,0.9935663380860661
2347,0.9999132302080762
2348,0.9909236392680166
2349,0.9740816627379103
2350,0.9998939442963256
2351,0.9998948614354183
2352,0.9975012467714717
2353,0.9995410665175433
2354,0.9983523706176852
2355,0.9521948268511886
2356,0.9969763991840849
2357,0.9579151149808959
2358,0.9300785298680543
2359,0.9990937842996649
2360,0.9996281999290986
2361,0.9115003203189783
2362,0.9998782323624464
2363,0.9969105834027553
2364,0.9993922804336463
2365,0.016632227133295915
2366,0.9998533283603843
2367,0.9996096719530911
2368,0.9999900373004593
2369,0.9930506109471894
2370,0.9978886299864539
2371,0.9999172329271988
2372,0.9652808582919515
2373,0.9996876128786394
2374,0.9999852554096964
2375,0.9374668005506773
2376,0.9986658863998129
2377,0.9991428846926669
2378,0.9999312234636522
2379,0.9997348137298874
2380,0.9998563651994864
2381,0.9970616420852125
2382,0.9998483966987214
2383,0.9532620983509691
2384,0.663342663810731
2385,0.9601419055353598
2386,0.29010334301751983
2387,0.9768754274753856
2388,0.9999118416766468
2389,0.9809776747593992
2390,0.999599218982422
2391,0.9998889273538528
2392,0.996061366615418
2393,0.9998601336162807
2394,0.9995178622847919
2395,0.999966225926683
2396,0.9991770565225757
2397,0.999866607520286
2398,0.9999297965196225
2399,0.9999022386824665
2400,0.9986617716902242
2401,0.9964421006890418
2402,0.9874135676676473
2403,0.9999699172912921
2404,0.9994620370991972
2405,0.9262342674069833
2406,0.3386803407908539
2407,0.9998664159749867
2408,0.0996933040007744
2409,0.9997853864863062
2410,0.9946593721033062
2411,0.9986222569317039
2412,0.9999401509916069
2413,0.9975319798377852
2414,0.9996164118188349
2415,0.9999397132026805
2416,0.9998519170567696
2417,0.9999929555084612
2418,0.9996058820862087
2419,0.9980840305013862
2420,0.9999203484011724
2421,0.9981042610726641
2422,0.999738214197358
2423,0.9988748171041735
2424,0.9993591052801325
2425,0.9998328815112245
2426,0.9984752051221641
2427,0.9998408969404821
2428,0.9999267862928436
2429,0.99505801440512
2430,0.733667863593184
2431,0.8960919595341716
2432,0.9992883869839191
2433,0.996774044281581
2434,0.9965533642374004
2435,0.9978156296224937
2436,0.9998416246870645
2437,0.9982959830866652
2438,0.9983594123979583
2439,0.9999968510443501
2440,0.9992596841110813
2441,0.9830642111582635
2442,0.994787337595242
2443,0.9998449456627928
2444,0.9863054339549892
2445,0.9992427238637686
2446,0.9999615043959063
2447,0.6187871154994278
2448,0.8892766317623504
2449,0.9999776799640382
2450,0.9999513633982781
2451,0.9994311565163719
2452,0.935295757444694
2453,0.9839013137622521
2454,0.9973304021278036
2455,0.9813605141853612
2456,0.9999720832362714
2457,0.7463837477906008
2458,0.9999637769709484
2459,0.9873957751385127
2460,0.9988108977427888
2461,0.9968495569518429
2462,0.9999776547746592
2463,0.9989611599574753
2464,0.9845600256460655
2465,0.9996324712770375
2466,0.9997155761248482
2467,0.9999678105150249
2468,0.99997800829572
2469,0.9991986970050443
2470,0.972910043306755
2471,0.99959527034352
2472,0.9937762805441065
2473,0.9996283780811182
2474,0.9978645794413857
2475,0.9999470894133379
2476,0.9851998413728107
2477,0.9975563696997449
2478,0.9987019132094872
2479,0.998251782281689
2480,0.9994867581649161
2481,0.9984473141512852
2482,0.999538536646573
2483,0.9998204265965782
2484,0.9971052406521195
2485,0.9998493710149315
2486,0.9999561062453954
2487,0.9996292762577828
2488,0.9993891515076851
2489,0.9182109676840282
2490,0.9991390938557128
2491,0.9991104789491766
2492,0.9956577387213243
2493,0.9990263496719178
2494,0.9979447985863865
2495,0.9947169014908146
2496,0.9996506050859835
2497,0.9515589037258894
2498,0.976675487669829
2499,0.9998085772894282
2500,0.9951076386237289
2501,0.9996652469596055
2502,0.9997582938801276
2503,0.9993634615751675
2504,0.9999768589086576
2505,0.989501070122703
2506,0.9943360387194118
2507,0.8448248271923621
2508,0.9986771782204816
2509,0.9936232826616093
2510,0.9999796321180411
2511,0.9999979352820523
2512,0.9988513082062117
2513,0.9021203728650758
2514,0.9999789820321422
2515,0.9999216157567115
2516,0.99222112556295206
2517,0.9610285723318956
2518,0.9992823050526298
2519,0.9996434004933162
2520,0.9895256511678894
2521,0.9630687035791484
2522,0.9860186575315687
2523,0.9999631747275141
2524,0.999508733740765
2525,0.9989121769180601
2526,0.9999415603854325
2527,0.999455244917783
2528,0.9996508209367139
2529,0.9991378842314973
2530,0.9916374725890611
2531,0.9999441575675473
2532,0.9999104254694798
2533,0.9638032255351007
2534,0.9999977596579442
2535,0.9999299312546952
2536,0.99996601696558
2537,0.9953553573560391
2538,0.9988748859470832
2539,0.9999618405610733
2540,0.9999596413121505
2541,0.9993933672218372
2542,0.850231519226119
2543,0.9991071956368188
2544,0.9983969894507564
2545,0.9983390017968772
2546,0.9982007466803718
2547,0.9973871505447166
2548,0.9034088221218078
2549,0.984975193474926
2550,0.9980171897369167
2551,0.977178680092867
2552,0.9999581710602252
2553,0.9387817911895089
2554,0.9996121185208435
2555,0.1382274478972259
2556,0.9986310097092946
2557,0.9995413192334852
2558,0.9738203917506463
2559,0.3960223699976313
2560,0.9988482578607574
2561,0.9897983493972711
2562,0.9990933248750197
2563,0.9932122475786436
2564,0.9745892848383307
2565,0.9999859117971415
2566,0.9997303034912878
2567,0.9986996073045681
2568,0.8688890465673765
2569,0.9993403001214504
2570,0.9999872388141651
2571,0.9970216750604018
2572,0.9500874142333565
2573,0.9968062766012098
2574,0.9820881061644015
2575,0.8757115552923167
2576,0.6884297054531499
2577,0.9997937894380188
2578,0.8480913157966811
2579,0.9999639658492976
2580,0.9981187211734708
2581,0.999888151701825
2582,0.9992474903466141
2583,0.9998229775332366
2584,0.9999780206344183
2585,0.9999920534812301
2586,0.935665154300645
2587,0.9999897445592354
2588,0.9999977332784907
2589,0.7037079881803555
2590,0.999395723146596
2591,0.9969299948785693
2592,0.9999953005669105
2593,0.03539614305802991
2594,0.9972642328927352
2595,0.04138767477703157
2596,0.9530924655342301
2597,0.9796894792891284
2598,0.9997178425318274
2599,0.9996272952702459
2600,0.9995337498619822
2601,0.9958301831777858
2602,0.9999394569445642
2603,0.9999768595734224
2604,0.9995756629255138
2605,0.9915689720977634
2606,0.9717129670118908
2607,0.9480171118552523
2608,0.9992075520984927
2609,0.9992352069558039
2610,0.970822167802298
2611,0.9949723426365185
2612,0.9379736610925593
2613,0.9740377877326749
2614,0.9992796478012645
2615,0.9999515368025578
2616,0.9996390497230475
2617,0.9998374438393546
2618,0.9999801523437467
2619,0.9997849830653107
2620,0.9998120341885204
2621,0.9946233882394683
2622,0.9991531080748259
2623,0.9999941081560443
2624,0.9999880733275591
2625,0.9995028992982472
2626,0.9999619616203823
2627,0.9976002570054554
2628,0.43933169817349915
2629,0.9668390938818306
2630,0.9988296134234047
2631,0.9999317439115041
2632,0.9996761246836655
2633,0.8858940730195957
2634,0.9717144654828767
2635,0.9999827672250425
2636,0.9997196057026325
2637,0.9999659147155225
2638,0.9999154410864074
2639,0.967472843581272
2640,0.9976519267390238
2641,0.6206231650326964
2642,0.9724929031914227
2643,0.9999780757928428
2644,0.9999720394604351
2645,0.9738658575533782
2646,0.9889451584307066
2647,0.9917167114903017
2648,0.9997464492295891
2649,0.9331325994867856
2650,0.9343214063583668
2651,0.9996621819572149
2652,0.9999668870387306
2653,0.9628248652074307
2654,0.9999864823533302
2655,0.9999752220448399
2656,0.9994575676281754
2657,0.9870944708448683
2658,0.9710148894077759
2659,0.9999678846916167
2660,0.869704939352342
2661,0.9918797589812797
2662,0.9999751080774967
2663,0.3046803246681306
2664,0.9993050907794712
2665,0.9997121904500482
2666,0.998449006918868
2667,0.9701438837956693
2668,0.998280222358657
2669,0.9999974846513544
2670,0.9996034878464637
2671,0.95496368490914
2672,0.9996074947156206
2673,0.9999360726891491
2674,0.9998817954971062
2675,0.975389960912509
2676,0.9877893721750556
2677,0.9997464084137113
2678,0.9987663034837357
2679,0.9998426678106134
2680,0.9669363383244748
2681,0.9999882149140048
2682,0.999442499051238
2683,0.9986027440017619
2684,0.9906145163996454
2685,0.9480363593919777
2686,0.9999509493523129
2687,0.9965276987783953
2688,0.9990936915421955
2689,0.999946551553664
2690,0.9999723926790453
2691,0.9917587199016822
2692,0.998862570019913
2693,0.9988375885662287
2694,0.9994560257459196
2695,0.9996317732287842
2696,0.9917458466751652
2697,0.9994241098277452
2698,0.9817178141694264
2699,0.9991725486575223
2700,0.2682382694567641
2701,0.9985981430455642
2702,0.9993002579746527
2703,0.9980461793948102
2704,0.9999608489993689
2705,0.967223431839849
2706,0.8861305039909868
2707,0.9998274988632331
2708,0.8944657889849726
2709,0.9998962731821741
2710,0.9947838509858691
2711,0.5292401698322812
2712,0.8038590609213039
2713,0.9997666677175792
2714,0.9867334848913697
2715,0.9999794774946184
2716,0.9999206190826226
2717,0.9137358808738714
2718,0.9999605202963494
2719,0.9996211049318621
2720,0.9995083694522492
2721,0.9999413555230112
2722,0.999855903085153
2723,0.6577642713384997
2724,0.9999679864152293
2725,0.9998842537318912
2726,0.9972774181505187
2727,0.9968998945393287
2728,0.9835595769739889
2729,0.9997117210048587
2730,0.9979746832549168
2731,0.9994823126632176
2732,0.9677089439874529
2733,0.9997404235043125
2734,0.9984465611092185
2735,0.9993305248797422
2736,0.9993164804034796
2737,0.09135959816382519
2738,0.9996196624487245
2739,0.9999314786092877
2740,0.9994929734146704
2741,0.9997661870658143
2742,0.9098488856042359
2743,0.9978888364772515
2744,0.9999063197622298
2745,0.9995805654043635
2746,0.9912106366623633
2747,0.9959253876394099
2748,0.9969315264507946
2749,0.9985392182135882
2750,0.9996037201104995
2751,0.9996882062531418
2752,0.9994581434394472
2753,0.9948424525328777
2754,0.9991677714736906
2755,0.9990744484985047
2756,0.9543040431345234
2757,0.997889920278491
2758,0.9601262442126454
2759,0.9999052109757625
2760,0.9994665482656736
2761,0.996143507015361
2762,0.9984773432143194
2763,0.9995568834372865
2764,0.9412991421327542
2765,0.962936173680409
2766,0.9999775017376515
2767,0.99985055517491
2768,0.5290268533227989
2769,0.9999840088610056
2770,0.8262787454341161
2771,0.9947554397572265
2772,0.999300902514142
2773,0.9998887560117994
2774,0.9999800679534
2775,0.9544166342710126
2776,0.995379614417362
2777,0.9991828609027232
2778,0.9994371025121834
2779,0.9995920040519239
2780,0.33223103338217475
2781,0.9971536016005982
2782,0.9983554365044236
2783,0.8977496326349035
2784,0.6945263352834183
2785,0.999941931919971
2786,0.9999574371004434
2787,0.9968020143884586
2788,0.9903370434905255
2789,0.990876634514742
2790,0.9951889080349432
2791,0.9983192494203096
2792,0.692342624410072
2793,0.9955574772207835
2794,0.9647266475255168
2795,0.9996911172815894
2796,0.9994269538056059
2797,0.9940789059689514
2798,0.993116349264337
2799,0.9900517456924376
2800,0.9995252047283096
2801,0.9710776214139591
2802,0.9992237630264799
2803,0.9992957462491123
2804,0.9937060772153169
2805,0.9551904134267243
2806,0.9998755340072256
2807,0.9971229909931139
2808,0.9999813030817802
2809,0.9982013268221922
2810,0.34650870805521894
2811,0.9999380887654906
2812,0.9999912062570429
2813,0.9991571495680348
2814,0.9998919863626126
2815,0.9997599604432978
2816,0.9999017821115238
2817,0.9999777873944021
2818,0.9997284044224483
2819,0.9994865899176834
2820,0.45460110728996017
2821,0.9994291945451892
2822,0.9916504595117117
2823,0.9998878421902245
2824,0.9993986432014886
2825,0.9978147093265067
2826,0.9996900185589522
2827,0.9997232209219646
2828,0.9997165490442714
2829,0.9999943227777807
2830,0.9969958001913419
2831,0.9998029966003442
2832,0.999998348631484
2833,0.9396277371949032
2834,0.9630536063711944
2835,0.9977496785232277
2836,0.9994802135222972
2837,0.06934187887045136
2838,0.9999685943727478
2839,0.9996990831890015
2840,0.9986123314022807
2841,0.9979403066398315
2842,0.999933734946237
2843,0.9993879110652193
2844,0.9937035378787595
2845,0.9982041864292921
2846,0.9975405529554979
2847,0.9986321192701293
2848,0.9992697009771038
2849,0.9992366643785828
2850,0.9955407555983248
2851,0.49622885051293475
2852,0.9993340240919146
2853,0.956225020867445
2854,0.996560053639253
2855,0.9999841753696272
2856,0.9985538622622763
2857,0.9999589592255692
2858,0.9860866818390093
2859,0.6996620671776654
2860,0.46690154721970667
2861,0.965221207010176
2862,0.9913957514800481
2863,0.99981820900073
2864,0.0847248327003783
2865,0.999975721570154
2866,0.999081887854701
2867,0.9999619909509528
2868,0.9991983199722179
2869,0.9997761074360799
2870,0.998736351254708
2871,0.9998277426938263
2872,0.9761126367054733
2873,0.9913326318975495
2874,0.9994990974119923
2875,0.9998283916825933
2876,0.9997811078698553
2877,0.9999736898601806
2878,0.9999865055919048
2879,0.9939070388095684
2880,0.9999047382810666
2881,0.9475889264445586
2882,0.9990528321213047
2883,0.999903124411952
2884,0.9991725486575223
2885,0.9929333924118664
2886,0.9990468377633605
2887,0.9999990156393778
2888,0.9990940390417544
2889,0.9994889838441974
2890,0.9605331927260733
2891,0.9996832458224509
2892,0.9705277502017073
2893,0.956180082909301
2894,0.9999124382355918
2895,0.9632321470417684
2896,0.9999353496030432
2897,0.999845927886618
2898,0.9982303783632166
2899,0.9999592046428664
2900,0.9990129956416258
2901,0.9968171110893029
2902,0.9999947505892304
2903,0.7919263946101422
2904,0.999269787794775
2905,0.999231004122939
2906,0.9999694491005168
2907,0.9980303813051332
2908,0.9541112506518702
2909,0.9999828460504855
2910,0.9998711855494817
2911,0.9998945866567899
2912,0.038025249632419336
2913,0.9997010710225196
2914,0.9936035580684782
2915,0.9886565444953512
2916,0.9994958213797818
2917,0.9161840180947959
2918,0.999953190580412
2919,0.9619856715668255
2920,0.9999492104440733
2921,0.9999720011255391
2922,0.9705839275551669
2923,0.9995327490743353
2924,0.01762962793639875
2925,0.881553387928027
2926,0.9076879878895839
2927,0.9397754896968749
2928,0.9998688138853624
2929,0.999857501482922
2930,0.0013042091382315909
2931,0.993829509602939
2932,0.9878217952017708
2933,0.9998824989067668
2934,0.9999424435687888
2935,0.9998874426381937
2936,0.9999283044993221
2937,0.9888829205264756
2938,0.9997885179205802
2939,0.9992890946305772
2940,0.998905897041365
2941,0.9999797348483285
2942,0.822395720508605
2943,0.9987030863615227
2944,0.9996578547049962
2945,0.18826811474816196
2946,0.9289349694440638
2947,0.999070013211207
2948,0.8536476465997
2949,0.9998524182463936
2950,0.9999231301627025
2951,0.9948275069838943
2952,0.9998734941697153
2953,0.996867323319061
2954,0.9966747065021075
2955,0.9902423520223014
2956,0.999423735106904
2957,0.9997460146400814
2958,0.9954582177396143
2959,0.9998982182868299
2960,0.9956269137935873
2961,0.9986210006630791
2962,0.9957944441808316
2963,0.9565093660407574
2964,0.999780244419695
2965,0.960381940232797
2966,0.9992636209850905
2967,0.9999048727491884
2968,0.9985583175047741
2969,0.6396677137417957
2970,0.9983424783943023
2971,0.9996848833035821
2972,0.9899007302480387
2973,0.9457675139157845
2974,0.999972982907288
2975,0.9999555170294389
2976,0.9968151481919425
2977,0.48543412600717895
2978,0.9974061886056422
2979,0.9998191643697218
2980,0.9975203239309681
2981,0.9996170080619621
2982,0.9760349600373901
2983,0.9983448641176613
2984,0.9998089110207506
2985,0.999958640381715
2986,0.9998905213310155
2987,0.9936069488064804
2988,0.9983344658204657
2989,0.9992660239728012
2990,0.980532310517092
2991,0.99987284200367
2992,0.8922178041180505
2993,0.9998604316708333
2994,0.7052393047454008
2995,0.9998034495600363
2996,0.9945328861708863
2997,0.9999150503283484
2998,0.979925972534588
2999,0.9069592360205044
3000,0.996481344891699
3001,0.9963394038345272
3002,0.9999951950168023
3003,0.9880621564000753
3004,0.9999168542702399
3005,0.9997675026841917
3006,0.9985553204217694
3007,0.624618034661556
3008,0.5200469037179788
3009,0.9997791966110526
3010,0.9986845239706461
3011,0.6535117105908438
3012,0.9998526982040228
3013,0.9886009195176487
3014,0.9998760301807967
3015,0.9964240214926816
3016,0.9992451868232713
3017,0.9998900783591089
3018,0.9977384462849852
3019,0.7919263946101422
3020,0.999753465673352
3021,0.9874806332084184
3022,0.9997243290336221
3023,0.9999583399750475
3024,0.9825985284361081
3025,0.4586376415594493
3026,0.9965416742246753
3027,0.9983658064704538
3028,0.9995252659045836
3029,0.999793743805103
3030,0.9999940799216659
3031,0.9995681693989861
3032,0.9915459287543362
3033,0.9998905593612571
3034,0.9919585288946127
3035,0.5476977247731268
3036,0.9958886733933752
3037,0.9999502150677171
3038,0.9999842812851625
3039,0.815111671912934
3040,0.999768881249089
3041,0.9999922748653792
3042,0.9997127195143463
3043,0.9999980071308422
3044,0.5804535974885088
3045,0.9970498789322007
3046,0.9992057287083244
3047,0.9572068557139861
3048,0.996607822601808
3049,0.9999829526391337
3050,0.9992355361063244
3051,0.9999827003570363
3052,0.9997373182974802
3053,0.9977554565778283
3054,0.9997265583516608
3055,0.9999017990891579
3056,0.9991600006954837
3057,0.7297422651893519
3058,0.9990867162088484
3059,0.9842946214761377
3060,0.9940856143429765
3061,0.9928953544033707
3062,0.9990338523549914
3063,0.9999731138388191
3064,0.9991149747255289
3065,0.998043418952216
3066,0.9999026107055646
3067,0.9933049754329027
3068,0.9495541455200918
3069,0.9994102547909571
3070,0.9837474191704858
3071,0.889794305163792
3072,0.9921836538391795
3073,0.9981966029311339
3074,0.9997955305250045
3075,0.9928529707184378
3076,0.9946617000743063
3077,0.9943212241534668
3078,0.9906117016702156
3079,0.9597056781762894
3080,0.9999714907543005
3081,0.9999802686415824
3082,0.9971368997973121
3083,0.9994947426518788
3084,0.9826827977424006
3085,0.9984060701710786
3086,0.9820887303570087
3087,0.9987960760876468
3088,0.9978121730548544
3089,0.8656282253633201
3090,0.999086233270867
3091,0.9999956046843502
3092,0.9999070223692934
3093,0.989838041607825
3094,0.9991117452930932
3095,0.5576125178751321
3096,0.5598080788895937
3097,0.9995453534194632
3098,0.9999783148851081
3099,0.9963249270772342
3100,0.9982266058880493
3101,0.9977188998312797
3102,0.9994241098277452
3103,0.9956664248548763
3104,0.9999552033728116
3105,0.9997888098560677
3106,0.9793903073509229
3107,0.9945487546875342
3108,0.9811204301173415
3109,0.9931434316825589
3110,0.9999799408064795
3111,0.9846496024349093
3112,0.9935345873986409
3113,0.9999568782062803
3114,0.9922460173593612
3115,0.9931389802203417
3116,0.9995584469603199
3117,0.9963078847817171
3118,0.9945328861708863
3119,0.9993821510253628
3120,0.9987939641824107
3121,0.9999767997904012
3122,0.9999539728866083
3123,0.9930020858344868
3124,0.9860043022836927
3125,0.9980529846694008
3126,0.9904189716763722
3127,0.9868607279970909
3128,0.9990380876868993
3129,0.999873880354907
3130,0.9999887940472689
3131,0.9088123138871341
3132,0.7399064201918165
3133,0.9998142066041281
3134,0.9998382680009853
3135,0.9990630007566276
3136,0.999720304125619
3137,0.9998271769931256
3138,0.9973547149025851
3139,0.9999637179043127
3140,0.9999835572696357
3141,0.9983238259903354
3142,0.9976372160066785
3143,0.9946209358893093
3144,0.9996611285446271
3145,0.9999322801517696
3146,0.9902739389626823
3147,0.9948531346683056
3148,0.896694413863597
3149,0.9996218481180505
3150,0.8972148079710823
3151,0.9958159592963088
3152,0.6233589601962892
3153,0.9912103108809235
3154,0.9989062687855538
3155,0.9995334513803475
3156,0.9920277445042419
3157,0.9999080488609496
3158,0.974764885893072
3159,0.8777357185899107
3160,0.9999498128399534
3161,0.9999552822952409
3162,0.9979632617873754
3163,0.559935016825299
3164,0.9968924109149528
3165,0.9518953381801479
3166,0.9998940200176805
3167,0.9999522750319322
3168,0.838070145695321
3169,0.9990403732553527
3170,0.998470069061337
3171,0.9966822653606202
3172,0.9991283397168631
3173,0.9970293118440035
3174,0.9999587593340845
3175,0.9996096719530911
3176,0.9999871298463173
3177,0.9987573621809928
3178,0.9999707249807024
3179,0.9998018348192583
3180,0.9999702332130864
3181,0.9996309129465538
3182,0.9902024901411426
3183,0.7119523033088375
3184,0.9982658548783271
3185,0.9752175571749875
3186,0.998995039862778
3187,0.981611428974487
3188,0.9996208998700997
3189,0.9999268929997566
3190,0.967305214539188
3191,0.9999397282605698
3192,0.999266050220054
3193,0.999344833294661
3194,0.9924980071717151
3195,0.9999706379727668
3196,0.9999467587716195
3197,0.9999072105625648
3198,0.9907095559280725
3199,0.9927578538738885
3200,0.9994373809724285
3201,0.9996649266707791
3202,0.9899415824250489
3203,0.9996746289979163
3204,0.9996994717842207
3205,0.9998619433083193
3206,0.9999778107194544
3207,0.9996442831270428
3208,0.9997924895368063
3209,0.9992211106672284
3210,0.995071864361747
3211,0.9635971700104715
3212,0.99942315335468
3213,0.9536627768026296
3214,0.895173149720764
3215,0.9989682786156525
3216,0.999951914894379
3217,0.9992742906085542
3218,0.9999705614969999
3219,0.9984136855191272
3220,0.9999848498637514
3221,0.9994056946905021
3222,0.9979145962720748
3223,0.9970649188745854
3224,0.9998881563031659
3225,0.9860652002794781
3226,0.9996992414538974
3227,0.9996718299788905
3228,0.9896847615409599
3229,0.966686321284808
3230,0.9998445444052816
3231,0.9994017569443316
3232,0.9995731574534731
3233,0.9999066680387999
3234,0.9998725050691017
3235,0.9999866134007644
3236,0.9999364652839693
3237,0.9999925896980603
3238,0.9979263292200805
3239,0.9988881462094058
3240,0.9999766290649348
3241,0.738750245466009
3242,0.9330297850649211
3243,0.9964131354944593
3244,0.9998821952400686
3245,0.99948447124546
3246,0.8620205455267124
3247,0.9999752619057736
3248,0.9987842231818422
3249,0.9977323539103747
3250,0.9078069783766765
3251,0.9949895463947264
3252,0.9994096223680783
3253,0.999979047335392
3254,0.9889820662250036
3255,0.9985979526202955
3256,0.9922120616725859
3257,0.9999142235273144
3258,0.9999544223701972
3259,0.8826298743627315
3260,0.999397030957894
3261,0.9998569881942654
3262,0.9992429328432737
3263,0.9991936226896009
3264,0.9997971394160868
3265,0.9993945781997229
3266,0.9995481943620278
3267,0.9999898319866454
3268,0.9454319894972105
3269,0.9999113914669014
3270,0.9775109262514383
3271,0.999400190023798
3272,0.9999307886679573
3273,0.9027903075997045
3274,0.9997650502625083
3275,0.8643463947490723
3276,0.9991374717879379
3277,0.9941951229964526
3278,0.9999002609654776
3279,0.5165246472927161
3280,0.9999512026433841
3281,0.931098626891605
3282,0.9998604073471251
3283,0.9998261682580036
3284,0.9993998130244601
3285,0.989219579316831
3286,0.9990941475516106
3287,0.955878341745078
3288,0.9999987441430205
3289,0.9999513148714436
3290,0.9998955599244641
3291,0.9990513156010113
3292,0.9999807700540891
3293,0.9936619252073065
3294,0.2996207229900476
3295,0.9999342985097307
3296,0.9999000254604734
3297,0.3527602404818785
3298,0.991324683884276
3299,0.999831212523301
3300,0.9735313395137317
3301,0.8419018596805719
3302,0.9985010189605044
3303,0.9978735171644643
3304,0.9999274896346086
3305,0.9414943255000615
3306,0.999344726771274
3307,0.9768753720884906
3308,0.3258082378798638
3309,0.8873879361571048
3310,0.9953071892386205
3311,0.9345017880099769
3312,0.9962268877119177
3313,0.9999509237339164
3314,0.9976015798695868
3315,0.9999385521826145
3316,0.9991845946707754
3317,0.9545391742115363
3318,0.9999034923561295
3319,0.9992369396321156
3320,0.047509035863388824
3321,0.9317010097576399
3322,0.999237865152631
3323,0.9999762866360726
3324,0.995813496914867
3325,0.9984714687648782
3326,0.996898539001522
3327,0.9999709535683777
3328,0.9976729018126729
3329,0.9991753875459192
3330,0.9987180395520506
3331,0.9988988814259038
3332,0.01223613854728225
3333,0.9985981567463064
3334,0.9977611772494993
3335,0.8786038774601049
3336,0.8668084394898198
3337,0.9989964458812213
3338,0.9934128762172222
3339,0.9999612749789734
3340,0.9999642960975553
3341,0.9999584211720768
3342,0.9999733246176803
3343,0.9997200210200634
3344,0.9991018598697481
3345,0.9995776167564195
3346,0.9942969196299034
3347,0.9903273984829053
3348,0.9960681653139069
3349,0.9997073327757823
3350,0.9919430104552812
3351,0.9978239970966919
3352,0.9919279686815434
3353,0.9983408015762307
3354,0.9998317473885338
3355,0.9479000399312014
3356,0.9997133151013886
3357,0.9998406728598055
3358,0.6579778121267812
3359,0.9999690623079237
3360,0.9995126441793323
3361,0.9996555809523745
3362,0.9850252715223861
3363,0.9999564389007599
3364,0.9828602476905084
3365,0.9840647386199401
3366,0.9999777119744755
3367,0.9999707086673061
3368,0.999062675324437
3369,0.8509242109114414
3370,0.9997022235007582
3371,0.9871302733472946
3372,0.9295499475050214
3373,0.9993231658837336
3374,0.9946578319335789
3375,0.9996784453582689
3376,0.999928410607468
3377,0.9885454338691567
3378,0.9996703205700469
3379,0.999936688508293
3380,0.992916855040185
3381,0.9983763649404866
3382,0.9999589827458544
3383,0.9761350605404151
3384,0.9998041671462446
3385,0.9982722558920408
3386,0.9969037204990852
3387,0.9967343488534508
3388,0.9999885996172019
3389,0.8922178041180505
3390,0.9981805676844894
3391,0.8798071238450159
3392,0.9997545109322267
3393,0.9993398524658043
3394,0.9999501172375903
3395,0.9961598414292215
3396,0.8582803557092211
3397,0.9570900107115129
3398,0.9921579025823354
3399,0.9800216696512766
3400,0.9752130542258028
3401,0.9997076593811326
3402,0.9999210012447397
3403,0.9996571240314808
3404,0.9990363254785216
3405,0.9773866415436543
3406,0.9986785692885934
3407,0.9988896967159835
3408,0.9963888969285595
3409,0.9992609863665313
3410,0.9822125055934441
3411,0.9875568771790217
3412,0.9998547897827297
3413,0.5984458116360402
3414,0.9946890387822519
3415,0.9999901596389471
3416,0.9986961514820658
3417,0.9890845600554011
3418,0.9990369941047864
3419,0.9998873585935809
3420,0.9988747673537639
3421,0.9997893213085729
3422,0.9981283371466547
3423,0.9791647949446167
3424,0.9999784510355778
3425,0.35214861124644914
3426,0.9991131063752302
3427,0.9902534220300214
3428,0.9990496572984343
3429,0.9988079699289408
3430,0.9831679306195262
3431,0.9998771128733633
3432,0.9980053215397573
3433,0.9994176089136281
3434,0.7693995000633207
3435,0.9990526751473214
3436,0.770435574964671
3437,0.9972075864246167
3438,0.9997473703781774
3439,0.9952062576534975
3440,0.44682910007926574
3441,0.9948707872103072
3442,0.9981695127381118
3443,0.9999574183074994
3444,0.9995745780365599
3445,0.9999403267454902
3446,0.9940546536507593
3447,0.9949624508624153
3448,0.9997408236578362
3449,0.9999785947240015
3450,0.9999759752317106
3451,0.9995643512865143
3452,0.9979565473698971
3453,0.9958685852161965
3454,0.9904170115439379
3455,0.989626108426056
3456,0.9836910626403003
3457,0.9999328775277856
3458,0.9999481284640371
3459,0.7978183805126914
3460,0.9996840583767211
3461,0.8882051974363272
3462,0.9983380812646975
3463,0.9996674178470704
3464,0.9999762052693947
3465,0.9992734082201663
3466,0.9998289982745512
3467,0.9993783543964236
3468,0.9985653728595997
3469,0.9999158528690569
3470,0.9989655248119568
3471,0.9984807713338737
3472,0.9998303697974111
3473,0.38273744282769584
3474,0.9988258455946408
3475,0.9997596833807051
3476,0.9996504982619497
3477,0.21035294897418433
3478,0.9314052087684029
3479,0.9930804882007761
3480,0.9944430509973635
3481,0.9999775164574463
3482,0.971782270427728
3483,0.9998897887601474
3484,0.9997700067097681
3485,0.9996288004667219
3486,0.9807966693384299
3487,0.5734516438074398
3488,0.9994958514606447
3489,0.9992704836649615
3490,0.9999621420376137
3491,0.9998207425640617
3492,0.9997241530420985
3493,0.9962173730035675
3494,0.9993259980152135
3495,0.9999181506354333
3496,0.9979141193938392
3497,0.9998279153922914
3498,0.9855151931035605
3499,0.9996866570779308
3500,0.997172799298919
3501,0.9989957544945395
3502,0.9993141249529139
3503,0.9999656690396598
3504,0.9735614778765508
3505,0.9926970700521959
3506,0.2776610235739968
3507,0.9713309648967758
3508,0.9993964013210795
3509,0.9999917031292114
3510,0.9946892953616727
3511,0.9995318410208598
3512,0.8556794793751336
3513,0.9979412849297751
3514,0.9996454528991598
3515,0.9996894536585286
3516,0.7136627176982394
3517,0.999639908229012
3518,0.9673664474228277
3519,0.7919263946101422
3520,0.9986827590478955
3521,0.9995862702002668
3522,0.9999798372577197
3523,0.9999066740235061
3524,0.12496753300711241
3525,0.9403688334173331
3526,0.9804886663313614
3527,0.9994460562568445
3528,0.98161564216659
3529,0.999931130119846
3530,0.9999343372454247
3531,0.9846141076110007
3532,0.9996480602556879
3533,0.9999567235560001
3534,0.9934585390576679
3535,0.9998458940028109
3536,0.9999665835102577
3537,0.9991627903857686
3538,0.9996312787898498
3539,0.9999404181147845
3540,0.5755205487179228
3541,0.9935074529848804
3542,0.9999097473561057
3543,0.9438627435036077
3544,0.9997349993126998
3545,0.9999545727410561
3546,0.9998906836906039
3547,0.8392500533585242
3548,0.9999732328827665
3549,0.19854800009153895
3550,0.9993648964060782
3551,0.9898676199278681
3552,0.9215188463854138
3553,0.22533664401209805
3554,0.9997580210912147
3555,0.9999688408987208
3556,0.9989488462553984
3557,0.31301950800767836
3558,0.999513005573096
3559,0.9999657142479327
3560,0.9994778883609458
3561,0.9981144719281964
3562,0.9147671409372098
3563,0.9991945151230173
3564,0.9855468525409492
3565,0.9990372130764241
3566,0.9999415394488163
3567,0.9994024561745037
3568,0.9996899674576742
3569,0.9987891141748227
3570,0.999605043497866
3571,0.9999515955122648
3572,0.999155522655595
3573,0.9998342295831155
3574,0.9999953641629241
3575,0.9970926604422679
3576,0.9987723871726167
3577,0.9982291238302018
3578,0.9998753000812375
3579,0.9976593113901697
3580,0.8915108047562126
3581,0.9999888343637003
3582,0.9999483023736314
3583,0.97710897706291
3584,0.9999311223107977
3585,0.9999244659657499
3586,0.9997293266780142
3587,0.867736808570453
3588,0.69123788993051
3589,0.9964484969744956
3590,0.9999271347006997
3591,0.9999805063521287
3592,0.9827801972267606
3593,0.999422534167671
3594,0.9996198554022507
3595,0.9908574671706577
3596,0.9989914029542821
3597,0.9493793669923625
3598,0.8500539537662332
3599,0.9949976758324963
3600,0.9934424540315995
3601,0.9999394803614773
3602,0.9998683059686964
3603,0.999982702332989
3604,0.27377771889089714
3605,0.9999635806785632
3606,0.9999869348276444
3607,0.980471908306056
3608,0.9999882009161527
3609,0.9999288677230788
3610,0.8740401379934921
3611,0.9992076141577018
3612,0.9696944148037283
3613,0.9974103110132884
3614,0.9999522243787875
3615,0.9981075592138183
3616,0.9999902086623005
3617,0.9780810336271529
3618,0.9995927885214477
3619,0.9991819353670158
3620,0.8918075773467339
3621,0.9976457410245965
3622,0.9999535729834184
3623,0.9986369814897705
3624,0.9979298978420049
3625,0.999796525149943
3626,0.9965825425805807
3627,0.999657610447042
3628,0.9998086232825456
3629,0.9998472493316787
3630,0.9977598312297877
3631,0.9860164770920343
3632,0.999977773967429
3633,0.9993245006809853
3634,0.9999944930290888
3635,0.9855606607803036
3636,0.9914582858221941
3637,0.592468244172666
3638,0.9999951389024999
3639,0.9974549241508105
3640,0.9891030630385523
3641,0.9999839907027244
3642,0.9931334486187249
3643,0.9973465452381941
3644,0.9994910999956719
3645,0.9840123096304391
3646,0.9999808163362186
3647,0.9994177579346858
3648,0.9999586744183532
3649,0.999958166222335
3650,0.9998135852904719
3651,0.9942953154110376
3652,0.9987198393519385
3653,0.9922135379473017
3654,0.999933263330179
3655,0.9999201480639471
3656,0.9978140401324889
3657,0.9999822122794664
3658,0.9985446296412335
3659,0.9280360801154351
3660,0.9993331841673655
3661,0.9872788223848342
3662,0.9995918484923115
3663,0.9992980718945956
3664,0.9998435991623358
3665,0.47394469817446006
3666,0.9996464780330149
3667,0.9869471126205728
3668,0.9770098305838082
3669,0.7837690021935947
3670,0.9999147281628776
3671,0.9765990204112143
3672,0.9979206781578238
3673,0.9998317617309768
3674,0.9989162269352974
3675,0.9999846637225687
3676,0.9998469985800214
3677,0.9546956674329556
3678,0.9973946025534252
3679,0.9974834370347259
3680,0.9998715619468563
3681,0.9887333313390068
3682,0.999932418387363
3683,0.9927915156745427
3684,0.993220970122958
3685,0.9999649799942899
3686,0.9998113029552442
3687,0.9998663644586564
3688,0.9989801363365232
3689,0.9999182342957287
3690,0.9725565584491276
3691,0.9961543099503273
3692,0.99938570253416
3693,0.9823263952136688
3694,0.9999903478764063
3695,0.999836855465275
3696,0.9932619259741555
3697,0.9831776518033237
3698,0.9991129411412948
3699,0.9962016444023705
3700,0.9927859942809611
3701,0.9990288544987571
3702,0.991355009093245
3703,0.9983271945611355
3704,0.9992395755356513
3705,0.9968068696471675
3706,0.9997198897291184
3707,0.9816389246516605
3708,0.9998562397606683
3709,0.8614204046257747
3710,0.9996267820337497
3711,0.9917435364462306
3712,0.9974668536205218
3713,0.9923281117049328
3714,0.9999519044703359
3715,0.9992790480715645
3716,0.9999053104649104
3717,0.9986989922022368
3718,0.9964627729054382
3719,0.9993064212884785
3720,0.9507546314972014
3721,0.9994450321383347
3722,0.9969091162656314
3723,0.9650655013031162
3724,0.9711863912670887
3725,0.16582841416417526
3726,0.6875157393619834
3727,0.9974718043626998
3728,0.8919011991920781
3729,0.999059197796562
3730,0.042401513635111375
3731,0.9999094117065578
3732,0.7288102073086759
3733,0.9991854410822107
3734,0.9999431627650421
3735,0.9999486006409887
3736,0.9987318177954524
3737,0.9999803648249888
3738,0.9994828562716508
3739,0.9999236335784769
3740,0.9985336931223867
3741,0.995649232069365
3742,0.9999907314625734
3743,0.9961605862989718
3744,0.9999084010845747
3745,0.9896062321292564
3746,0.9910092643586401
3747,0.9976867330650896
3748,0.9773680320832132
3749,0.37930441660869346
3750,0.9946233882394683
3751,0.9999602925595508
3752,0.999955627466935
3753,0.9938992891955654
3754,0.9999170171662067
3755,0.9971956202660294
3756,0.9887243951824674
3757,0.9993869775027834
3758,0.999887918390394
3759,0.9979746832549168
3760,0.9984293759194619
3761,0.9926640204810768
3762,0.9992921087772552
3763,0.9892914875485058
3764,0.9996719147684714
3765,0.9999754699864885
3766,0.9869781901005341
3767,0.9974123221208651
3768,0.9895608007656324
3769,0.9955083586712482
3770,0.9999570757115762
3771,0.9827570836330097
3772,0.9995486014640966
3773,0.9815929671029014
3774,0.9985945672858558
3775,0.9999669456676693
3776,0.8826944568201467
3777,0.9779880076030361
3778,0.9995844092417909
3779,0.9615343120470684
3780,0.9942745282245677
3781,0.9996987039430678
3782,0.9986094030171543
3783,0.9551975488628663
3784,0.999915246380324
3785,0.9951565236941409
3786,0.7131288907556742
3787,0.9933506149044348
3788,0.9918727033474934
3789,0.9993203028210901
3790,0.9998662376594845
3791,0.9996832458224509
3792,0.9966796379127796
3793,0.9998223891491347
3794,0.9994180642111252
3795,0.9999782969175386
3796,0.9997113885899026
3797,0.990129647902865
3798,0.9999303049106698
3799,0.9751691820498712
3800,0.989322935238387
3801,0.9998972971322839
3802,0.9885436776101411
3803,0.9999719025913243
3804,0.9999692408205837
3805,0.9995762547524036
3806,0.9996038347386301
3807,0.999848797366515
3808,0.9982592375108237
3809,0.6621815657774426
3810,0.9998905590051764
3811,0.9803244818907417
3812,0.9690272280052007
3813,0.9999923293398765
3814,0.9972809737023196
3815,0.9991346837493784
3816,0.9999168784461363
3817,0.9992190538672886
3818,0.9669207872694054
3819,0.9953432809234971
3820,0.9969775592267751
3821,0.9960859878774886
3822,0.7996396659770163
3823,0.9999625561435197
3824,0.9975888580898131
3825,0.9963416595511205
3826,0.9986767758252957
3827,0.9994587908146034
3828,0.6962561107523654
3829,0.9999804767956858
3830,0.9999521733679635
3831,0.9996526451437865
3832,0.9999872837993882
3833,0.9554420681564967
3834,0.989109173939006
3835,0.857820344184782
3836,0.999984386943608
3837,0.9999562299531071
3838,0.9958850270898292
3839,0.9931865340767625
3840,0.9984835361929879
3841,0.9915621550400588
3842,0.9963951179355464
3843,0.9087760321579973
3844,0.999896181449821
3845,0.9998176803246338
3846,0.9888867060605931
3847,0.5178095218714711
3848,0.99975421553989
3849,0.9437160835310302
3850,0.9993659871165638
3851,0.9962836160483116
3852,0.9995596172646203
3853,0.991085945486757
3854,0.9999721647400555
3855,0.9812017250687409
3856,0.9997206508853955
3857,0.9993198742604525
3858,0.6117522732322643
3859,0.999024162769864
3860,0.9990990611995829
3861,0.999310158634801
3862,0.5749581501961392
3863,0.9996240740758728
3864,0.9992543871671038
3865,0.9990381313027322
3866,0.9996805293122335
3867,0.9975606356007086
3868,0.9791290828089582
3869,0.9974359393514828
3870,0.9981009642512381
3871,0.9978282380314792
3872,0.9947049732451454
3873,0.44687426147247766
3874,0.9999963055095972
3875,0.9995127111885536
3876,0.9977670728333715
3877,0.9961703272145126
3878,0.9995826405787068
3879,0.9999886712830709
3880,0.9996095060307969
3881,0.9994007549763319
3882,0.9999321836787067
3883,0.9998233274641171
3884,0.9938963222408019
3885,0.99861958293177
3886,0.9999857891349421
3887,0.999645848850141
3888,0.9998788032365966
3889,0.9994177056547593
3890,0.9597156409263491
3891,0.9999399216620032
3892,0.9994182130298562
3893,0.9957594216879432
3894,0.9999818900123936
3895,0.9976850805782104
3896,0.9986967989100619
3897,0.7412648913839373
3898,0.9976780878260701
3899,0.9992905884917307
3900,0.9987401081355397
3901,0.9982026235547772
3902,0.6355289033774777
3903,0.9965620989308968
3904,0.9761738935964156
3905,0.9993811514679096
3906,0.997559498986306
3907,0.998409289064198
3908,0.9998801162786862
3909,0.9998873701313994
3910,0.9997226497744816
3911,0.9999391846455893
3912,0.9987406774390419
3913,0.997347648875025
3914,0.9997883064578089
3915,0.9989098762692655
3916,0.9998150843853708
3917,0.99584647253947145
3918,0.17345510217322982
3919,0.9992747307326322
3920,0.999973495393
3921,0.9998587921219648
3922,0.9878510239934242
3923,0.9999395800277944
3924,0.994922012294414
3925,0.9999601270157129
3926,0.9999253053926449
3927,0.9999940882003799
3928,0.9995606285865988
3929,0.9999432866781108
3930,0.9998132710468481
3931,0.2238478720099434
3932,0.9997506486292548
3933,0.9997656484208182
3934,0.9999547950325333
3935,0.9589663046089317
3936,0.9996565753980738
3937,0.9979122533696667
3938,0.9278587294137618
3939,0.9994560332073618
3940,0.7717819040247623
3941,0.999990370937124
3942,0.9848999702080711
3943,0.9997304178564017
3944,0.9995004786568892
3945,0.9999322249943228
3946,0.9922296134029471
3947,0.9991425638841951
3948,0.9994450857138738
3949,0.9996193298095191
3950,0.916005818997847
3951,0.9999780942820437
3952,0.9999846954402934
3953,0.9999877126497818
3954,0.9991388915185029
3955,0.99720103936706594
3956,0.9917561052108536
3957,0.9993239367746295
3958,0.9998984695910433
3959,0.9999659669245603
3960,0.9999079223891456
3961,0.9999519854259888
3962,0.9968906965495361
3963,0.999100057676407
3964,0.9982462012000821
3965,0.9980509130643423
3966,0.9993050907794712
3967,0.7604070337945749
3968,0.9705990345997998
3969,0.995971585360104
3970,0.9995796194928792
3971,0.9999014734494829
3972,0.9996599876754758
3973,0.997855759436347
3974,0.9999639373185104
3975,0.9999682401635093
3976,0.995351215032111
3977,0.9988998780489887
3978,0.9999950970387097
3979,0.9991730803393407
3980,0.9999824016397096
3981,0.9996739759513138
3982,0.9907726082581677
3983,0.9983860976286909
3984,0.9992535027973831
3985,0.9999215082168154
3986,0.9999675187432623
3987,0.9987337553790826
3988,0.9997775260598206
3989,0.9999600945993725
3990,0.9999800355276222
3991,0.8633452096326731
3992,0.9993080526411552
3993,0.9410860394327604
3994,0.6903026681461618
3995,0.8990502969349476
3996,0.9306227129242852
3997,0.9999880315496338
3998,0.2444658519743329
3999,0.7444466331671693
4000,0.9998876177507656
4001,0.9992886585856552
4002,0.9999208499808477
4003,0.9762285375677953
4004,0.9991920028680455
4005,0.7466685428619034
4006,0.9835305530853845
4007,0.999817495483625
4008,0.968915371604412
4009,0.9999799128983252
4010,0.9999751470614295
4011,0.8159263809235417
4012,0.9992571202377907
4013,0.9975374242459834
4014,0.9993905980975597
4015,0.9923572400152517
4016,0.9997288548855757
4017,0.9999262596536679
4018,0.9985602711793015
4019,0.9994100767277625
4020,0.9999849732955324
4021,0.9148138551213716
4022,0.966447696323323
4023,0.9944762128866499
4024,0.9997989288630345
4025,0.9996573242350647
4026,0.999960836829985
4027,0.9985375645365616
4028,0.9999902406575797
4029,0.9983112482502337
4030,0.999546875786427
4031,0.9905727710364517
4032,0.9989436541646431
4033,0.9108437828967468
4034,0.9780664893023916
4035,0.9947519218255418
4036,0.7947960331251039
4037,0.9996423360072382
4038,0.999990004529385
4039,0.9999776342741138
4040,0.9998457890648377
4041,0.9605182286231153
4042,0.9934141929548869
4043,0.9999795383328597
4044,0.9997347666942671
4045,0.9955129794603248
4046,0.9533310026919422
4047,0.9975622122569373
4048,0.9957423655883024
4049,0.9999529562876047
4050,0.9987553517677069
4051,0.9990277682111789
4052,0.9337599943934992
4053,0.9945076517031137
4054,0.9999557869703554
4055,0.9962482802182233
4056,0.9839732719142618
4057,0.6782800472695434
4058,0.9999923529010257
4059,0.9997960914594821
4060,0.999412407138491
4061,0.9990667106850264
4062,0.9996103306187103
4063,0.9907715836529156
4064,0.9995373169516925
4065,0.957491404515196
4066,0.9992921434210259
4067,0.9998312376230163
4068,0.9923503878652745
4069,0.999995028376712
4070,0.897775943045094
4071,0.9996650754506368
4072,0.9999268633873838
4073,0.9997853923027167
4074,0.5865715270261936
4075,0.9991500309662997
4076,0.9931515147260509
4077,0.9999736769991898
4078,0.9984652634958082
4079,0.999564943954832
4080,0.9963446645594158
4081,0.9997261112899303
4082,0.9999904208367009
4083,0.9872737330875753
4084,0.9997133792237451
4085,0.9977565680544562
4086,0.999888796652107
4087,0.9852409194270311
4088,0.9942320902576038
4089,0.9999704495901982
4090,0.9625306334438857
4091,0.6302436075858164
4092,0.9998787223832142
4093,0.9999701773741307
4094,0.946125607115727
4095,0.9997982884785045
4096,0.9977052061427041
4097,0.9890034720514751
4098,0.9993863849295025
4099,0.9997407657736507
4100,0.999432076725274
4101,0.9972194284057972
4102,0.9770694393877495
4103,0.6325156686923541
4104,0.9996600786084442
4105,0.999901731447596
4106,0.9945936531823065
4107,0.9999952499961823
4108,0.9999755570305915
4109,0.9977404763010354
4110,0.990894971162827
4111,0.9797727633018504
4112,0.9996950677297517
4113,0.916093394535967
4114,0.9982941216773785
4115,0.9897428600159731
4116,0.9999668007359959
4117,0.9999835704862458
4118,0.9994554113700825
4119,0.999106823767344
4120,0.9999774714874544
4121,0.981395032075148
4122,0.9233548195078131
4123,0.9972916567353923
4124,0.9791751761921389
4125,0.9999862274931812
4126,0.99996402224931
4127,0.09989088775065062
4128,0.9998907893773639
4129,0.9999453704589325
4130,0.989679789260627
4131,0.9998988763192236
4132,0.9995498745341035
4133,0.9999819626238342
4134,0.9997249618537324
4135,0.44903728303104634
4136,0.9990622509497427
4137,0.9939262845611133
4138,0.9919461649895382
4139,0.9999326280261934
4140,0.9234385159850681
4141,0.9489812532934544
4142,0.9999619298567491
4143,0.999727363208468
4144,0.9993634721472164
4145,0.8464299586178662
4146,0.9902085539166361
4147,0.9874695573596194
4148,0.9982898790272084
4149,0.9971199503676812
4150,0.9996997629494645
4151,0.9999746830883036
4152,0.999936376371762
4153,0.9999643056681211
4154,0.9997985769647098
4155,0.8075731750207075
4156,0.9998746975047529
4157,0.999925334351749
4158,0.9320573928943643
4159,0.6923675064109517
4160,0.9999854000223659
4161,0.9759601128230617
4162,0.9999817328253953
4163,0.9999666270527983
4164,0.9999839034514424
4165,0.8235838646701722
4166,0.035746795549364024
4167,0.9969026145115885
4168,0.9965775740213029
4169,0.8389016169798277
4170,0.9991899046504016
4171,0.9997908104982115
4172,0.999017084198889
4173,0.9980337014307573
4174,0.9877510233544982
4175,0.9986285415614461
4176,0.999395723146596
4177,0.999941952891055
4178,0.9996785238885141
4179,0.9997272737277105
4180,0.9955735993480694
4181,0.9987599826332881
4182,0.9999723899687932
4183,0.9982762567784113
4184,0.9977898508487942
4185,0.9996909106306892
4186,0.9980722577520167
4187,0.9995761140994313
4188,0.9990124966111906
4189,0.9804355420264375
4190,0.9987619215472774
4191,0.38343064669042415
4192,0.9999807225663263
4193,0.9999659419975548
4194,0.9999619122625036
4195,0.9958327414708771
4196,0.9997742079866009
4197,0.9999594780198818
4198,0.9988588675792749
4199,0.9722822766604835
4200,0.9998145237509419
4201,0.9999176375314252
4202,0.9999779816304085
4203,0.997940316108126
4204,0.9923903510656638
4205,0.8373146920566316
4206,0.999927731632499
4207,0.9789848048837201
4208,0.9998437597839476
4209,0.9986337503894045
4210,0.9999856665905258
4211,0.9994645411002924
4212,0.9989328057510718
4213,0.9999045657204677
4214,0.9998918382405168
4215,0.9969250132660888
4216,0.9974179879579435
4217,0.9987704299461743
4218,0.9874989507404328
4219,0.9999765240674152
4220,0.9999654531990456
4221,0.999693520205917
4222,0.9995438640176443
4223,0.6669664282729144
4224,0.9967407846981623
4225,0.1413885035066705
4226,0.9991664997821066
4227,0.45235015486201113
4228,0.9996319028728653
4229,0.9968470817157594
4230,0.9937897184087623
4231,0.658136665408461
4232,0.9999532957275253
4233,0.979628442477438
4234,0.9991917640751153
4235,0.9999414411480099
4236,0.9940659073813585
4237,0.8891924630598199
4238,0.9999558833932433
4239,0.9999129843724004
4240,0.980091686601355
4241,0.9961208367577584
4242,0.9999834509289454
4243,0.9993806158558146
4244,0.9832209291393552
4245,0.9921238253013196
4246,0.9999683908471737
4247,0.9993398091457338
4248,0.9998967934282406
4249,0.9999815822495856
4250,0.9996340478749786
4251,0.9998298816112458
4252,0.6194429962868371
4253,0.9965205993051767
4254,0.9999954924498388
4255,0.9881804815713181
4256,0.9991464760189613
4257,0.9999858497097588
4258,0.9999686987511143
4259,0.947922025669004
4260,0.9999020325240701
4261,0.9996754614239763
4262,0.9894563094556518
4263,0.9999830378879501
4264,0.6265221478440375
4265,0.9967346563592931
4266,0.9999857835972421
4267,0.9767889079087958
4268,0.9996444534844845
4269,0.9999520281521453
4270,0.9958045496971495
4271,0.9999802096636558
4272,0.9992379045194886
4273,0.9947655559643476
4274,0.9958876033356461
4275,0.9785119886575779
4276,0.9999506730931577
4277,0.9976592029909932
4278,0.9403437831542757
4279,0.8441859094625873
4280,0.9994187056832894
4281,0.9999512891636797
4282,0.9998952353705997
4283,0.994655917503626
4284,0.9897691855483158
4285,0.9986134436251259
4286,0.9922755048483373
4287,0.938610151697634
4288,0.9998356742676503
4289,0.9997314772319974
4290,0.9997716084486112
4291,0.9946729323152662
4292,0.9972848411161354
4293,0.9990090418345381
4294,0.847466158139057
4295,0.9907982529465464
4296,0.9984833935945059
4297,0.999162189073401
4298,0.9999468821676742
4299,0.9998086902924156
4300,0.9933528064621513
4301,0.9989564914893275
4302,0.9997424865909852
4303,0.9980738027330576
4304,0.9704301472294695
4305,0.9991131270789418
4306,0.1131172667546886
4307,0.9126775383266239
4308,0.025013435732456044
4309,0.9998762611931756
4310,0.99717818931713
4311,0.9899379949386793
4312,0.9999046534740541
4313,0.9775004655621522
4314,0.9964375994898698
4315,0.9979670828883379
4316,0.2724716089285765
4317,0.9813510946179556
4318,0.9819897541357672
4319,0.9995751530665377
4320,0.9927679690035817
4321,0.9988742510613303
4322,0.9995150748108667
4323,0.9978749497999075
4324,0.9997318504196028
4325,0.9980452351184138
4326,0.9954593068871332
4327,0.9907223541150827
4328,0.9900487745534774
4329,0.9994847908106672
4330,0.9998610816129014
4331,0.9982456392665096
4332,0.9983828789438457
4333,0.9987305581325101
4334,0.9999197634585881
4335,0.9999752845338628
4336,0.9995028864922928
4337,0.9993908064001921
4338,0.9923258281112634
4339,0.9987784450521009
4340,0.9999224968703715
4341,0.999307952685034
4342,0.997994068157676
4343,0.9987444796498708
4344,0.9998299475273844
4345,0.9999264825360015
4346,0.9998581602612653
4347,0.9994745813466823
4348,0.9997761588909756
4349,0.9798835598842179
4350,0.7631750558239655
4351,0.9763126745158753
4352,0.9991270649576508
4353,0.9996685153811227
4354,0.9986428687870685
4355,0.9999679713908067
4356,0.9998951289572823
4357,0.9999735043852032
4358,0.99666689428967
4359,0.9963046305441371
4360,0.9997701301228568
4361,0.9999703140476862
4362,0.9983043782217162
4363,0.9999528552424601
4364,0.9999092471731296
4365,0.9644271249316657
4366,0.9987536107529635
4367,0.903290961815244
4368,0.9998519727027474
4369,0.7965392781843449
4370,0.9999770445081974
4371,0.9999254730668096
4372,0.9921843477388501
4373,0.9999759752317106
4374,0.9999026977692205
4375,0.07038707396863482
4376,0.9993865933612862
4377,0.9992734100049628
4378,0.9955141418748807
4379,0.9998842559974692
4380,0.9999966701050063
4381,0.9999948624230308
4382,0.9999961855286147
4383,0.9998480724492622
4384,0.9987263240507737
4385,0.9989166331736495
4386,0.9999573101915785
4387,0.9963136883139606
4388,0.9959724543002247
4389,0.9979206781578238
4390,0.5731684044320604
4391,0.9625313848458646
4392,0.9997250092222312
4393,0.9747716958991475
4394,0.999621188207901
4395,0.9824103870859691
4396,0.9914051280917552
4397,0.9999307740600469
4398,0.9998644830001693
4399,0.9907120935688001
4400,0.9999596762100939
4401,0.8371457024553703
4402,0.9989783492379022
4403,0.9982862051531228
4404,0.9989027893675251
4405,0.970638049322879
4406,0.9998746877421338
4407,0.9999754089906708
4408,0.9953428671929581
4409,0.999154020049866
4410,0.9994884478043368
4411,0.9999738098582445
4412,0.9844069545402183
4413,0.9839960870322981
4414,0.999889569042677
4415,0.9919196785292658
4416,0.999563803885426
4417,0.9999580181606887
4418,0.465338002331943
4419,0.9999643810944848
4420,0.9052542231736033
4421,0.9999829439304809
4422,0.9999728558709805
4423,0.9997174217521981
4424,0.99859425969514
4425,0.5325399594078708
4426,0.9995739508774326
4427,0.9995988708979859
4428,0.98765807426513
4429,0.9996956838258696
4430,0.8915260435691981
4431,0.9999429705968472
4432,0.9917541094682868
4433,0.9973900871075276
4434,0.992441982882481
4435,0.9999702924365017
4436,0.9999909155499954
4437,0.997351505225255
4438,0.9981466410088448
4439,0.999972128766931
4440,0.9992179758620622
4441,0.9999703563710451
4442,0.999367981085257
4443,0.999291441207614
4444,0.9993537595691905
4445,0.9999921838873369
4446,0.9982298407024129
4447,0.9969618734771672
4448,0.9993102050919206
4449,0.9991653755199305
4450,0.9999837208383654
4451,0.9995908903141658
4452,0.9999809849392337
4453,0.9995904508669214
4454,0.9982165882596339
4455,0.9999924529410158
4456,0.9976795757033713
4457,0.9992849831697976
4458,0.9994910635951473
4459,0.9999708515291965
4460,0.9998823316768489
4461,0.9992197497043975
4462,0.9927655000271988
4463,0.9998399824778458
4464,0.687769824435693
4465,0.9997983195512579
4466,0.9864594715664066
4467,0.6083915723662925
4468,0.9994179068281921
4469,0.9960083441985336
4470,0.9997203726608228
4471,0.999987451095491
4472,0.9999582296249795
4473,0.9981829371970068
4474,0.9999659662408021
4475,0.9909243331106831
4476,0.998734854590659
4477,0.9999815518844943
4478,0.9999257001015524
4479,0.93603281252084
4480,0.6544759302944572
4481,0.9978115462374672
4482,0.999973495393
4483,0.9946955516195265
4484,0.999866819506558
4485,0.9996894783506997
4486,0.998104271908311
4487,0.07482862749936929
4488,0.9999828200888538
4489,0.9292446496742185
4490,0.9996201363669662
4491,0.9999825224430012
4492,0.7451941930009868
4493,0.9999856212496765
4494,0.9875382626324979
4495,0.999574131367942
4496,0.9951639789394928
4497,0.45692919636867374
4498,0.9834196816199569
4499,0.9998745128526049
4500,0.99719915225786
4501,0.9999764460824138
4502,0.9946400614332562
4503,0.9878654813768192
4504,0.9991122924405214
4505,0.9999874902852943
4506,0.9993296680231777
4507,0.999828411653937
4508,0.9999534760984188
4509,0.9985361893890288
4510,0.8331869193954097
4511,0.9991020675890813
4512,0.9999786881194135
4513,0.9842287784561523
4514,0.999494480667096
4515,0.9999327154665507
4516,0.9954877155439226
4517,0.9747367918363352
4518,0.8529210339462721
4519,0.4416708175367041
4520,0.9999596831296705
4521,0.999452902419912
4522,0.9934273932794982
4523,0.9997064362748197
4524,0.8956658539429961
4525,0.9895939378742559
4526,0.9999509561722426
4527,0.8418616479742478
4528,0.9993952820531974
4529,0.9955497335827372
4530,0.9896158789915539
4531,0.7996381948198485
4532,0.9678273627832491
4533,0.3464365981087727
4534,0.9912771501361335
4535,0.9999914884996968
4536,0.9999905420354801
4537,0.9976125570389508
4538,0.9906117593429987
4539,0.9945223547093459
4540,0.9985960633563161
4541,0.9991101678528634
4542,0.9933429074187592
4543,0.9999822270846549
4544,0.4985919068193212
4545,0.9992950932281355
4546,0.9988983706713723
4547,0.9999875911075023
4548,0.9583189596996892
4549,0.9988892167526366
4550,0.7075445763899424
4551,0.9990898977564844
4552,0.9536628877510264
4553,0.9988977645566339
4554,0.9899919606434795
4555,0.9999307868269106
4556,0.99979317821578
4557,0.9994594531755595
4558,0.95048785307109
4559,0.9991234208762589
4560,0.9977478415842813
4561,0.03047937179536697
4562,0.8126809543800433
4563,0.9999618786323898
4564,0.9821051131093594
4565,0.9999456032286335
4566,0.9999767184327382
4567,0.9757940722762907
4568,0.9987010773583147
4569,0.9999987101115729
4570,0.9971505485785502
4571,0.9995182254549004
4572,0.9979325947025259
4573,0.9991022477373372
4574,0.9999606488796964
4575,0.998906010690153
4576,0.9999251141718705
4577,0.9900592183033634
4578,0.9999606904848518
4579,0.9999795024375908
4580,0.9916024971461611
4581,0.9999174430264819
4582,0.9997566196634194
4583,0.9993395105797597
4584,0.999905557650822
4585,0.9919310299931249
4586,0.9758204170468485
4587,0.9933976896935165
4588,0.9999805015448544
4589,0.9952799686498367
4590,0.9990021854235198
4591,0.9983406349115216
4592,0.9997908506728536
4593,0.9999847605134669
4594,0.9990064117245928
4595,0.9995610449179362
4596,0.984498448904892
4597,0.993557900177795
4598,0.9993474272425376
4599,0.959211111845668
4600,0.990239265170592
4601,0.9998318780494829
4602,0.9990943442042852
4603,0.9999136155151322
4604,0.9997616651204771
4605,0.9999632611504283
4606,0.9446847395047031
4607,0.9920725677302406
4608,0.9992327349631008
4609,0.9995518354325305
4610,0.9999912701922589
4611,0.058850692052428905
4612,0.9881545986141221
4613,0.9970383023360986
4614,0.9852311862212012
4615,0.9861237560281222
4616,0.9999832136636024
4617,0.9979031828155169
4618,0.9998823377910177
4619,0.999894753589645
4620,0.9999966629195854
4621,0.9992927922300667
4622,0.9898342989243004
4623,0.9997137818442781
4624,0.9960681620204853
4625,0.9885415153376798
4626,0.9997634854972023
4627,0.9998318949199001
4628,0.6605477636151271
4629,0.9902677927465531
4630,0.9920265523971972
4631,0.9938576855371732
4632,0.9936360416792713
4633,0.9997776099185139
4634,0.9996744176214154
4635,0.9994659982710961
4636,0.9998685004180866
4637,0.9999652604993509
4638,0.9999754218402969
4639,0.9934502394921891
4640,0.99562933672425
4641,0.9999819826333316
4642,0.9861226090167434
4643,0.9939117571645942
4644,0.999789699727696
4645,0.9991292832780289
4646,0.9999512912990891
4647,0.9996410986855848
4648,0.4800664688045281
4649,0.9995310130899956
4650,0.9744960510231155
4651,0.9652019310396437
4652,0.9569170569188717
4653,0.4137445191722588
4654,0.9998398649886129
4655,0.9998179010517334
4656,0.9961137676549063
4657,0.999218336067148
4658,0.9998519727027474
4659,0.9995559581229329
4660,0.9993121324610628
4661,0.9945884166832942
4662,0.9984350588981005
4663,0.8405036725128524
4664,0.9991489524639199
4665,0.9992228620945576
4666,0.9997390058390094
4667,0.999974537504891
4668,0.9989585648100562
4669,0.9992730363911799
4670,0.999117618785884
4671,0.9952780131837768
4672,0.7822189787123041
4673,0.993522158780462
4674,0.8809160168404851
4675,0.8687177124567986
4676,0.9901393027366765
4677,0.9562032253781596
4678,0.999749737735583
4679,0.99963606241237
4680,0.9935014084289852
4681,0.9978095251322701
4682,0.9999431074083015
4683,0.9969871331348812
4684,0.9983557932834883
4685,0.9995041138945909
4686,0.9522810369625568
4687,0.9836347290521446
4688,0.9993062308287788
4689,0.9998927780681126
4690,0.9999329107414107
4691,0.9999993016009737
4692,0.9999060193271632
4693,0.9996296820973406
4694,0.9348743278900573
4695,0.9966622645376615
4696,0.9997855289124562
4697,0.9997744339053352
4698,0.9999930028425805
4699,0.999311371163179
4700,0.9983227819978133
4701,0.962498374205329
4702,0.9994294081405755
4703,0.9995523362794322
4704,0.9980262019995235
4705,0.9464746444021729
4706,0.9420709200752875
4707,0.9991818968144549
4708,0.9978211696111645
4709,0.9808445153140729
4710,0.9999806660876035
4711,0.9949582457031907
4712,0.9657878857162192
4713,0.9995941138007232
4714,0.9999598088324902
4715,0.999760193355567
4716,0.6919339369392643
4717,0.9999581015516672
4718,0.9995711484327078
4719,0.9971323685749954
4720,0.9524250710837822
4721,0.9993490768799232
4722,0.6708912913388676
4723,0.8516297232873934
4724,0.9992076373291049
4725,0.9958274564898947
4726,0.9994781591420301
4727,0.8614154534716107
4728,0.41713190424568386
4729,0.9998335468832437
4730,0.9999569662516394
4731,0.9999413077272684
4732,0.9963444873356001
4733,0.9999459701678987
4734,0.9991158356921233
4735,0.9996324712770375
4736,0.9942909136751843
4737,0.9998846824315843
4738,0.9992923322344419
4739,0.9993800959345416
4740,0.9997191691842038
4741,0.7942484597961585
4742,0.9999869492762256
4743,0.9992596193093639
4744,0.9999925053846722
4745,0.9878700966279116
4746,0.9954256726322024
4747,0.8997621239260796
4748,0.9816510501022898
4749,0.9976850805782104
4750,0.9987785085206901
4751,0.9931205352609678
4752,0.9992531611815183
4753,0.7185939360080562
4754,0.9987781055525171
4755,0.999779209088948
4756,0.999590296474495
4757,0.7118628630178757
4758,0.9686621347025962
4759,0.999453341619015
4760,0.9994189678029507
4761,0.9988992728520185
4762,0.9996559260170839
4763,0.9928833801454177
4764,0.9998175133286306
4765,0.9967992570349795
4766,0.9955425097201391
4767,0.7293814402297625
4768,0.9996073788510969
4769,0.9987363964055022
4770,0.9968938282900455
4771,0.9999357067067538
4772,0.9995032768147296
4773,0.9966842468131097
4774,0.9791695910888286
4775,0.9856747539820956
4776,0.9705224324423387
4777,0.9999599370495167
4778,0.99995771071744
4779,0.9464822494470788
4780,0.9144384834827055
4781,0.9930366448186472
4782,0.9989303043643408
4783,0.9999877586086623
4784,0.9513990605900926
4785,0.9999657545725006
4786,0.9856267576734252
4787,0.7990552489211294
4788,0.9714581557170082
4789,0.9999069168796183
4790,0.9801260688117698
4791,0.6325211359798875
4792,0.9156587479329639
4793,0.5302159824704854
4794,0.9559851147407389
4795,0.61053997241491
4796,0.9962319465847587
4797,0.9960081801917319
4798,0.9999387234731505
4799,0.9893893502369798
4800,0.9989070968960694
4801,0.9999747997383454
4802,0.9997781608067754
4803,0.9997451477764387
4804,0.9993456205597562
4805,0.9879566220766638
4806,0.9999262358538007
4807,0.99996550397149
4808,0.9999691248975835
4809,0.9999421577754627
4810,0.9999444010389563
4811,0.999526015461559
4812,0.8105384254361417
4813,0.9893962908040901
4814,0.759408410467806
4815,0.9999578819201185
4816,0.5704676397149049
4817,0.9999635523647513
4818,0.9504018824405538
4819,0.9882138449286075
4820,0.9996068646625546
4821,0.9988916230882247
4822,0.9703016983811076
4823,0.9855339337014243
4824,0.953895096116673
4825,0.9564765528557757
4826,0.9994077018942102
4827,0.9600569398839519
4828,0.9987180041637082
4829,0.9995536959781808
4830,0.9994075574874733
4831,0.9996176934390141
4832,0.998789680042238
4833,0.9960891879869269
4834,0.9990410210260632
4835,0.9999960294715288
4836,0.999133194681058
4837,0.9313381831996156
4838,0.9997879881585159
4839,0.9994067286458509
4840,0.999862675550212
4841,0.9966213951532613
4842,0.9996392432110147
4843,0.8019368626332023
4844,0.9995316826696368
4845,0.8717881487980963
4846,0.9975770875551704
4847,0.9999948738139779
4848,0.9305609367019829
4849,0.9998603125975886
4850,0.9685688768822162
4851,0.9998055073999371
4852,0.9998493030186701
4853,0.9986053116903877
4854,0.9993491478057251
4855,0.999282764068117
4856,0.9854353650408517
4857,0.9999584309653121
4858,0.9999709762509837
4859,0.9998501573499993
4860,0.9990678242076174
4861,0.9990968197329998
4862,0.9998361268968724
4863,0.9909221910166947
4864,0.9986836496790351
4865,0.9989568996267268
4866,0.5285683592367962
4867,0.9999812805154835
4868,0.999481967518027
4869,0.9991425417391823
4870,0.9686873165102469
4871,0.9999596413121505
4872,0.9979794953966749
4873,0.9999832855369138
4874,0.9995972870067473
4875,0.9999831169403925
4876,0.031673799505062
4877,0.9998201796919362
4878,0.9989358703446133
4879,0.4837199111639142
4880,0.9928622665776381
4881,0.9998393385071785
4882,0.9995844092417909
4883,0.9651207089399542
4884,0.9994713667426499
4885,0.9968337479134328
4886,0.9998849695697333
4887,0.999818438525075
4888,0.9851615542381877
4889,0.9999084254356612
4890,0.9999639109842163
4891,0.9998722420853599
4892,0.9993734563150309
4893,0.991529257650162
4894,0.9979223333162072
4895,0.9987694034796964
4896,0.9999920936609714
4897,0.9993580005333159
4898,0.9994911450125032
4899,0.9991991317356643
4900,0.9989916544503878
4901,0.8984992076248003
4902,0.9930366448186472
4903,0.9995439164590537
4904,0.998826326340738
4905,0.9983702803762029
4906,0.9947887770987099
4907,0.9995055770845345
4908,0.9168666954824979
4909,0.9680851198959834
4910,0.9871912224429417
4911,0.9990782058778614
4912,0.9998791535003817
4913,0.9989587292746847
4914,0.9996034476347684
4915,0.9679033483816927
4916,0.999692212249304
4917,0.9997100382697373
4918,0.999914063269168
4919,0.9997192626105373
4920,0.999945283515906
4921,0.828920280594908
4922,0.9996048429087357
4923,0.9974653365583505
4924,0.9998092388909674
4925,0.9917941447936195
4926,0.46414318651420394
4927,0.9976273291341051
4928,0.9991382155131021
4929,0.9968470867229963
4930,0.9999217371312505
4931,0.9953130189772419
4932,0.9999544967729002
4933,0.999027891273734
4934,0.999925271833026
4935,0.9990118567291559
4936,0.9992400043580841
4937,0.9985940389978036
4938,0.99318487380034
4939,0.9999236300183076
4940,0.9929824156894101
4941,0.9998509697567968
4942,0.9974904939645804
4943,0.999667763336611
4944,0.9999674101432615
4945,0.9999709884435963
4946,0.9761504570868365
4947,0.9956969720663084
4948,0.9893709809424738
4949,0.9999384155811651
4950,0.9936250431350554
4951,0.9992580397873191
4952,0.9997196057026325
4953,0.9987125437366935
4954,0.9718099989549253
4955,0.9997956252044075
4956,0.999677192994986
4957,0.9970454289359727
4958,0.9993648753725806
4959,0.9999888172993555
4960,0.999899212610354
4961,0.9999807484362324
4962,0.9998121798967078
4963,0.9999466205921146
4964,0.999960877497294
4965,0.9984448238625225
4966,0.998797270645268
4967,0.9973677560670756
4968,0.9999722188983925
4969,0.7067273932011223
4970,0.9999416110848243
4971,0.999983829638777
4972,0.6634043854248669
4973,0.9965389455711258
4974,0.9999933341924577
4975,0.9997650392955006
4976,0.9901904345549961
4977,0.9998094337591366
4978,0.9999673861119587
4979,0.9994295097889269
4980,0.9999298806334721
4981,0.9994206597506399
4982,0.9999867911810906
4983,0.9063056789776908
4984,0.9811533388451846
4985,0.9999042543714661
4986,0.9998934241597924
4987,0.7437443539188964
4988,0.9802915028703786
4989,0.8348727922345307
4990,0.9958568343904302
4991,0.6889420111559093
4992,0.9981911784663458
4993,0.9997285194138226
4994,0.9980854140502179
4995,0.9999780681601967
4996,0.9979803207126355
4997,0.998317007014847
4998,0.37665237802994306
4999,0.9997249188435605
5000,0.11042576428001546
5001,0.9999595550874019
5002,0.9978219748178283
5003,0.9952282461640388
5004,0.9998140085698564
5005,0.9638933327122521
5006,0.9986733195740847
5007,0.9998872888938287
5008,0.9992601667715575
5009,0.9852567537736848
5010,0.9999549001934834
5011,0.9970865383066478
5012,0.998766719681133
5013,0.9304802994664082
5014,0.974234691800194
5015,0.844378670657417
5016,0.9991899046504016
5017,0.9989496320767557
5018,0.9994489652008809
5019,0.9999476036391303
5020,0.9887373471638777
5021,0.9979320816872778
5022,0.9954376051615976
5023,0.9727912457098611
5024,0.9999797100871948
5025,0.9995570702289136
5026,0.9998210718468388
5027,0.9957531002474015
5028,0.9962341498124901
5029,0.9990367339202226
5030,0.9918542538095939
5031,0.9982546724538827
5032,0.9819352871427875
5033,0.9728940261842753
5034,0.943817172847644
5035,0.9975901531093168
5036,0.9993092062749936
5037,0.9993050907794712
5038,0.9998201990114688
5039,0.9821448406369533
5040,0.37981160256235946
5041,0.9980190410157912
5042,0.13880292319839188
5043,0.998031142869972
5044,0.9990223075162924
5045,0.973123119250233
5046,0.9999088807892342
5047,0.9995040197531032
5048,0.9999294850466246
5049,0.9999559497461408
5050,0.8444875936925937
5051,0.9869592811520259
5052,0.9987004244018282
5053,0.9998955816007757
5054,0.9999162472777883
5055,0.9634423637921178
5056,0.33683974913077425
5057,0.9999756656711687
5058,0.9999884134972049
5059,0.9958572246843181
5060,0.9999832448877619
5061,0.9999482067007732
5062,0.9999252897146647
5063,0.9998530539660214
5064,0.9999738038742061
5065,0.9999828960926224
5066,0.9989418479515262
5067,0.9997204499524137
5068,0.999516772339971
5069,0.989041469862063
5070,0.9999407235147914
5071,0.9999671143012683
5072,0.9950071423210851
5073,0.9997848947930182
5074,0.45525445954676474
5075,0.9980316760940688
5076,0.9989470515145955
5077,0.9996716526859358
5078,0.9969433940474252
5079,0.9999864518569289
5080,0.9985360920720435
5081,0.9996302387300675
5082,0.999329454175889
5083,0.9997868128382285
5084,0.9994300712551842
5085,0.9982840482349647
5086,0.9999800385416491
5087,0.9999923760626207
5088,0.9999798130594482
5089,0.9985634400809976
5090,0.999888500471997
5091,0.2964664211514408
5092,0.9983427166709818
5093,0.9935204738148202
5094,0.9317201402644685
5095,0.9990762521385833
5096,0.9707160830935135
5097,0.9974680394983586
5098,0.9998834189046436
5099,0.9690369712391705
5100,0.9996638283459147
5101,0.9999657490888251
5102,0.9995395927933677
5103,0.036214654448332884
5104,0.9999469036618223
5105,0.990376509012502
5106,0.9382803706332224
5107,0.982048313754774
5108,0.9752780444651584
5109,0.9902516180590636
5110,0.9999461079349936
5111,0.9600976304749435
5112,0.998914973044251
5113,0.9860164890218919
5114,0.9823798764097248
5115,0.9983242337899987
5116,0.9999873513483348
5117,0.9993724945394911
5118,0.9998419793244797
5119,0.9940054223461988
5120,0.9991990031195326
5121,0.9999796830817583
5122,0.9941289457063887
5123,0.982866587741401
5124,0.9456100442553574
5125,0.9987766254013734
5126,0.9999883851862228
5127,0.9999972008476522
5128,0.9998165207918371
5129,0.9999854369041201
5130,0.9999267433670889
5131,0.999762559162466
5132,0.9965156532397327
5133,0.9973175253794003
5134,0.999606881544144
5135,0.9926609169227665
5136,0.9972786307274645
5137,0.056046161106260005
5138,0.9997736000617892
5139,0.9998728249962685
5140,0.9994464192160907
5141,0.9994853090136444
5142,0.9999836555064611
5143,0.239258601006289
5144,0.9992974488000227
5145,0.4170648386054215
5146,0.9894680774099349
5147,0.9560041963176631
5148,0.998858088595353
5149,0.9904246765891995
5150,0.9971866150115938
5151,0.99960628502585
5152,0.9978120702988931
5153,0.9993890155022105
5154,0.9999408038451256
5155,0.9904490914858488
5156,0.9947893493675304
5157,0.9945505127782127
5158,0.9993602643010199
5159,0.9999753401879834
5160,0.999946880159341
5161,0.9999193826620166
5162,0.999239966591538
5163,0.9989044162773283
5164,0.7205269840679608
5165,0.9982289638283203
5166,0.9997562422929815
5167,0.9975571783617059
5168,0.9999276063583042
5169,0.8407197541699909
5170,0.9994997922222469
5171,0.9965825425805807
5172,0.9990279831255833
5173,0.947823681161749
5174,0.9999389331958631
5175,0.9997652297467461
5176,0.984436643111329
5177,0.9999851358083305
5178,0.987481508748154
5179,0.9999850923881269
5180,0.9999698707032736
5181,0.9999744154129323
5182,0.8677901200137432
5183,0.9999623664588074
5184,0.9999755506762699
5185,0.9999472398210301
5186,0.9994311114250899
5187,0.9916790801132652
5188,0.9958885851333297
5189,0.9281441921683683
5190,0.8414008001189334
5191,0.9827410041488728
5192,0.9999596450944911
5193,0.9999457739308126
5194,0.9984310873390219
5195,0.6907760947817128
5196,0.9997373781884152
5197,0.9987948427116429
5198,0.9642506650724842
5199,0.9997636202648349
5200,0.9993924692332156
5201,0.9960345927334211
5202,0.9999916744265104
5203,0.9994919919803414
5204,0.9999986757546336
5205,0.9921071189571932
5206,0.99923495832457
5207,0.9994910999956719
5208,0.9999477373914463
5209,0.9978587800351653
5210,0.9960017887892892
5211,0.45114213364770117
5212,0.9990910574502899
5213,0.8852610917504571
5214,0.9915759152364053
5215,0.9998028980985453
5216,0.9996809452173578
5217,0.946850640787289
5218,0.9999864587588353
5219,0.9993763160423027
5220,0.9722940341747923
5221,0.8640826120090305
5222,0.333877547557662
5223,0.9999725189111849
5224,0.999964433032155
5225,0.9990852867575158
5226,0.9999629838965279
5227,0.9987175568514239
5228,0.9983269570394181
5229,0.9994864764945977
5230,0.999684287323443
5231,0.7647851882397676
5232,0.9991265539646569
5233,0.9988866666908441
5234,0.9996559060076461
5235,0.9999820040789389
5236,0.9999248035934983
5237,0.9991991901976329
5238,0.9662275709609496
5239,0.9673375978077299
5240,0.9988576348249854
5241,0.9994322563797239
5242,0.9990969449647947
5243,0.9998086623886911
5244,0.9999984369906155
5245,0.9994323733324709
5246,0.9994131203630251
5247,0.9981430449732382
5248,0.9968286008496727
5249,0.9941772303788401
5250,0.9992023530558634
5251,0.5046868465002293
5252,0.9990108999807868
5253,0.9998085280688083
5254,0.9443201288972666
5255,0.9992963865776626
5256,0.9984904510668271
5257,0.9969586309287365
5258,0.9056605766739263
5259,0.9804685740619454
5260,0.9997826997720412
5261,0.9909830460966197
5262,0.999993761369261
5263,0.9999599739004862
5264,0.9857406224158561
5265,0.9943897534855202
5266,0.9856882951132006
5267,0.9999150503283484
5268,0.9997123705788106
5269,0.2096313920919669
5270,0.9997812789643822
5271,0.9330087873655791
5272,0.9767110342092377
5273,0.999564388208547
5274,0.9999710910280819
5275,0.999629799643579
5276,0.9995865934621543
5277,0.8270698094879995
5278,0.9995334074296646
5279,0.9980917133844325
5280,0.999103144308211
5281,0.9991149747255289
5282,0.9970214067543924
5283,0.9249418570529125
5284,0.997595775829168
5285,0.9694294727517508
5286,0.963581657979964
5287,0.18349471695463973
5288,0.9908861462028552
5289,0.9999814279162471
5290,0.9985686936637445
5291,0.9999711924484385
5292,0.9997163424941989
5293,0.9992452918541462
5294,0.9999045557202384
5295,0.992626627253942
5296,0.9892130058160993
5297,0.9814312370277679
5298,0.9943707734145314
5299,0.999760200359527
5300,0.9994977269589551
5301,0.9995500315225767
5302,0.9997682233559514
5303,0.9875160730452569
5304,0.9999805212013969
5305,0.88319705893441
5306,0.9993198021364261
5307,0.999938527051484
5308,0.9994366122664492
5309,0.8619130236786583
5310,0.9999233896365788
5311,0.9998033027428583
5312,0.999636505403051
5313,0.9978660431741215
5314,0.9985218754292066
5315,0.9995185858556023
5316,0.9999502518312944
5317,0.8885964290365407
5318,0.99989246027164
5319,0.9775307264753962
5320,0.9996644447309281
5321,0.9718099989549253
5322,0.999237503712403
5323,0.9994398523615377
5324,0.8338355925894526
5325,0.9258577253451732
5326,0.41897612926663963
5327,0.9988462096204547
5328,0.9082811608365201
5329,0.9999728767656928
5330,0.9985945116847325
5331,0.9996764794637716
5332,0.9763808166409041
5333,0.9997601372077851
5334,0.9996658069946646
5335,0.9983321390436446
5336,0.9913173865333453
5337,0.5309036734438541
5338,0.9999782743491303
5339,0.9960681620204853
5340,0.9999558547669425
5341,0.9983328457842084
5342,0.9998637725437808
5343,0.9982045451241198
5344,0.6139603180292684
5345,0.9997292840697891
5346,0.9994930256605048
5347,0.9991897381975863
5348,0.9999784412081738
5349,0.9605921792761704
5350,0.9998959071286633
5351,0.9890156176349154
5352,0.9999847736446295
5353,0.9948964134221941
5354,0.9999946340113048
5355,0.9924107316042227
5356,0.9999776631650573
5357,0.9999243985272784
5358,0.9658812978379786
5359,0.9999440954386266
5360,0.9984050521401615
5361,0.9998844446462332
5362,0.9995484231574715
5363,0.9995839280460657
5364,0.9998354827177017
5365,0.9999841514205973
5366,0.9996760885250826
5367,0.9987718362845616
5368,0.7979263501004183
5369,0.9979748206258808
5370,0.9950837298547146
5371,0.9999191249358088
5372,0.9999924922831881
5373,0.9994413496307432
5374,0.9999090520888592
5375,0.9465984966098621
5376,0.9775286245169768
5377,0.8979104863963538
5378,0.9913073702012206
5379,0.9998246592544384
5380,0.9831182994150259
5381,0.9985781039373356
5382,0.9949652578759203
5383,0.9981969554564218
5384,0.997153537406324
5385,0.9992373552353642
5386,0.9991589863303378
5387,0.999322636716469
5388,0.9845155111453862
5389,0.9946648913030851
5390,0.9044566664276557
5391,0.999443772404184
5392,0.9993523923709203
5393,0.9998759522771558
5394,0.9999823177467674
5395,0.9997662325273067
5396,0.9999546224703906
5397,0.9831028954173242
5398,0.9999769175856159
5399,0.990639759921111
5400,0.9945377020392112
5401,0.9936364711988789
5402,0.9990619441635253
5403,0.9773065100497855
5404,0.999998449410938
5405,0.9993906697944963
5406,0.9981904908712447
5407,0.9999659036943608
5408,0.9999933541547189
5409,0.9859827831281083
5410,0.99923107097367
5411,0.3267324370714233
5412,0.9998328615366354
5413,0.9664776538228983
5414,0.9999750072868553
5415,0.9889324628969572
5416,0.999370821420398
5417,0.9995800962781975
5418,0.9989222157056965
5419,0.9999581696309396
5420,0.9907127397502227
5421,0.9901925024037455
5422,0.08805689370578722
5423,0.9951334051336926
5424,0.9641034151788079
5425,0.9991642967104117
5426,0.6252149155144301
5427,0.999233317138857
5428,0.9842154615391151
5429,0.9919187401364994
5430,0.36604465214680615
5431,0.9995870757776463
5432,0.9880815308220781
5433,0.9785204872598487
5434,0.2016043475035287
5435,0.9999346798271079
5436,0.9980266142795169
5437,0.9999656557516627
5438,0.999956462688252
5439,0.968616883285726
5440,0.908858873927872
5441,0.9999247917256863
5442,0.9946160442345776
5443,0.9980877545229202
5444,0.9988518490391831
5445,0.99252878721493
5446,0.999856621346641
5447,0.9957518528651562
5448,0.9996855353456969
5449,0.9430404211002974
5450,0.9990350330229092
5451,0.999981792275719
5452,0.9950132178966575
5453,0.9952964075259222
5454,0.9999378944604744
5455,0.9999570739682815
5456,0.9891733181177287
5457,0.9994088328481341
5458,0.9978358091782551
5459,0.999302769225759
5460,0.9998548925768028
5461,0.9978461596929044
5462,0.9990306037322825
5463,0.9999255802859957
5464,0.8550705078467946
5465,0.9999481762789867
5466,0.9999734823920539
5467,0.9999738352327987
5468,0.9999883406158435
5469,0.9951997258731273
5470,0.99974985757401
5471,0.999212092576498
5472,0.997793644151568
5473,0.9329449313899252
5474,0.9949060050094648
5475,0.9969775592267751
5476,0.8675736118447953
5477,0.9999080145187943
5478,0.9983247715140428
5479,0.45103667328238173
5480,0.9272883702424409
5481,0.9320690269061802
5482,0.9992823663569695
5483,0.9940723784602196
5484,0.9988758915177784
5485,0.984052154122026
5486,0.9992328597821022
5487,0.9999852061380432
5488,0.9963535503975898
5489,0.6550442685248127
5490,0.9843288968357691
5491,0.9990181779009343
5492,0.9999156702539362
5493,0.9980414078895159
5494,0.9377688019047411
5495,0.905296574452368
5496,0.9941542811596357
5497,0.9934017691568425
5498,0.8933277581310917
5499,0.9982320103460128
5500,0.9913254807380787
5501,0.9996246216806033
5502,0.9999139672562996
5503,0.9938936883078199
5504,0.9998935772941452
5505,0.9883895764586116
5506,0.9999151984903808
5507,0.9987690281134219
5508,0.9991245519000833
5509,0.999919351113576
5510,0.9995260092646522
5511,0.992708253339322
5512,0.9999788636746855
5513,0.9983189683049317
5514,0.99579047797409
5515,0.9988848126836737
5516,0.9985011972896174
5517,0.9980744501966773
5518,0.9998005840313355
5519,0.999989708588782
5520,0.9921600222992998
5521,0.9990502182418121
5522,0.9983463804573175
5523,0.9992961824563039
5524,0.9999843366963341
5525,0.9997078633558273
5526,0.9902702993240845
5527,0.9766850395937728
5528,0.9991952628833903
5529,0.5961571242436209
5530,0.9999662105934545
5531,0.9925657193571878
5532,0.9968342384793025
5533,0.9994767274398428
5534,0.9994526792183872
5535,0.9995849276528116
5536,0.9862182940045655
5537,0.9998768564531406
5538,0.9562437091731545
5539,0.9989950166999538
5540,0.9963896867413012
5541,0.8022410239029057
5542,0.37617266504128233
5543,0.9990179894687369
5544,0.9994448361066707
5545,0.9991063646435719
5546,0.9999484589660944
5547,0.9898082496535237
5548,0.993715654888865
5549,0.9992842258811427
5550,0.9931979957423778
5551,0.9798134009216134
5552,0.9993833482352213
5553,0.9997659180509129
5554,0.9997647488310825
5555,0.9896445217951509
5556,0.9995380339258458
5557,0.9989950235385843
5558,0.999177408311946
5559,0.9884767018023534
5560,0.9480790104329208
5561,0.9999552492063074
5562,0.9980406662483592
5563,0.0166354279053883
5564,0.9817920995734929
5565,0.999742220021691
5566,0.9674252260387823
5567,0.525028079914957
5568,0.9760794281419473
5569,0.9996498216124593
5570,0.07404651391425442
5571,0.9999945124742408
5572,0.9952911154783121
5573,0.9257323478228814
5574,0.874618356212812
5575,0.9992931275333803
5576,0.9997691298688077
5577,0.9994715590748572
5578,0.9993288245448385
5579,0.9987266675889163
5580,0.919148610611735
5581,0.9998599577617665
5582,0.9602694002058006
5583,0.999979622337376
5584,0.9984421409568595
5585,0.9613590721853567
5586,0.9999803164448039
5587,0.9995420146851967
5588,0.9861358057870473
5589,0.9998851807828626
5590,0.9999687978019264
5591,0.9972831488023325
5592,0.999986614716849
5593,0.9988408311179975
5594,0.9996398906437357
5595,0.811196631865336
5596,0.943760065762393
5597,0.9995331868289685
5598,0.9966176746629047
5599,0.9928776158313118
5600,0.9999177617191836
5601,0.9998669019166193
5602,0.670701710406037
5603,0.9074314417321506
5604,0.9937476186672111
5605,0.976807507584846
5606,0.9983700629287056
5607,0.9977481960163509
5608,0.999315575856596
5609,0.9995358754057814
5610,0.9944434076368228
5611,0.9654715818690777
5612,0.8184073137825113
5613,0.9664335292986773
5614,0.9995175010629961
5615,0.9948370979779032
5616,0.9989534368017107
5617,0.993224591920867
5618,0.9999071302512808
5619,0.9994499005606851
5620,0.9927973630897632
5621,0.999633950018739
5622,0.9999846480989939
5623,0.9545939631755663
5624,0.9943162191143744
5625,0.999229495161495
5626,0.9999714571967622
5627,0.9957532580089378
5628,0.9999568358299807
5629,0.9990512153607981
5630,0.9999841514205973
5631,0.9999235292757939
5632,0.999856297578725
5633,0.9995193537578412
5634,0.9995584745545854
5635,0.9999652952991397
5636,0.9898401111081944
5637,0.9993866421879777
5638,0.9958516502078884
5639,0.9996756191729523
5640,0.9981768204223781
5641,0.9998380832694822
5642,0.6448526431131438
5643,0.9994218732278649
5644,0.9964903924847514
5645,0.9980133198082329
5646,0.9994714123495592
5647,0.9994482230167191
5648,0.9992103591992328
5649,0.9813618376535106
5650,0.9996745316092589
5651,0.9972487062739911
5652,0.9996488015458272
5653,0.9728203821074936
5654,0.9999898071087886
5655,0.9952155610964074
5656,0.9996810602013161
5657,0.9999707789338509
5658,0.9999545552738918
5659,0.9946059655796479
5660,0.9813019149778422
5661,0.9967311588887623
5662,0.9361318910020487
5663,0.8301785426274776
5664,0.9528665667780185
5665,0.9994792565817453
5666,0.9999421836061277
5667,0.9992726829616199
5668,0.9980460554177825
5669,0.944735384240165
5670,0.989103294239181
5671,0.9909445690139116
5672,0.9987606650000798
5673,0.9697772377051218
5674,0.999879317136479
5675,0.9991393364797443
5676,0.9964029272788966
5677,0.9998039734872907
5678,0.9992323078299336
5679,0.998799310075786
5680,0.9668422541041094
5681,0.9994302221595689
5682,0.999983806378866
5683,0.9999671681048029
5684,0.9991855171566096
5685,0.9995572879049269
5686,0.9987669391422265
5687,0.9275828798436163
5688,0.9998313267839637
5689,0.9999375205860427
5690,0.985915228528966
5691,0.9962868947633252
5692,0.918506493431419
5693,0.9999706351064002
5694,0.9990155431239056
5695,0.9962735333988574
5696,0.9998330321632004
5697,0.9979278395238653
5698,0.9994537617738426
5699,0.9859187914979229
5700,0.9367120555822092
5701,0.998735087346295
5702,0.9998174267352276
5703,0.9979922708756498
5704,0.9999865976534892
5705,0.7416193299602538
5706,0.9998295830801526
5707,0.9945634398500012
5708,0.9998979946293355
5709,0.9945792870901965
5710,0.9689367542761947
5711,0.9999392817021419
5712,0.9991544666402502
5713,0.9999260695046704
5714,0.998038847926823
5715,0.9999291200608289
5716,0.9999821969577439
5717,0.156783368150566
5718,0.9259517470261504
5719,0.9943243780776997
5720,0.99163165731481
5721,0.8195056464586251
5722,0.998389189653585
5723,0.9997608066645362
5724,0.9999852798935017
5725,0.996464989183467
5726,0.9965707851028655
5727,0.9995135114231676
5728,0.9967310146505671
5729,0.9992532137899831
5730,0.853248485241537
5731,0.9521404251043613
5732,0.9999526661026156
5733,0.8533410946323552
5734,0.9763436422893704
5735,0.9977095188771797
5736,0.9989999496737079
5737,0.9994963922222734
5738,0.9239734199773716
5739,0.9991818045570472
5740,0.9999551333458768
5741,0.9914409118830845
5742,0.9999694269491455
5743,0.9999843360151004
5744,0.9999641383008506
5745,0.9998605525903865
5746,0.9997917138712346
5747,0.996285505497123
5748,0.9998813575790367
5749,0.9994447821688008
5750,0.9995396890071506
5751,0.99919344279975
5752,0.9994041737192438
5753,0.999313413173557
5754,0.9990485141397333
5755,0.9871349248101102
5756,0.9940928018537756
5757,0.9973087368980256
5758,0.9598821060002675
5759,0.9995652829568469
5760,0.9975878824285728
5761,0.6168888220207205
5762,0.9998264649601525
5763,0.9997897077743345
5764,0.9999957878870241
5765,0.9241528691275491
5766,0.9948280425544149
5767,0.999961285906344
5768,0.999749087987591
5769,0.9986475862337696
5770,0.999928439816137
5771,0.9999203238216308
5772,0.9996170382092485
5773,0.6057148041311057
5774,0.9989972312444069
5775,0.9955860303788282
5776,0.9904633214814731
5777,0.9992026336178984
5778,0.9997772934995658
5779,0.9983393547105042
5780,0.9999506424318831
5781,0.9994653185544291
5782,0.9980357485751671
5783,0.9997649324010377
5784,0.9910235334771009
5785,0.9998137477304647
5786,0.9999297965196225
5787,0.9993983000096931
5788,0.8610156021928581
5789,0.9997514240856806
5790,0.8864630407992029
5791,0.9999208524633968
5792,0.9988587481627532
5793,0.9607610065629042
5794,0.999905259610488
5795,0.9999408710619035
5796,0.9999814721501751
5797,0.9894388453703689
5798,0.9999924385533588
5799,0.997749996174878
5800,0.9996247256287559
5801,0.9982434824226898
5802,0.9999238816002242
5803,0.9830473811128514
5804,0.9999468977370354
5805,0.9999924046084877
5806,0.9999745639490208
5807,0.9999979103725128
5808,0.9999719367498322
5809,0.9974879029226179
5810,0.8840007715435682
5811,0.6432636042721847
5812,0.9846093618504108
5813,0.9999857642369484
5814,0.9999616012140604
5815,0.999952574495212
5816,0.9997868807721648
5817,0.9998036909215469
5818,0.8777983757525141
5819,0.9700258915508148
5820,0.9991351740654558
5821,0.9964958564617775
5822,0.9919423440766871
5823,0.9724991982312927
5824,0.9994306951431147
5825,0.9999922672895691
5826,0.9985983438006002
5827,0.9980320905689501
5828,0.9632099372183357
5829,0.9999894907019181
5830,0.999900709887952
5831,0.993522158780462
5832,0.9820757120670747
5833,0.9951994261486612
5834,0.9997111401610936
5835,0.5467842895115012
5836,0.2953897826171087
5837,0.9999035928524863
5838,0.9828042561414868
5839,0.9998386381592277
5840,0.9780965971894966
5841,0.9998841974874744
5842,0.9944712292108244
5843,0.9997804222816444
5844,0.999178516445305
5845,0.9994839796649753
5846,0.9999607004020274
5847,0.9999726086721337
5848,0.9053122776306365
5849,0.9989023840283707
5850,0.9999397066354704
5851,0.997440687840758
5852,0.9958205657240219
5853,0.999952489684853
5854,0.9999637668471579
5855,0.999952042790394
5856,0.9998355275032211
5857,0.9881151338353894
5858,0.9904142311088442
5859,0.9917721371368611
5860,0.9999606609012258
5861,0.9522665941312008
5862,0.9999557180331236
5863,0.9454327032733637
5864,0.9999693578239474
5865,0.9999706043107403
5866,0.9978494257584049
5867,0.9663956116004832
5868,0.6782760832733978
5869,0.9997090265415557
5870,0.9999286220338438
5871,0.9197956954495837
5872,0.982589430029897
5873,0.9999823786941262
5874,0.9718510962362533
5875,0.9994990782939148
5876,0.9999892204908354
5877,0.9993529982996939
5878,0.999176837445448
5879,0.9999851790246556
5880,0.9999311120904895
5881,0.9982201256644841
5882,0.6832835162463389
5883,0.9767963103576975
5884,0.9999503134670318
5885,0.9997356367260358
5886,0.8230254817376546
5887,0.9982268484650079
5888,0.9999504966557599
5889,0.9947144782485948
5890,0.980891600648561
5891,0.9999742670428611
5892,0.9999508308514573
5893,0.9988333875350777
5894,0.9974998895992725
5895,0.9801878895221897
5896,0.9999486296241528
5897,0.9999603310347277
5898,0.9999893499991117
5899,0.9998884946577377
5900,0.9929983407522776
5901,0.48774726304573074
5902,0.9968215273372253
5903,0.9985845631756306
5904,0.8850836978293112
5905,0.9992357150344737
5906,0.9998339639320528
5907,0.855158666863902
5908,0.9984793242325921
5909,0.9999873694888686
5910,0.9999910975499282
5911,0.99938754923692
5912,0.9996130079678242
5913,0.9999004338677883
5914,0.9999505151146046
5915,0.038984614686562384
5916,0.999598381308616
5917,0.9990333373208145
5918,0.999932268160393
5919,0.9983460513076942
5920,0.9995763832860453
5921,0.9864450225610147
5922,0.710576631685419
5923,0.9984039947449443
5924,0.9366470461019776
5925,0.999089498189818
5926,0.2580442645454196
5927,0.9858198226870497
5928,0.9999199105382285
5929,0.997804204983902
5930,0.9992205132665432
5931,0.9999565229693529
5932,0.9993989441791464
5933,0.9119764416781062
5934,0.9976329718094379
5935,0.9870631667469375
5936,0.9999839012995835
5937,0.9471405963246953
5938,0.9971065610115513
5939,0.9982319754596497
5940,0.962441843712984
5941,0.9993552051772527
5942,0.9883551359872762
5943,0.9802094908151544
5944,0.9998886903860551
5945,0.9999609935812704
5946,0.9998935717452339
5947,0.9282079549698508
5948,0.9993214533172848
5949,0.9657791161886264
5950,0.9961151647864998
5951,0.9658873789042683
5952,0.995789710736975
5953,0.99336094968834
5954,0.9998850186082693
5955,0.9987931932662365
5956,0.9813870266057856
5957,0.9977637762278984
5958,0.999996353029103
5959,0.9998646499778087
5960,0.9999979181908027
5961,0.997446873306342
5962,0.9999331483945393
5963,0.9999536667521932
5964,0.9992950669726437
5965,0.9997584097324803
5966,0.9984995717447456
5967,0.9999835388664146
5968,0.9984089543803121
5969,0.9984050521401615
5970,0.9881036139407767
5971,0.9997521094793137
5972,0.9993320593618297
5973,0.9999556990279755
5974,0.8698822297881345
5975,0.9987975743645504
5976,0.9635620282334758
5977,0.9996823279827378
5978,0.9999857500545801
5979,0.9980357729611207
5980,0.9999445355950184
5981,0.9763438554382052
5982,0.9873538368766512
5983,0.4519954639381734
5984,0.9992234079202815
5985,0.9764025049567305
5986,0.9951165146306333
5987,0.9512244013909272
5988,0.9992086322181539
5989,0.9998311396310607
5990,0.9999765651933418
5991,0.9999204180716651
5992,0.9757780734752818
5993,0.9798558736868629
5994,0.9994154909002756
5995,0.9966624328932118
5996,0.9997719329598252
5997,0.9996573795433406
5998,0.9999216478090651
5999,0.999936310267412
6000,0.9949885952893969
6001,0.14870189539282375
6002,0.9995569103288476
6003,0.9657962922084178
6004,0.9770093501400153
6005,0.9982066861960978
6006,0.9966429386011754
6007,0.9995815937007629
6008,0.9996217629221963
6009,0.9997665840951685
6010,0.995313950356194
6011,0.9719980972390021
6012,0.6337321595774427
6013,0.9999775505752699
6014,0.379019482029228
6015,0.9993972588220348
6016,0.9921383339186475
6017,0.9999961255116789
6018,0.9997698323017186
6019,0.9718309494586498
6020,0.9877640278984636
6021,0.986178966578992
6022,0.9995569142597439
6023,0.9999029855877788
6024,0.9981379284554074
6025,0.9999531155409388
6026,0.9975480674433193
6027,0.9999523034553124
6028,0.9903500019910255
6029,0.9979358702874526
6030,0.9991842797402907
6031,0.996447311150642
6032,0.9996703066413032
6033,0.9726746451859594
6034,0.8525905566189748
6035,0.9999925086942761
6036,0.9642369592355122
6037,0.9993272936196648
6038,0.544633045109483
6039,0.9576846426766267
6040,0.9996914060567026
6041,0.999262396869501
6042,0.9924899804916814
6043,0.8605738160280725
6044,0.9999776107583813
6045,0.9997511098903072
6046,0.9937165391181051
6047,0.9552119535988329
6048,0.9984912022922364
6049,0.9998861036146875
6050,0.9997235688790883
6051,0.981102026443917
6052,0.9636489198698918
6053,0.9999680728284687
6054,0.9999408512625536
6055,0.9999739356770833
6056,0.9982760614567523
6057,0.997484753470388
6058,0.9999582571190941
6059,0.9999694763230936
6060,0.999163451924361
6061,0.9997756732256428
6062,0.926574507962193
6063,0.8750258459248259
6064,0.9999919223344524
6065,0.9992358816693122
6066,0.9999830406393589
6067,0.9998836548390851
6068,0.9996151194869186
6069,0.9992888375266076
6070,0.9384279979395442
6071,0.9980336453225408
6072,0.9747449325933533
6073,0.9998133466645047
6074,0.999567054715588
6075,0.9999448257076812
6076,0.9942173994999585
6077,0.9999791586974137
6078,0.9993981185100994
6079,0.9999785061305623
6080,0.9994159533153257
6081,0.9992816590939592
6082,0.9869995034214626
6083,0.9999813691402523
6084,0.9999596743116272
6085,0.9986277310643269
6086,0.9979593755342195
6087,0.281146818651748
6088,0.8719361228362755
6089,0.992307357302237
6090,0.9993508319418972
6091,0.9984516898949447
6092,0.9995778996955459
6093,0.9999765140620751
6094,0.9999706044483466
6095,0.999996358376356
6096,0.9996821447212705
6097,0.9951165146306333
6098,0.9998714868112287
6099,0.9998518136414059
6100,0.9999311361551934
6101,0.9758645607892735
6102,0.8364305480791246
6103,0.9365061656387761
6104,0.9999895018503955
6105,0.9491032270504844
6106,0.9981635382917139
6107,0.9976717237651241
6108,0.9984521565028754
6109,0.9999273229457497
6110,0.9930474742437
6111,0.8923571988412801
6112,0.9915829597424654
6113,0.03805571273271831
6114,0.9708030372743618
6115,0.9694739621778826
6116,0.9957154069884165
6117,0.9998443437293755
6118,0.9841162254625215
6119,0.9991985371662896
6120,0.9949727183485405
6121,0.9985428285567995
6122,0.9987980550365189
6123,0.951627007412894
6124,0.9999537801666867
6125,0.9998623771295791
6126,0.9964776969003347
6127,0.9999825612731748
6128,0.8336844030829825
6129,0.7952999277020101
6130,0.9991152124664627
6131,0.8095797382104931
6132,0.999973734443473
6133,0.9999546482381562
6134,0.9999782355022102
6135,0.9982138354906912
6136,0.9999098858607258
6137,0.9546429578499903
6138,0.9881246651644394
6139,0.9999854576052382
6140,0.9847858303293012
6141,0.9502752023561827
6142,0.9997609031448095
6143,0.9914506415802218
6144,0.9979200560922362
6145,0.9998763831534027
6146,0.999909169612534
6147,0.9671531780365593
6148,0.9992899847435956
6149,0.9962433169848808
6150,0.9996305353873041
6151,0.9999539806903252
6152,0.04869042223397873
6153,0.9982403165179807
6154,0.9997835278841629
6155,0.9382190316625473
6156,0.9999780681601967
6157,0.9998843368088587
6158,0.835656260310849
6159,0.9997523738954336
6160,0.9500702921658157
6161,0.9971211329492784
6162,0.9981907129434376
6163,0.989776059810642
6164,0.9999641189061488
6165,0.9957965673398409
6166,0.4796094794271253
6167,0.9998023610701484
6168,0.9966819664124729
6169,0.9012239646547533
6170,0.9532398468060174
6171,0.9993445790423925
6172,0.9991770565225757
6173,0.9854459728363072
6174,0.7608550753902572
6175,0.988395643316309
6176,0.9999496885646549
6177,0.999668252911308
6178,0.9547055807576149
6179,0.9999965122128341
6180,0.9963420155367751
6181,0.9961917954226188
6182,0.9992780118565686
6183,0.9991095951623825
6184,0.9999809082895698
6185,0.9999145462768516
6186,0.9990425144491794
6187,0.9758098767327936
6188,0.8530328217927389
6189,0.9897405962045861
6190,0.9999531856072265
6191,0.9826266663463693
6192,0.9978611786820771
6193,0.9997421346851083
6194,0.9996066186314826
6195,0.985035943338858
6196,0.99994755775878
6197,0.9985627724248486
6198,0.9917037112687243
6199,0.9994486551323761
6200,0.9879750691003636
6201,0.9628158412709747
6202,0.9999059068130813
6203,0.9982338954028862
6204,0.9998107687469132
6205,0.9363574299301657
6206,0.9999846448540174
6207,0.996867323319061
6208,0.9993660898865431
6209,0.9990640723770919
6210,0.9947175588214043
6211,0.9988869716635401
6212,0.9873639087669612
6213,0.9436037808239252
6214,0.9985715459319043
6215,0.6476025991520666
6216,0.9785340160044604
6217,0.2974443582546987
6218,0.9991974938477157
6219,0.9904834585126926
6220,0.9999633409745065
6221,0.996135586342203
6222,0.9995728075006863
6223,0.6900092855730694
6224,0.9999990134693422
6225,0.999370425194876
6226,0.9999978324016886
6227,0.989100132088938
6228,0.9990182650051369
6229,0.9950749041638058
6230,0.9995017588968063
6231,0.9476887924911742
6232,0.9724994265527913
6233,0.9999782388799457
6234,0.9998226384200644
6235,0.9986393121213472
6236,0.9899490016064062
6237,0.9900829270556889
6238,0.9877045072461466
6239,0.9964697094988332
6240,0.3032092176492385
6241,0.9996032660850714
6242,0.8860696005576386
6243,0.9993908719143052
6244,0.9986472400553241
6245,0.9964340960107461
6246,0.985900948396636
6247,0.9964655732025077
6248,0.9997203244774774
6249,0.9990838386319455
6250,0.996255086427907
6251,0.9991041334520766
6252,0.9962082711020277
6253,0.9998745477998507
6254,0.9995916664235825
6255,0.984888943541492
6256,0.9898966326977667
6257,0.9997940124917731
6258,0.9999476464728106
6259,0.9902366539512495
6260,0.13420581203136064
6261,0.9987621560454907
6262,0.9992155603393366
6263,0.9989094887609394
6264,0.9996242471439705
6265,0.9726769723337948
6266,0.9926756473738667
6267,0.963477910240045
6268,0.9784700516856225
6269,0.9976900684092237
6270,0.9994882206205704
6271,0.9997328295833317
6272,0.9996527916860246
6273,0.9992399253689113
6274,0.9486873505167146
6275,0.9988806603216663
6276,0.9999611634432191
6277,0.9998236546766387
6278,0.9939914063976594
6279,0.9969866602639812
6280,0.9395124668525993
6281,0.9992046531643193
6282,0.9845087499912258
6283,0.9965209843543495
6284,0.9999773200714046
6285,0.9980201491169878
6286,0.8579519287520168
6287,0.9999680593666247
6288,0.98776942739491
6289,0.9988095448624623
6290,0.999082775228184
6291,0.9999195517993128
6292,0.9902782708089987
6293,0.9993375898329603
6294,0.9992887691778505
6295,0.9898859290176681
6296,0.9999568044849096
6297,0.9903524985134567
6298,0.8917131852343783
6299,0.9999600786726024
6300,0.9835032155387261
6301,0.9975428949566457
6302,0.9995887327413063
6303,0.9999165249494529
6304,0.9996119431712278
6305,0.999760938815911
6306,0.9993335391350645
6307,0.9995651525131706
6308,0.9999798942343185
6309,0.9856033801802132
6310,0.9989855080937567
6311,0.9999722823630095
6312,0.999950595924164
6313,0.999827031714586
6314,0.5276123235503919
6315,0.806900781520099
6316,0.7928918384313278
6317,0.9959216022582421
6318,0.9259362771816744
6319,0.9970066949353813
6320,0.9999768740136485
6321,0.9986591738893873
6322,0.9999035730143351
6323,0.771120230423986
6324,0.999988888996332
6325,0.7620115990608459
6326,0.99969255614278
6327,0.1382312833047761
6328,0.9975132344701296
6329,0.9995355028632762
6330,0.996983229867961
6331,0.9999017821115238
6332,0.8829191279585988
6333,0.9984547416088414
6334,0.9680674996466377
6335,0.9989212850281007
6336,0.9966997373109721
6337,0.9996134014536685
6338,0.9950389037998479
6339,0.9999464452488969
6340,0.9996178341352876
6341,0.7226322527522465
6342,0.996979794362899
6343,0.9999814171751465
6344,0.996851940112058
6345,0.9986339212455706
6346,0.999971045356543
6347,0.9994665883926644
6348,0.9994081926947825
6349,0.9994679457020328
6350,0.9821219660122474
6351,0.9999719299833244
6352,0.9858026215212335
6353,0.9694932968184865
6354,0.36814501318161347
6355,0.9996817564866617
6356,0.9999718007854229
6357,0.9991452280264794
6358,0.9863782211877908
6359,0.9994234098856931
6360,0.9988656611560266
6361,0.9993855487882533
6362,0.9969190452485837
6363,0.9997756587380956
6364,0.9999522918170745
6365,0.8777809968903122
6366,0.9929384914992521
6367,0.9992533210421545
6368,0.9999841399270778
6369,0.9990805448016659
6370,0.9998126254966176
6371,0.9999581786035537
6372,0.7626118280260473
6373,0.9984616497670281
6374,0.9999671894806613
6375,0.9765659325842718
6376,0.7193616313437448
6377,0.6030351454533301
6378,0.8659403187758126
6379,0.9999695512452151
6380,0.9999887371777181
6381,0.9998015099040054
6382,0.9990050967370193
6383,0.9998256406234853
6384,0.9448700809579356
6385,0.999553810282628
6386,0.9997527854789338
6387,0.9999553524726443
6388,0.9957184612676413
6389,0.9999823837787433
6390,0.9995087971424149
6391,0.8182852426804664
6392,0.9997567025129356
6393,0.9999659200151151
6394,0.2539509310074019
6395,0.9999569901276364
6396,0.9998989416697834
6397,0.9998858508262511
6398,0.9999871443762276
6399,0.9823111245982574
6400,0.9996278905017106
6401,0.9946709234761403
6402,0.9999734311269548
6403,0.9999707059994649
6404,0.9857880296490985
6405,0.9999797096174777
6406,0.9991991705599016
6407,0.9972444835293293
6408,0.9697654583675932
6409,0.9998595058891041
6410,0.9991149295108344
6411,0.985149326262126
6412,0.978789044903332
6413,0.9999597521634139
6414,0.995599780941636
6415,0.9993465417440863
6416,0.9999318255267805
6417,0.9998574379113687
6418,0.9753738121843959
6419,0.9996689706184076
6420,0.9982784075070062
6421,0.995379614417362
6422,0.9720127221084577
6423,0.9989801514268564
6424,0.9999721329350991
6425,0.9999488260138534
6426,0.9998839950849108
6427,0.9978984457511784
6428,0.999941083675291
6429,0.9995723321107847
6430,0.9412785046213308
6431,0.9999754259143012
6432,0.9983538851395801
6433,0.9999816558702151
6434,0.9943372483234717
6435,0.9974993197781041
6436,0.9840326597480048
6437,0.9999915796942511
6438,0.9998331441665208
6439,0.2980843274203132
6440,0.9999496690948325
6441,0.9995498341473427
6442,0.9999749182877153
6443,0.9979645009624494
6444,0.9995358229857423
6445,0.9999701195972607
6446,0.9998793388158046
6447,0.9989641686495082
6448,0.9973989043041565
6449,0.8066724628050012
6450,0.9999617455047125
6451,0.9807175138425096
6452,0.999593031203833
6453,0.9998038589303436
6454,0.9732125279223711
6455,0.9998030960072659
6456,0.9999744901145132
6457,0.9989180656236244
6458,0.9988476624843624
6459,0.999249468242508
6460,0.9999422405948177
6461,0.9921380758058059
6462,0.9999144007087402
6463,0.9999723150961045
6464,0.9999059271714378
6465,0.2356807885328645
6466,0.8161896206063496
6467,0.9995752612028781
6468,0.9967371664689135
6469,0.9817533692054403
6470,0.9805947749854813
6471,0.9997216235723765
6472,0.9998864419736875
6473,0.9866090414640744
6474,0.9998389927932948
6475,0.9927742980243701
6476,0.9993378141666623
6477,0.9955674536223101
6478,0.9978982005690582
6479,0.9984816609807441
6480,0.9999853752765095
6481,0.9999225964153126
6482,0.9999729765147494
6483,0.9991365487081859
6484,0.963477910240045
6485,0.9812647719740464
6486,0.9892755875088443
6487,0.9999388164017876
6488,0.9998134366269356
6489,0.9999862374682282
6490,0.9996474372544899
6491,0.994188703999426
6492,0.9744906548859462
6493,0.989106379422917
6494,0.9999731725983054
6495,0.9983404526938164
6496,0.9998220072091549
6497,0.9982925692826689
6498,0.9998956193483161
6499,0.15900455146041687
6500,0.211329200875879
6501,0.9996362313557826
6502,0.3964953676658058
6503,0.9996543145287388
6504,0.9997392474758869
6505,0.9997629926230436
6506,0.9994130886837663
6507,0.9987735922774775
6508,0.9999093166687011
6509,0.999956729376615
6510,0.9994116817469262
6511,0.9991544405522667
6512,0.9773616026980013
6513,0.9995240191880401
6514,0.7362796049423279
6515,0.9999899811544408
6516,0.997492814433274
6517,0.9995904769673537
6518,0.999602865757205
6519,0.9435702638084199
6520,0.9990079196222602
6521,0.9988049555847818
6522,0.9999537818061671
6523,0.9971994998745553
6524,0.9996802234074363
6525,0.9999759902269562
6526,0.9997416579389082
6527,0.9737238665039455
6528,0.9999603688748525
6529,0.9999472720690883
6530,0.9952956408532454
6531,0.9991773170551798
6532,0.9880493877532478
6533,0.9787326075217162
6534,0.9990337612076265
6535,0.999980094895134
6536,0.04292426757959002
6537,0.9998697587438811
6538,0.9999513913799647
6539,0.9798874892282045
6540,0.991030249054449
6541,0.9997413070207324
6542,0.9389057012479373
6543,0.9908092435678107
6544,0.9998159744704667
6545,0.9844946238317569
6546,0.9999776714788289
6547,0.9889158119140798
6548,0.9995223700753666
6549,0.999948771084788
6550,0.028916617482882455
6551,0.4301691221661486
6552,0.9999736885153623
6553,0.9993993773300709
6554,0.9951635501630453
6555,0.9986806522062465
6556,0.998463320172124
6557,0.5238024997901553
6558,0.999241158252681
6559,0.9995941166589533
6560,0.9995978181695585
6561,0.9999275058911371
6562,0.9999014847615701
6563,0.9379205940179676
6564,0.9999312277895586
6565,0.9875845392243323
6566,0.9966379312114516
6567,0.9945256259209231
6568,0.9999951869240732
6569,0.995694693229003
6570,0.9999435968527121
6571,0.8431903741358391
6572,0.999995073913055
6573,0.9999652450336121
6574,0.9997089768056683
6575,0.9865495709356362
6576,0.9466759762493551
6577,0.9542768557132149
6578,0.9997464018459322
6579,0.9998262615266659
6580,0.9999654465197387
6581,0.3142319778796841
6582,0.9998505149446966
6583,0.9995431984920549
6584,0.9997963983496652
6585,0.9994701908095872
6586,0.9999668520053879
6587,0.9985538622622763
6588,0.21496581477534682
6589,0.9882629270491766
6590,0.1555665038483985
6591,0.9907987823943187
6592,0.9994301491747213
6593,0.8676160167571836
6594,0.9997701440139741
6595,0.9994863905391566
6596,0.9999558002961714
6597,0.9984593896617253
6598,0.9923653027952335
6599,0.9999137064128995
6600,0.9999806317547909
6601,0.9988694281218979
6602,0.9956052893597769
6603,0.999663208881809
6604,0.9842988571232885
6605,0.9996753575327026
6606,0.9999582278861114
6607,0.9299776475595272
6608,0.8640017547568606
6609,0.995996666543935
6610,0.9995569543256335
6611,0.9994274158049983
6612,0.9993599422821442
6613,0.9994698877708449
6614,0.9909243331106831
6615,0.9945293387828008
6616,0.9999659446388063
6617,0.95236125957530815
6618,0.9908834110368095
6619,0.9976304329041394
6620,0.9939729747909974
6621,0.9998456515427229
6622,0.9986855680161706
6623,0.95750647476014
6624,0.9997195652920997
6625,0.9844773108525143
6626,0.9998087243256145
6627,0.980758645927176
6628,0.9969064931151616
6629,0.9951529729997287
6630,0.9967657246189792
6631,0.9021318732331808
6632,0.9507651342932922
6633,0.9999667386295344
6634,0.9978097342610373
6635,0.827529416514703
6636,0.9996419444889645
6637,0.06788774551477472
6638,0.9861663006699863
6639,0.9896795232073526
6640,0.7502716487951794
6641,0.7681232090467428
6642,0.9998921020398925
6643,0.9999780712176946
6644,0.9985028510865904
6645,0.9991744132906528
6646,0.9980616031523936
6647,0.9999828548665194
6648,0.999587814500091
6649,0.9994107369607661
6650,0.9971078790768534
6651,0.9999762669635159
6652,0.9997371967980627
6653,0.3369607128102623
6654,0.7027136297230219
6655,0.9974746894538014
6656,0.9999119404110555
6657,0.99994860338872
6658,0.9997455636969812
6659,0.997941097437639
6660,0.9955388030616359
6661,0.9999702987473373
6662,0.9996091007854553
6663,0.9860087728697343
6664,0.9990490173620481
6665,0.996667042531449
6666,0.9999988172260021
6667,0.9766713352840086
6668,0.35761596994399064
6669,0.9955757061095168
6670,0.9999613643318825
6671,0.9960867091248913
6672,0.9986175204052644
6673,0.9999053984804882
6674,0.999949770069564
6675,0.9995907342098258
6676,0.9999715990466893
6677,0.945696561748658
6678,0.9999844332762549
6679,0.9999803462116009
6680,0.9982374635710036
6681,0.9999859131762406
6682,0.9989868539289373
6683,0.9999327134678193
6684,0.9971941308716391
6685,0.9848548789700394
6686,0.9994694867649814
6687,0.9907896910851779
6688,0.9991715395982258
6689,0.9998792319764093
6690,0.9769230332435221
6691,0.9996492091092992
6692,0.9999688418214229
6693,0.9972451504755715
6694,0.9999974646760376
6695,0.9976131222645087
6696,0.997054566668372
6697,0.9999810698063006
6698,0.9809873278117959
6699,0.980920395707038
6700,0.9999885436059154
6701,0.830532557277519
6702,0.9850765293243203
6703,0.05619894198783458
6704,0.9959607832732027
6705,0.9983883096927242
6706,0.9814465555846159
6707,0.9999715251188336
6708,0.9984034070405718
6709,0.9949226419898733
6710,0.9998311473314901
6711,0.9999871557498803
6712,0.9648084399474318
6713,0.9999915097365593
6714,0.287049865579846
6715,0.9999533210604088
6716,0.9998703739154737
6717,0.9993213446217033
6718,0.9957910381695666
6719,0.9998107940133375
6720,0.9983184029453044
6721,0.9944642591933461
6722,0.8865295539030291
6723,0.9994063972354077
6724,0.9998812037853948
6725,0.17284829169784688
6726,0.9979428360440907
6727,0.7840532462933022
6728,0.9998796831038308
6729,0.9996164039619433
6730,0.9996367662931209
6731,0.9999217310512595
6732,0.9999186376502548
6733,0.9999688429513999
6734,0.9997146272944278
6735,0.9964370409193323
6736,0.9995274427362771
6737,0.9996483650497208
6738,0.5131336305374679
6739,0.9142205758573011
6740,0.9987702190007781
6741,0.9969671868666375
6742,0.9999653687187418
6743,0.3545401336123146
6744,0.9999551717474179
6745,0.9436957654157279
6746,0.9956916148542311
6747,0.9904420600571935
6748,0.9995599665141419
6749,0.9999885094293185
6750,0.9949801206900168
6751,0.6397583483217292
6752,0.7503367585749365
6753,0.9997519895134118
6754,0.9985901709168405
6755,0.9987511444564551
6756,0.954084426512602
6757,0.9997773485204333
6758,0.9999844683573601
6759,0.9997040808227652
6760,0.4833152859156472
6761,0.9988222063413894
6762,0.9993947110107144
6763,0.9968102254215861
6764,0.9267295757843298
6765,0.9999391012164959
6766,0.9852458156590619
6767,0.9997707672970971
6768,0.8741033194663741
6769,0.9061149949578183
6770,0.9999502517236523
6771,0.06506488495790783
6772,0.9958073613739843
6773,0.9986236794973598
6774,0.979232610091776
6775,0.9999506750434531
6776,0.9999727022252775
6777,0.9995019693749378
6778,0.9998562397606683
6779,0.9998258918627956
6780,0.9999837318131837
6781,0.9999745922598122
6782,0.9970510639069892
6783,0.9998185245713596
6784,0.9997677887149827
6785,0.8880614055807988
6786,0.9960145741131503
6787,0.9941585480727951
6788,0.2368128191397299
6789,0.9992353606261922
6790,0.9998824912060384
6791,0.9926711740358558
6792,0.999864614459312
6793,0.9998460178425442
6794,0.9851010971468427
6795,0.9818036461178656
6796,0.9695715680988667
6797,0.9869897211431878
6798,0.9998774957897143
6799,0.7662195811304611
6800,0.9987830754084085
6801,0.9987090524440784
6802,0.9901524894408342
6803,0.9993239185423817
6804,0.9999723804773163
6805,0.9835802000757248
6806,0.9582566331057961
6807,0.7517138239858283
6808,0.9989977167684492
6809,0.9991328575800197
6810,0.9895028747354239
6811,0.9984365246204757
6812,0.9999816139915934
6813,0.9999912585753872
6814,0.9117533385684907
6815,0.996513470948373
6816,0.9990969953018121
6817,0.9999715278496011
6818,0.9995639126364394
6819,0.9989892001637188
6820,0.2900419054914733
6821,0.7878012887463588
6822,0.9971437510599375
6823,0.9999576231051671
6824,0.989654322326781
6825,0.9975398618609967
6826,0.9999910426054827
6827,0.7890335076236887
6828,0.9988992728520185
6829,0.9996617390992695
6830,0.9985803381961722
6831,0.9999289817298194
6832,0.9998442222584003
6833,0.9999106568509589
6834,0.9990226415877979
6835,0.9999713500741695
6836,0.9995605899442543
6837,0.9999479958503323
6838,0.9989628278431645
6839,0.9999819363084831
6840,0.9994532070912542
6841,0.924713703339209
6842,0.9994805690763744
6843,0.9966734771985271
6844,0.9889251045597935
6845,0.9994911584012832
6846,0.9996570223445059
6847,0.8849328439552819
6848,0.9990015649056883
6849,0.988383220036585
6850,0.999902800161358
6851,0.9882003101772149
6852,0.999662367102077
6853,0.9958164076996708
6854,0.9991117349836209
6855,0.9999484589660944
6856,0.9968262495851343
6857,0.8297838072405304
6858,0.9754923191095358
6859,0.8322813986215468
6860,0.9999987232583751
6861,0.9872451544084516
6862,0.9999959516620134
6863,0.9964676407878462
6864,0.04701484204307147
6865,0.9997813794114007
6866,0.9999598561053307
6867,0.9990139590063141
6868,0.3990806488649597
6869,0.918043651410974
6870,0.9999736014510218
6871,0.999930989018746
6872,0.9958971253735602
6873,0.9991107070174874
6874,0.9999764577515754
6875,0.863175285537955
6876,0.9765299191152559
6877,0.9999648715842663
6878,0.9952716537128532
6879,0.9825977427422067
6880,0.876108379463785
6881,0.9994566263014862
6882,0.9939297742602183
6883,0.990240229502406
6884,0.9994163294853549
6885,0.999790310713388
6886,0.9999556626749474
6887,0.9996652906094392
6888,0.9998363904654496
6889,0.9795223234364839
6890,0.98255209877563765
6891,0.9993245424300975
6892,0.9970245421769719
6893,0.9999518179318728
6894,0.9991145869165824
6895,0.9999886689721668
6896,0.9998255853727392
6897,0.9819826019625761
6898,0.9999387021652574
6899,0.9993920084316684
6900,0.9992478903358247
6901,0.9999397101337227
6902,0.9997473888052636
6903,0.999207744619262
6904,0.9993953155315713
6905,0.9994281098932465
6906,0.9999897977764358
6907,0.7074149366892163
6908,0.9999883752353093
6909,0.9874923678668587
6910,0.9940415153596295
6911,0.9988259510329699
6912,0.9803046749325192
6913,0.993692325574984
6914,0.9994913106148297
6915,0.8751813268851705
6916,0.9885788462370505
6917,0.99112561906305785
6918,0.9934640669501146
6919,0.9999830192672685
6920,0.9385535953854962
6921,0.9999361663510808
6922,0.9526463507378864
6923,0.9964378506092785
6924,0.98043559473458
6925,0.9509073930365013
6926,0.4519457327751
6927,0.9467307954617901
6928,0.9906405277887801
6929,0.9930877265174085
6930,0.9999763263932054
6931,0.3488226407245978
6932,0.8104869719546561
6933,0.999916458755273
6934,0.9999854521627777
6935,0.9816060646165031
6936,0.8113363907795914
6937,0.9883811249177127
6938,0.9986920725035038
6939,0.9879332736715235
6940,0.999738447580262
6941,0.9048481196996074
6942,0.999651924787003
6943,0.9996961350316932
6944,0.9666255513477228
6945,0.9919476626049335
6946,0.4415407471300182
6947,0.9998605435974661
6948,0.9995177080204075
6949,0.9997597904510694
6950,0.9999940579850651
6951,0.9991165920260542
6952,0.9990930418807044
6953,0.9880639383992104
6954,0.9997671731433684
6955,0.9999373828976925
6956,0.9998925542028546
6957,0.9746399366730482
6958,0.9999821741461276
6959,0.9991088985521657
6960,0.9979446417066957
6961,0.9997756453478039
6962,0.9999796320925565
6963,0.9726315612683782
6964,0.9999709535683777
6965,0.9498764284793201
6966,0.9998347628890177
6967,0.9844013086777735
6968,0.9999846112416241
6969,0.9969002320304751
6970,0.9403035419541379
6971,0.09973809490634873
6972,0.9993376038218487
6973,0.9988681715253649
6974,0.9998726662079153
6975,0.9925563698620194
6976,0.9978032693281152
6977,0.9978867309041675
6978,0.9998758494488825
6979,0.9999662953457549
6980,0.999890598712408
6981,0.999199637805247
6982,0.988800072562951
6983,0.9981034284699071
6984,0.9999095441248282
6985,0.03418659526114906
6986,0.8503845380042541
6987,0.38419265350232756
6988,0.9999757139579522
6989,0.9996475289761653
6990,0.9999961255116789
6991,0.9999752758397465
6992,0.9435158931294894
6993,0.9780876767809403
6994,0.29353857638344744
6995,0.9998960949362078
6996,0.9999968096531823
6997,0.9999824431529156
6998,0.2893144868647472
6999,0.14618868757036574
7000,0.9991884862647561
7001,0.999962524114166
7002,0.8189564337010435
7003,0.9073162821976345
7004,0.9894816920581869
7005,0.9999827976148561
7006,0.9253928533495787
7007,0.9999615966000658
7008,0.999968712578263
7009,0.9998462558866786
7010,0.9998565737255629
7011,0.9873541630626886
7012,0.9970508465996996
7013,0.9955052469083812
7014,0.9995960009285034
7015,0.9996547745420584
7016,0.9999796150750129
7017,0.9999979883026291
7018,0.9864594715664066
7019,0.9909365286005526
7020,0.9846075001726394
7021,0.7702895579738163
7022,0.9950750109464931
7023,0.9460540511317761
7024,0.9986392826220333
7025,0.9998976769175644
7026,0.9999878705045417
7027,0.9999748154655209
7028,0.9992903467755259
7029,0.9999817501269282
7030,0.9963563116468281
7031,0.9897370638097484
7032,0.9995966744521187
7033,0.991695383630949
7034,0.998325616171235
7035,0.9639195291898489
7036,0.9972449649444362
7037,0.9066098464333875
7038,0.9999741307352167
7039,0.9922640794442851
7040,0.9464425119839024
7041,0.9978739269374842
7042,0.9988108038214774
7043,0.9943560051158477
7044,0.9744832629589597
7045,0.9995415817719672
7046,0.9999257757694531
7047,0.9999781106886552
7048,0.9947863827467155
7049,0.9385380283220003
7050,0.985914561083269
7051,0.9993882270777
7052,0.9879492078661031
7053,0.9992009345331305
7054,0.9995130460127822
7055,0.9663831302022475
7056,0.9944307657916978
7057,0.9999410647925191
7058,0.9999597292747332
7059,0.9847324839750343
7060,0.9999972457962841
7061,0.9987472752573787
7062,0.06506488495790783
7063,0.999865134218203
7064,0.9992667630495145
7065,0.990344664152523
7066,0.9287461220950092
7067,0.999916102738747
7068,0.9993642101342263
7069,0.9999078867925066
7070,0.9906414555405215
7071,0.9988206865472097
7072,0.999697951068004
7073,0.9997032423451714
7074,0.99994855936656
7075,0.997250982914423
7076,0.9406636137302605
7077,0.9993593135586942
7078,0.9999093343254194
7079,0.9997505090475144
7080,0.996738512438684
7081,0.9998686597418583
7082,0.9999683881007562
7083,0.9999045668902478
7084,0.9303437193948804
7085,0.9980712850816494
7086,0.9999092166918877
7087,0.9999932209901988
7088,0.8065436120866293
7089,0.9981052918322258
7090,0.9999406475197714
7091,0.9845638932228785
7092,0.9996375786088221
7093,0.9863505315911928
7094,0.9999861044695143
7095,0.9997312098423731
7096,0.9999331136191655
7097,0.9938833972370078
7098,0.9930704417088659
7099,0.9962040011570042
7100,0.9939168407373773
7101,0.9953615352569002
7102,0.9587208178300233
7103,0.9907144214185628
7104,0.9983134221001357
7105,0.9997249921638961
7106,0.9936755320713937
7107,0.9995204173536266
7108,0.9982992979623049
7109,0.992708253339322
7110,0.9996496900572557
7111,0.8555867756303359
7112,0.9817939389602337
7113,0.9331527236479273
7114,0.9999184676552867
7115,0.9219581527461842
7116,0.9994053399799906
7117,0.9989969357488292
7118,0.9987017955251367
7119,0.451500425544633
7120,0.9970202924973998
7121,0.21083711447148226
7122,0.5109517892382599
7123,0.9928390810323521
7124,0.9992937903639215
7125,0.9807123382369703
7126,0.7858608013931623
7127,0.9485909800331279
7128,0.9995662846525208
7129,0.9978100427604393
7130,0.9999777425103034
7131,0.9987265050989843
7132,0.9996507360364835
7133,0.9998381682835439
7134,0.9924021520696762
7135,0.9517828286298168
7136,0.9983811145489322
7137,0.9951843134960218
7138,0.6783442240020318
7139,0.9381190414556151
7140,0.9654535031111384
7141,0.9999785944484891
7142,0.9994045187059456
7143,0.9984993857944748
7144,0.9999637106923859
7145,0.225045454527779
7146,0.9988812213822763
7147,0.99891101609051
7148,0.9999813570262773
7149,0.9992000396022818
7150,0.996517645467097
7151,0.9984210820812567
7152,0.9962836989175462
7153,0.9673756268322454
7154,0.997966308019289
7155,0.9911346742648853
7156,0.9998929150279964
7157,0.9999589695716232
7158,0.9994223930637237
7159,0.39905990576856004
7160,0.9973850662011191
7161,0.9795223234364839
7162,0.9995561571213074
7163,0.999607253788096
7164,0.9262235561145122
7165,0.9991942356888884
7166,0.9640003759239582
7167,0.9995454220584702
7168,0.9982669509381887
7169,0.9999776756339158
7170,0.10022902211709743
7171,0.9939847110032466
7172,0.9723824504532322
7173,0.9970651839383218
7174,0.9993778335145033
7175,0.9730521527042638
7176,0.903584909030091
7177,0.999362542174477
7178,0.9998836305683148
7179,0.263652267598046
7180,0.9927166587528861
7181,0.9999639261853746
7182,0.9999715854113567
7183,0.9996387378382833
7184,0.9999186380525339
7185,0.9802662340782705
7186,0.9747794351697658
7187,0.9997839676383876
7188,0.8671053463248826
7189,0.8022410239029057
7190,0.9962397233628993
7191,0.9636616068521565
7192,0.9517090237370218
7193,0.9971456785188315
7194,0.999977730300315
7195,0.7910160177437349
7196,0.9999844769404841
7197,0.9997912620082781
7198,0.999742995848592
7199,0.9999687940248184
7200,0.9744630330011459
7201,0.9989744327755185
7202,0.8535299567512457
7203,0.9700247671125185
7204,0.9923869833073099
7205,0.9932243250203499
7206,0.9992555851693714
7207,0.9996293452520517
7208,0.997397837159785
7209,0.9993560697473357
7210,0.9980502559925997
7211,0.9912491022424444
7212,0.9995099762460654
7213,0.5905519420011328
7214,0.9999325810855176
7215,0.9996379504942369
7216,0.8795072357670184
7217,0.9992721195120643
7218,0.9979102470935273
7219,0.9847770967647356
7220,0.867015570308565
7221,0.9999281410790978
7222,0.3842821646601894
7223,0.9999916709540483
7224,0.9910810126402807
7225,0.9999695623688973
7226,0.9995799601678597
7227,0.9987196168074746
7228,0.8801321665182223
7229,0.9999161372300421
7230,0.9998955067771964
7231,0.9895200453981166
7232,0.9998247246599841
7233,0.9987147358447557
7234,0.997815143458181
7235,0.9979896892657915
7236,0.9986563149798126
7237,0.9995105381360501
7238,0.9999603640196563
7239,0.9988512459399785
7240,0.9999513793627827
7241,0.995264434568659
7242,0.9941788070760448
7243,0.9994029462632698
7244,0.9998491968404375
7245,0.9998143321009854
7246,0.9665482771120949
7247,0.9994310758657724
7248,0.9516463091140074
7249,0.9996504200048628
7250,0.9987743343320012
7251,0.9992599239708677
7252,0.9999360815859315
7253,0.9999561255517161
7254,0.7665639084868245
7255,0.9999190420711737
7256,0.9917874220860736
7257,0.9999833612861712
7258,0.7353826920906591
7259,0.9998170979022067
7260,0.9985906015285536
7261,0.9930444402415337
7262,0.9177051354163842
7263,0.9998736668551921
7264,0.9815327725830292
7265,0.9999803938868372
7266,0.9995721218596147
7267,0.921758781786559
7268,0.9988286574862304
7269,0.9998075874005251
7270,0.9860975045453985
7271,0.9915817762067272
7272,0.9930956667777402
7273,0.9976561728251149
7274,0.9948903392253156
7275,0.9992849831697976
7276,0.999951158653918
7277,0.9996508540853417
7278,0.9929259503806364
7279,0.9997858918788165
7280,0.9998396093163788
7281,0.9999177825895997
7282,0.9901655668540383
7283,0.9999986372569388
7284,0.9992330994491484
7285,0.9998176751061157
7286,0.9971975579494867
7287,0.9999528138218984
7288,0.998215154958983
7289,0.9999798559850762
7290,0.9957047840304066
7291,0.9684555851862768
7292,0.9984731552038865
7293,0.9984490597512465
7294,0.9997790235125689
7295,0.9922296134029471
7296,0.9996911786709706
7297,0.9965512385309508
7298,0.9984372657307596
7299,0.8172349914816077
7300,0.9999040559138854
7301,0.2270067799401245
7302,0.9981970437693217
7303,0.9999874474425964
7304,0.999932859635039
7305,0.999682059497369
7306,0.9989605928440161
7307,0.9999906080296503
7308,0.9917778475908936
7309,0.9842108351915635
7310,0.9999941576103867
7311,0.999960066183619
7312,0.99344685639318
7313,0.9964948687611863
7314,0.9995601424860063
7315,0.7179928732594808
7316,0.9973208579454947
7317,0.8864630407992029
7318,0.9999742771739384
7319,0.8503338065074555
7320,0.9999824377135756
7321,0.9995401001424301
7322,0.9607444758165449
7323,0.8025430859820492
7324,0.9308437687109807
7325,0.9949803522117386
7326,0.9989370249120925
7327,0.999987283555297
7328,0.9946310819356841
7329,0.9993223011310837
7330,0.9345080593318507
7331,0.9996255490916833
7332,0.9905538107558718
7333,0.999780411874069
7334,0.9990374903476861
7335,0.9986980833832052
7336,0.9999735212760362
7337,0.9984019592157003
7338,0.9998746873085179
7339,0.9684709111427798
7340,0.9833020466420587
7341,0.9997031664960125
7342,0.9600250279198299
7343,0.9999077702636525
7344,0.9997981589471298
7345,0.9958845025331908
7346,0.9998444409825971
7347,0.6063168936140356
7348,0.9998290878717816
7349,0.9993975825133469
7350,0.9977629091559042
7351,0.9999375768077011
7352,0.9962896619806244
7353,0.9574553983314326
7354,0.9999452840274518
7355,0.9998589496445222
7356,0.9986858752010197
7357,0.999471657192969
7358,0.9529013662331783
7359,0.9843060995352637
7360,0.9986722024872935
7361,0.9999513639663833
7362,0.999939673207429
7363,0.9946082666493203
7364,0.9999255277624858
7365,0.9992902452842714
7366,0.9998429332758612
7367,0.9992791537331934
7368,0.9979430842209726
7369,0.5270682089313004
7370,0.9993788949187478
7371,0.9999683701255629
7372,0.9457862226127428
7373,0.9981126933307136
7374,0.9830827304078881
7375,0.9999196495119939
7376,0.9810912217883249
7377,0.3345953508568317
7378,0.031202735482596843
7379,0.7515520125525907
7380,0.9992687370339546
7381,0.150259222627206
7382,0.9951138562959475
7383,0.9992801787941361
7384,0.9917256624689265
7385,0.786035791038783
7386,0.9999240417725535
7387,0.999764526411619
7388,0.9992452859144662
7389,0.9997235803649698
7390,0.23346916509734136
7391,0.9999462786687134
7392,0.9953971281458492
7393,0.999060853513278
7394,0.9979264123831931
7395,0.9961088058390665
7396,0.999543839642116
7397,0.999636251788316
7398,0.9999896349344216
7399,0.9988671076301685
7400,0.9999875172314324
7401,0.9993131200433439
7402,0.9999907910950029
7403,0.9957642936278289
7404,0.9967385095960659
7405,0.997398753371885
7406,0.9994674167201376
7407,0.9999670966061316
7408,0.9999969837841434
7409,0.9989477356459288
7410,0.9988254158206296
7411,0.9998058582126083
7412,0.9997526595811149
7413,0.9960188856930802
7414,0.9995310231276554
7415,0.9997064739683234
7416,0.876277017777361
7417,0.9999850657967053
7418,0.9999208612362248
7419,0.9675420378381988
7420,0.999602145467022
7421,0.999326136704663
7422,0.8218210928857796
7423,0.9999593849437582
7424,0.9997882674935793
7425,0.9839536185092987
7426,0.9998563999570749
7427,0.9995210174652438
7428,0.9999094805586098
7429,0.9935126054049974
7430,0.999981310881921
7431,0.9999522440707143
7432,0.8778237916830858
7433,0.9994295893445244
7434,0.99985918965332
7435,0.9988582037047123
7436,0.9952537024252086
7437,0.9999920216175167
7438,0.9549813262314394
7439,0.9978686198681229
7440,0.9999397829287519
7441,0.999667061909329
7442,0.9996817647937639
7443,0.9989048386744972
7444,0.9983070689048034
7445,0.9967231282543059
7446,0.9999840813540495
7447,0.9998727750163715
7448,0.9953163375312598
7449,0.9931782875395454
7450,0.9999818288078229
7451,0.9999342093849991
7452,0.998243695978278
7453,0.999906899314821
7454,0.9996259213509785
7455,0.9998291429628271
7456,0.8878684231478771
7457,0.9994006578561043
7458,0.9982023477826429
7459,0.9992424712313579
7460,0.999972873737255
7461,0.7960519886146395
7462,0.9998342491132619
7463,0.9607540922498106
7464,0.8672665883856437
7465,0.9999662146931009
7466,0.9999823699257843
7467,0.9998541055714318
7468,0.9998303751677209
7469,0.9990412546754435
7470,0.9649404122760166
7471,0.9999880239604512
7472,0.9996745314243826
7473,0.5893417059102986
7474,0.9804864960584355
7475,0.9999783793669421
7476,0.999381259934966
7477,0.9938166563573032
7478,0.24832708147261204
7479,0.9970579783278379
7480,0.9992533446202838
7481,0.9998535142461737
7482,0.9997580778574849
7483,0.9964687151019099
7484,0.9992554892906669
7485,0.9967194592398946
7486,0.9620696481634546
7487,0.9999265393325876
7488,0.9999862786033533
7489,0.9999089164672228
7490,0.9928638644561116
7491,0.994126227938706
7492,0.6209469359304197
7493,0.9999629684954349
7494,0.9998820490878139
7495,0.9998645186996574
7496,0.793458086553001
7497,0.9999929914668252
7498,0.6990432745200043
7499,0.9998438045919883
7500,0.4784105863729567
7501,0.9999738696942695
7502,0.9997725402403397
7503,0.9994082225954886
7504,0.9996157348375515
7505,0.9999401367596163
7506,0.9999362594128027
7507,0.9988663107092957
7508,0.05726157071764996
7509,0.9999195636230527
7510,0.9999452027142328
7511,0.966753569483072
7512,0.9972189446338603
7513,0.9998570779782587
7514,0.9930292942623121
7515,0.9996000886513869
7516,0.9975359629627449
7517,0.9994802072676794
7518,0.9999548203441028
7519,0.9999729182956768
7520,0.9932403519377809
7521,0.6089867881043287
7522,0.9950875742287593
7523,0.9970074950186624
7524,0.9965448511870435
7525,0.9999809449702922
7526,0.9986871093577319
7527,0.9999909786217063
7528,0.8851448291494008
7529,0.9557527843869673
7530,0.9999762781118708
7531,0.987589253904177
7532,0.998442403876445
7533,0.9984949692514186
7534,0.9999883976097703
7535,0.9990234198083443
7536,0.9970284508088801
7537,0.9992184023530645
7538,0.9998684291338173
7539,0.9989678148709864
7540,0.9904094516660518
7541,0.9991395362967086
7542,0.9961636176491763
7543,0.9999466463231187
7544,0.9190376371431653
7545,0.9981951304397148
7546,0.9997362315520251
7547,0.03652476019382119
7548,0.9999667473143576
7549,0.9822702386940242
7550,0.99875649249241
7551,0.9768003068695049
7552,0.9999769074792243
7553,0.9597149020452389
7554,0.9996328304692256
7555,0.999788586389935
7556,0.9102654166514714
7557,0.9607444758165449
7558,0.9994710735637405
7559,0.9985264322374565
7560,0.9986732468648462
7561,0.9999784394954145
7562,0.9982916195039091
7563,0.9961465259915461
7564,0.9999158064718452
7565,0.9954374426837236
7566,0.8751813268851705
7567,0.9999351665929045
7568,0.9825664542079893
7569,0.9991397964221442
7570,0.9998262813647093
7571,0.9881983304121644
7572,0.9971787819938872
7573,0.9999726240904634
7574,0.618135201343605
7575,0.9999428629332147
7576,0.9999544212515546
7577,0.947823681161749
7578,0.9348464195262571
7579,0.9928582167527127
7580,0.9998873161311344
7581,0.9826745681763626
7582,0.9989822296114742
7583,0.9999241884469916
7584,0.999795008745509
7585,0.9999709777640379
7586,0.9931820016176085
7587,0.9997741599310976
7588,0.8857730204135892
7589,0.9705026249834001
7590,0.9999020622831182
7591,0.9887813577247505
7592,0.997594045388901
7593,0.9996715097844504
7594,0.9997997528140214
7595,0.9952358784641416
7596,0.9999833182378057
7597,0.9993200240016651
7598,0.9846823981220058
7599,0.9997048235849147
7600,0.9999825539056889
7601,0.9989344800593057
7602,0.9935491550301785
7603,0.9987700545283784
7604,0.237204380258727
7605,0.9997671756199823
7606,0.9910972423329674
7607,0.9991139989458314
7608,0.9999669065024076
7609,0.9973371431742276
7610,0.9992024675994077
7611,0.9998841291174573
7612,0.9991427648974931
7613,0.9979006664113718
7614,0.9999216741152694
7615,0.9999608868545001
7616,0.9987393992901039
7617,0.9996704749742424
7618,0.9998245409205669
7619,0.9994780152264248
7620,0.9996897730227325
7621,0.9355227552234933
7622,0.9999181003900343
7623,0.9982725001980792
7624,0.9972239619477015
7625,0.9977345665407736
7626,0.9998863214726805
7627,0.8657052860701736
7628,0.9840959772136756
7629,0.9993197284776812
7630,0.9994758092812854
7631,0.9999076680353021
7632,0.9970645556046395
7633,0.999878656605166
7634,0.999893589648112
7635,0.9976282883238371
7636,0.9947937749503836
7637,0.9932401117704981
7638,0.9999927561506455
7639,0.9999345947146533
7640,0.9944783157457557
7641,0.9999028243540028
7642,0.9963223340299489
7643,0.9997808614964295
7644,0.9991050333477345
7645,0.9999193753607696
7646,0.9986072959207677
7647,0.9998944895999938
7648,0.9042722210573804
7649,0.9933427176256322
7650,0.9488371748048925
7651,0.9998837420781757
7652,0.9987586084304051
7653,0.9997782409238543
7654,0.9928750154408976
7655,0.807636174974617
7656,0.9999705523483395
7657,0.999754622300259
7658,0.9998614649350338
7659,0.9975074639472635
7660,0.9906716649675513
7661,0.9998068987263123
7662,0.993123700291754
7663,0.9996112915960613
7664,0.9995530022321997
7665,0.9997554857894627
7666,0.9958475529047021
7667,0.9502285390109438
7668,0.9999618099334324
7669,0.9988782542478963
7670,0.9998330961055516
7671,0.9967973477715626
7672,0.9326512527441454
7673,0.9990907871923026
7674,0.9108437828967468
7675,0.9999955572531849
7676,0.9998686368335363
7677,0.9975469647088276
7678,0.9902191565397137
7679,0.9962924731217468
7680,0.9999876139449134
7681,0.014080996151459189
7682,0.9998696839337524
7683,0.999237772267107
7684,0.9993028212314188
7685,0.9991982137462886
7686,0.9961626336631537
7687,0.9870920467751947
7688,0.8579986892064889
7689,0.9953059273963062
7690,0.9995633686377711
7691,0.9998382878063803
7692,0.6066412658136875
7693,0.8919494078640483
7694,0.9985931799926067
7695,0.9997837968699776
7696,0.9357228538826328
7697,0.9988248890449737
7698,0.9986597069806769
7699,0.9849739270881624
7700,0.9994111849435967
7701,0.999180325798904
7702,0.9997752535751263
7703,0.9412991421327542
7704,0.9997360145927494
7705,0.9999109829512672
7706,0.9996064824461384
7707,0.9996840436578681
7708,0.9998171169774782
7709,0.999978247361854
7710,0.9224242836171566
7711,0.8734884755493274
7712,0.9999836985992048
7713,0.9999759497188749
7714,0.999488811068835
7715,0.99998988009940315
7716,0.9999913686338795
7717,0.9978115462374672
7718,0.9995165502973413
7719,0.9999968888406094
7720,0.999954878218854
7721,0.6147604921817206
7722,0.9978816537770864
7723,0.9996619587754554
7724,0.9985223324145196
7725,0.9963103798260802
7726,0.9991419886128209
7727,0.9999279147553319
7728,0.9969418725846422
7729,0.7261837361246383
7730,0.9997273450536471
7731,0.9990973869440695
7732,0.9997220475997295
7733,0.9999682815962279
7734,0.9988475481785792
7735,0.9999661581742586
7736,0.8054428017874251
7737,0.9999632389579771
7738,0.9996266782779951
7739,0.9932602068389026
7740,0.9999801810948635
7741,0.9990808402279522
7742,0.9990855626192735
7743,0.999986768565778
7744,0.2459527285558603
7745,0.9999583022502005
7746,0.9997230251750434
7747,0.9889324628969572
7748,0.9998612534855503
7749,0.919481551823161
7750,0.9967344024530649
7751,0.999663585737357
7752,0.9999397678184921
7753,0.9999753075829151
7754,0.9972344732134449
7755,0.9918617434029746
7756,0.9995347989951894
7757,0.9988205997325318
7758,0.9503729757050962
7759,0.9918713337205461
7760,0.9993142766624503
7761,0.9999702061301435
7762,0.9903901659323637
7763,0.9975401870028505
7764,0.9999663041775068
7765,0.9605855928142154
7766,0.9999714822431858
7767,0.9999514298434086
7768,0.9784504003937702
7769,0.9951463063201986
7770,0.999199133702767
7771,0.9999938591665132
7772,0.38632187784285854
7773,0.9996973026577518
7774,0.9651968928761906
7775,0.9993944949049445
7776,0.9838977769415833
7777,0.999928064864317
7778,0.9946727605867847
7779,0.9998984665814018
7780,0.9997573939716307
7781,0.9884376200088028
7782,0.999992726174138
7783,0.026637519037432736
7784,0.9996108898554467
7785,0.9998180506750316
7786,0.9991619401099846
7787,0.9994276228939076
7788,0.9998878593404519
7789,0.9979865613418447
7790,0.9948820561569518
7791,0.9935667712611744
7792,0.9886165384030694
7793,0.9533471447179206
7794,0.9937279845932403
7795,0.7821257709416667
7796,0.9994899958664525
7797,0.9997542110705125
7798,0.9988643645186029
7799,0.9845902199677752
7800,0.9997577744205249
7801,0.9689787893271447
7802,0.9801878895221897
7803,0.9952142862162173
7804,0.9984417281617537
7805,0.9336555547456222
7806,0.9983273090605541
7807,0.9811887344247746
7808,0.9948285700545565
7809,0.995327732974396
7810,0.8236046894067847
7811,0.9999911418566215
7812,0.9996937640148086
7813,0.8778769890462551
7814,0.5935839086482854
7815,0.754420626303195
7816,0.9999743818051395
7817,0.9993223510964968
7818,0.9981307616769063
7819,0.9989220880703571
7820,0.972299665595102
7821,0.9992166427440341
7822,0.993642316492852
7823,0.9927474118936735
7824,0.9999894901054354
7825,0.9996108509123898
7826,0.999988539944924
7827,0.9961713416813921
7828,0.9999653106268211
7829,0.9999833292959304
7830,0.9622986991378639
7831,0.6076392853051364
7832,0.9702268947803786
7833,0.9991056456232305
7834,0.9993444351755423
7835,0.7506023589801926
7836,0.9996709562078224
7837,0.9999671068518776
7838,0.999179617562363
7839,0.9963980617245072
7840,0.9811395175560681
7841,0.9999928713856915
7842,0.9993162982427268
7843,0.9985944151574152
7844,0.9970945221782007
7845,0.9692696516900015
7846,0.4791520628377942
7847,0.9997214297795971
7848,0.9999855591616459
7849,0.9999688255470867
7850,0.9999576180812504
7851,0.9994778838029706
7852,0.9994681773905854
7853,0.9747955664829975
7854,0.9996637299164595
7855,0.40511882828988277
7856,0.9949304349606254
7857,0.9993782694478319
7858,0.9808084942506461
7859,0.7794570156928214
7860,0.9973967510060867
7861,0.8810149920243444
7862,0.9999708716038106
7863,0.9464425119839024
7864,0.9999573770438489
7865,0.9999892460379833
7866,0.9995187426242865
7867,0.9996477351005983
7868,0.9991783212537331
7869,0.9992532558722609
7870,0.9999887123954309
7871,0.9980904667189242
7872,0.9956681256057847
7873,0.9605211078166459
7874,0.9999708182272798
7875,0.9999825088026488
7876,0.9947058173463805
7877,0.31814872362490504
7878,0.9999816142350775
7879,0.9996040008116756
7880,0.9965677640615905
7881,0.9991890601122848
7882,0.9999324550211426
7883,0.999575325246452
7884,0.9989530589455188
7885,0.9925389171899233
7886,0.9876434957734471
7887,0.5864325979794675
7888,0.9994644493037074
7889,0.9375893889320472
7890,0.999513955909918
7891,0.9995805253448852
7892,0.9973443410044259
7893,0.7482008879598063
7894,0.9999807771894214
7895,0.99997175069391
7896,0.9948775486606862
7897,0.9999354798554035
7898,0.9999874816835651
7899,0.9999903179073085
7900,0.13094370653574783
7901,0.9989945591214914
7902,0.9980702805456705
7903,0.9551099526746639
7904,0.9989372875863365
7905,0.9941393455026943
7906,0.9989359159425463
7907,0.9988915235136161
7908,0.9988056960931359
7909,0.709647961654101
7910,0.9958541492718258
7911,0.9994499231098913
7912,0.9730858426506348
7913,0.9999953710592665
7914,0.9872822011017228
7915,0.9999016436745168
7916,0.9981978857548626
7917,0.999922321506889
7918,0.9822210157222931
7919,0.9999924609878781
7920,0.9959878731832732
7921,0.9624842006543189
7922,0.9965725231252367
7923,0.9998402805251945
7924,0.9966551541758712
7925,0.9866720669502989
7926,0.9998574084691172
7927,0.9987573187209703
7928,0.9947832972689141
7929,0.9955401228283727
7930,0.9996559808848646
7931,0.9994501039028806
7932,0.9999909290110598
7933,0.9900145436879717
7934,0.9993415941916319
7935,0.3146989878816554
7936,0.987223260375381
7937,0.9999764965874377
7938,0.9999007040372008
7939,0.9996685527499934
7940,0.9994355652438947
7941,0.9999873638801431
7942,0.9998850877114427
7943,0.9938888216577004
7944,0.9997182864660865
7945,0.999076183551612
7946,0.9999907058189693
7947,0.9632192874713088
7948,0.9853058931393459
7949,0.9999251047620924
7950,0.9935470506585614
7951,0.6832835162463389
7952,0.9915055377943927
7953,0.9986658863998129
7954,0.9997865689926626
7955,0.9995847974389116
7956,0.999973700609412
7957,0.9996182159957855
7958,0.9997437496985458
7959,0.9975301732237277
7960,0.996733934970785
7961,0.9999831741634495
7962,0.9840223671067843
7963,0.9996766279044403
7964,0.9953674015478213
7965,0.9666059230145425
7966,0.9989750549723875
7967,0.6526995479557904
7968,0.9979208236176796
7969,0.9999856769894369
7970,0.9986545605813528
7971,0.9997309512644817
7972,0.950939985369184
7973,0.9999587963707006
7974,0.9983971608432589
7975,0.9043730799579084
7976,0.9945675128233781
7977,0.9995625692358349
7978,0.9521396639938939
7979,0.9949888933765717
7980,0.9993877458647578
7981,0.9895494946018564
7982,0.9988218976824718
7983,0.9992300185221634
7984,0.9979673073417913
7985,0.9986259749218862
7986,0.9999906249560906
7987,0.9999147463506234
7988,0.9591692098162948
7989,0.9997502042056192
7990,0.9993492705620551
7991,0.9775625157906462
7992,0.9304391396019147
7993,0.999857827722489
7994,0.9961514420563153
7995,0.9693850734644055
7996,0.995338888227416
7997,0.9999718640484478
7998,0.993665237288227
7999,0.9712449320004475
8000,0.9993136979283199
8001,0.9997630361896692
8002,0.9991128570597309
8003,0.9987333358565221
8004,0.9952813824008205
8005,0.9999641856262524
8006,0.9998648623657069
8007,0.9999746987465845
8008,0.9847073471186888
8009,0.9999850149064335
8010,0.9132390587722153
8011,0.984495255720112
8012,0.999963003615508
8013,0.9981773210729973
8014,0.9793602544808949
8015,0.9999446900610105
8016,0.9999589260236367
8017,0.9947756450550482
8018,0.9804415535723163
8019,0.9998997583366159
8020,0.9973440574027962
8021,0.9982056879207305
8022,0.9996099984628131
8023,0.9999853887761454
8024,0.9999823001863973
8025,0.9976712518471281
8026,0.9999983334429889
8027,0.9999350304163344
8028,0.9988498611964811
8029,0.9898899996542149
8030,0.9961035420554382
8031,0.5888794901859511
8032,0.9999789917914419
8033,0.9991787463419718
8034,0.9667518225297785
8035,0.9817985912957953
8036,0.99999761485192
8037,0.9996268427455762
8038,0.9820256737971308
8039,0.9996310847937396
8040,0.9918299328697798
8041,0.9999420015865962
8042,0.9999349616862676
8043,0.9999809234107183
8044,0.9874210610507941
8045,0.9988881714478057
8046,0.9896738431908885
8047,0.9996298437370545
8048,0.9925119875369045
8049,0.9998861275554453
8050,0.9989301412423072
8051,0.9996004599358858
8052,0.9982857258112083
8053,0.9751921761631717
8054,0.9999092166918877
8055,0.9998359811958594
8056,0.9731968931747792
8057,0.9999109379128492
8058,0.9971864443366286
8059,0.9996394529896179
8060,0.9996072754156821
8061,0.9999669087440406
8062,0.9920242197149838
8063,0.9755998148782236
8064,0.9949278165441722
8065,0.9960471345562435
8066,0.9933001035893417
8067,0.9916802721171293
8068,0.9999590210876591
8069,0.9999738352327987
8070,0.4659880291568268
8071,0.9995899135812679
8072,0.9591937967347576
8073,0.9996357710203951
8074,0.9999868415326422
8075,0.9999422504034982
8076,0.998791741017734
8077,0.9988923401157519
8078,0.942427341594233
8079,0.9994612208531306
8080,0.9892150206865054
8081,0.9975754812543658
8082,0.9999091592182928
8083,0.9998889642471948
8084,0.9991645402065823
8085,0.9988575619948128
8086,0.9999822173774374
8087,0.9992873026052732
8088,0.7814950553275939
8089,0.999034181802306
8090,0.9999226599866469
8091,0.6250977702911779
8092,0.9995716640389085
8093,0.9995704358195519
8094,0.9999353479915641
8095,0.9999668588331068
8096,0.9987845034833582
8097,0.9918350144007042
8098,0.9999555560208588
8099,0.9992642336639793
8100,0.9751750618535133
8101,0.999882799462355
8102,0.9860087728697343
8103,0.9997539669615236
8104,0.9994108025789428
8105,0.9998933183091863
8106,0.9996803894075753
8107,0.99838779589357
8108,0.999977054136024
8109,0.9835711809368618
8110,0.9988452869468323
8111,0.9980542141591122
8112,0.9997555018178695
8113,0.9999485240208327
8114,0.9999316885438325
8115,0.9997653903771446
8116,0.9870631667469375
8117,0.9976672653206274
8118,0.9999715887411922
8119,0.9999864243437845
8120,0.9974277531200533
8121,0.9998308504839145
8122,0.9999880167444928
8123,0.9751052322549149
8124,0.9999568311540733
8125,0.9996291922263942
8126,0.9995599688293518
8127,0.9771363996463996
8128,0.9986266711045193
8129,0.9981758821354791
8130,0.9918173605842768
8131,0.9998601396253171
8132,0.5002679537699006
8133,0.9993209926152451
8134,0.9978916036289233
8135,0.9875365084671734
8136,0.9999346666681033
8137,0.8516730962173997
8138,0.9942241318303496
8139,0.9890317138111284
8140,0.9989724345900908
8141,0.9991544405522667
8142,0.9781964158643852
8143,0.9993666114817824
8144,0.9966049709031108
8145,0.9999240069464008
8146,0.9751877217422833
8147,0.9992842024941925
8148,0.7964438745109202
8149,0.9989113148406111
8150,0.9968738913114916
8151,0.9423183543115068
8152,0.9993866215848847
8153,0.9993778071487323
8154,0.986966675188289
8155,0.9999779076104558
8156,0.9997865963851156
8157,0.9984187336301037
8158,0.998915668278919
8159,0.9999896606976403
8160,0.9973924215488145
8161,0.999360617213831
8162,0.9995500315225767
8163,0.9999582186591668
8164,0.9997418119601426
8165,0.9996760496696462
8166,0.9943009136993506
8167,0.9998388214932169
8168,0.9968207543926416
8169,0.9316573525215484
8170,0.9820530859374518
8171,0.99877145724039
8172,0.997387389584782
8173,0.9999076892726416
8174,0.9993361320007857
8175,0.9239958844497341
8176,0.9999851165443547
8177,0.9994147679412092
8178,0.9999621331979988
8179,0.9384385479844006
8180,0.9999724822190023
8181,0.9999509744145451
8182,0.9999854612993475
8183,0.9675908385902185
8184,0.9988444862882967
8185,0.9991439214648641
8186,0.39309211088644774
8187,0.9986290408521107
8188,0.9995922164089766
8189,0.999794938285013
8190,0.9998371114572767
8191,0.999921994650099
8192,0.9837532975615259
8193,0.9995671363775503
8194,0.9998566488632339
8195,0.9991307477941077
8196,0.9977882416911328
8197,0.9881206584350141
8198,0.9996578157972403
8199,0.9991853029092473
8200,0.9994077812350833
8201,0.9737575563818134
8202,0.9994990782939148
8203,0.9882617569614767
8204,0.999991575095184
8205,0.9995792009088064
8206,0.9999729596476788
8207,0.9978183877171207
8208,0.9999778092710314
8209,0.9999572971421887
8210,0.914327025288111
8211,0.9779746390255251
8212,0.9985778961807916
8213,0.6594573175861783
8214,0.999910941732783
8215,0.991316158772491
8216,0.9976239828262391
8217,0.9993332101515203
8218,0.9995409596532433
8219,0.9996023820262666
8220,0.9989934249289864
8221,0.9968209174007441
8222,0.9732375254127854
8223,0.9999055043996097
8224,0.9990941475516106
8225,0.9992596084706643
8226,0.9138869765243215
8227,0.9996837931108269
8228,0.9995520236672324
8229,0.9996535943932767
8230,0.7681232090467428
8231,0.998257350174421
8232,0.999233234478234
8233,0.9998857717977523
8234,0.9999776714788289
8235,0.9999509971725355
8236,0.9964340960107461
8237,0.8110783742372493
8238,0.9999854656137905
8239,0.9915001357450227
8240,0.9977181411082481
8241,0.9999245805582644
8242,0.9996108901951648
8243,0.9976667940062572
8244,0.998924313172427
8245,0.9955947883063444
8246,0.9994685415159971
8247,0.9929224193712859
8248,0.8560598041355321
8249,0.9994100262579588
8250,0.9993293291591073
8251,0.9999821166269395
8252,0.9997644770105313
8253,0.9999264405820674
8254,0.9999583065398253
8255,0.9999871149637286
8256,0.9893218278663832
8257,0.9999617275632634
8258,0.9997979007466616
8259,0.9966761837376945
8260,0.9999886032710208
8261,0.9623877833190155
8262,0.9996080130966762
8263,0.9994020253532223
8264,0.9301491754924069
8265,0.9997322168417545
8266,0.9995934245368645
8267,0.9998548450479456
8268,0.9997334670802589
8269,0.9906188866741729
8270,0.9973596083568657
8271,0.9998992113723756
8272,0.9859126995427198
8273,0.9998906335256631
8274,0.9901371417855062
8275,0.9351079862037174
8276,0.9977955880574816
8277,0.9985516871473323
8278,0.9996210267872072
8279,0.9471108849674568
8280,0.9999503129012931
8281,0.9993941224483841
8282,0.9998314745242577
8283,0.9998750297606838
8284,0.9997973209335889
8285,0.9992811417207722
8286,0.9974743509790748
8287,0.9036427101796233
8288,0.9999617646653118
8289,0.9986879611898495
8290,0.9998431429613016
8291,0.9995549589558023
8292,0.7149297703588672
8293,0.43325426290779534
8294,0.9984877312876026
8295,0.9994769979328655
8296,0.9999404266780502
8297,0.9913519813074106
8298,0.9791451013760178
8299,0.9992079009804584
8300,0.9999785026835849
8301,0.9996639650909315
8302,0.997583582895086
8303,0.9982606468862509
8304,0.9977583833178665
8305,0.7482331199214931
8306,0.9988604996721581
8307,0.9999807995655484
8308,0.9925554842423103
8309,0.9974123221208651
8310,0.9998124525486058
8311,0.9993497802446196
8312,0.999419647116469
8313,0.9999871804283056
8314,0.9998213034156105
8315,0.9999992037194401
8316,0.9613090608725184
8317,0.9988562091139059
8318,0.9981644278611016
8319,0.9992697009771038
8320,0.9523103217578924
8321,0.759110461197679
8322,0.9995391653782796
8323,0.9963904962836871
8324,0.9966704048328219
8325,0.9980924207291244
8326,0.9997069763855835
8327,0.8720275323150302
8328,0.9999141116490281
8329,0.7907368896506614
8330,0.9999763220500116
8331,0.9999965533576192
8332,0.9994982336247302
8333,0.9999888343637003
8334,0.9807553724046041
8335,0.9994494963658362
8336,0.9998612341638119
8337,0.9998317946553947
8338,0.8558940296734902
8339,0.9999688299832727
8340,0.9362380976358273
8341,0.9998374159789873
8342,0.9999577563815016
8343,0.9993550426105949
8344,0.9985766621269578
8345,0.9895480567761636
8346,0.04370341592784718
8347,0.9999540699211191
8348,0.999985361001975
8349,0.9994531523637576
8350,0.9979016946882049
8351,0.9991943672244628
8352,0.9902172780549279
8353,0.9998820341518652
8354,0.9486226302853389
8355,0.999781674713346
8356,0.9996392513117291
8357,0.9999662729722045
8358,0.9999711241300884
8359,0.9994117076479323
8360,0.9970404244811292
8361,0.9999859114554092
8362,0.9981129153489202
8363,0.999532766299426
8364,0.5274844326314337
8365,0.885132943610044
8366,0.9997716084486112
8367,0.9938714223076551
8368,0.9997331910626601
8369,0.8564836696124706
8370,0.99920112061316535
8371,0.999782666173475
8372,0.999944432991707
8373,0.8225819500464664
8374,0.9994087296796087
8375,0.9999290412423442
8376,0.9937586606965263
8377,0.9999830070559764
8378,0.9995354751619292
8379,0.9991853541804678
8380,0.992626627253942
8381,0.9998700248233213
8382,0.999885873073818
8383,0.9944600474353017
8384,0.9999830935915223
8385,0.9992492837773083
8386,0.998433587633948
8387,0.9995486432971172
8388,0.1885842552719568
8389,0.9995542060246396
8390,0.06198178742380995
8391,0.9977902969427654
8392,0.9995812907786936
8393,0.9986671305309219
8394,0.9971231210919904
8395,0.9999886468997171
8396,0.9999341227865701
8397,0.9997603153119462
8398,0.9998459274308934
8399,0.9999795714628809
8400,0.9840732991483474
8401,0.6084946199633806
8402,0.999788122130446
8403,0.9993425599943981
8404,0.9997619770161776
8405,0.9999846255668736
8406,0.999898141308747
8407,0.971033877917339
8408,0.9999759664164981
8409,0.9989721366915602
8410,0.8385354992464704
8411,0.9997593890035554
8412,0.9998843038186322
8413,0.9990309461159923
8414,0.9147526882233195
8415,0.8919204857550815
8416,0.9999916587294426
8417,0.9772094422624958
8418,0.24041564183364195
8419,0.9999727783878756
8420,0.12005785087861896
8421,0.9991659239256663
8422,0.9993124165539199
8423,0.9776099924782131
8424,0.9994760763452564
8425,0.811357432926909
8426,0.9981229921486983
8427,0.9814118691022442
8428,0.9995283361066456
8429,0.5581368815875029
8430,0.9998767430357357
8431,0.9999627023866572
8432,0.9999081598962517
8433,0.9995324337089129
8434,0.9999814252656274
8435,0.9989507328865673
8436,0.9994450140230535
8437,0.9941896825221967
8438,0.9999867931708114
8439,0.2196145332287942
8440,0.999984574074855
8441,0.9994601459718981
8442,0.9658399403222133
8443,0.9999659953005657
8444,0.7048554726932743
8445,0.8493048969838448
8446,0.9984406982932154
8447,0.9984089244576645
8448,0.9999980941242782
8449,0.9999150903583282
8450,0.9996368944963407
8451,0.9995968566521731
8452,0.9660642088792373
8453,0.9975811569909971
8454,0.9986416013634087
8455,0.9976347685139877
8456,0.9978725857586711
8457,0.9999784034392747
8458,0.8852914797582543
8459,0.7965992071363608
8460,0.5833204779935361
8461,0.9999515676069767
8462,0.9984114713091226
8463,0.9999715665572714
8464,0.9995627223760257
8465,0.9728862426525163
8466,0.9992808769422512
8467,0.9999509073607354
8468,0.9999647665161642
8469,0.9996777118935828
8470,0.9960734158510033
8471,0.9997107423211454
8472,0.9989627676302124
8473,0.9803581033194025
8474,0.999996436536041
8475,0.9999695828073271
8476,0.9993176398979348
8477,0.9999205764185446
8478,0.9983327927184932
8479,0.9999578374912667
8480,0.9511705889529145
8481,0.9996638619174083
8482,0.960762170588032
8483,0.998620535486755
8484,0.9985631460724232
8485,0.6569682396929633
8486,0.9997741311104185
8487,0.9817023562462779
8488,0.9162976551513476
8489,0.9997418185800634
8490,0.9862769554795889
8491,0.9996194528300922
8492,0.9930642571622516
8493,0.921923192859982
8494,0.43084440072458924
8495,0.9997148089762632
8496,0.9996909950171746
8497,0.9991206607784074
8498,0.9922521675112418
8499,0.9968686339419959
8500,0.9988340076575809
8501,0.9999549300154806
8502,0.9995213605087346
8503,0.9973671373890736
8504,0.9999408007007413
8505,0.9948915337490074
8506,0.9998494454824549
8507,0.9993168543486829
8508,0.9996845468496411
8509,0.9998605143904812
8510,0.9993978176961248
8511,0.9996506306785754
8512,0.9994750544946189
8513,0.9796048356301064
8514,0.8945379633026089
8515,0.9899422991770819
8516,0.999983283951561
8517,0.9880926887576238
8518,0.9995985314536285
8519,0.992614196364468
8520,0.9974061113637546
8521,0.9969281957679477
8522,0.9980712850816494
8523,0.998455765059405
8524,0.932066088749152
8525,0.9993098754554595
8526,0.999988482755024
8527,0.9998029495766372
8528,0.9895798232563034
8529,0.9967944939176846
8530,0.9995804463923941
8531,0.9977816491223219
8532,0.9950531979096146
8533,0.9998607694840457
8534,0.9993797711643571
8535,0.9394334289649339
8536,0.9714825361886654
8537,0.9999745044824263
8538,0.9977668155750002
8539,0.99996438101310825
8540,0.9999464035542854
8541,0.9933642094765615
8542,0.9989025515963829
8543,0.9998236846212354
8544,0.9998268296381152
8545,0.9999239695037496
8546,0.9903461417937935
8547,0.9997105703278109
8548,0.9996727761955879
8549,0.9999640797121879
8550,0.9970873768103423
8551,0.9980769206821407
8552,0.9798369556059113
8553,0.9999872907814166
8554,0.9959195840159911
8555,0.999990343468032
8556,0.9999589314269468
8557,0.9999950425559821
8558,0.9533676243346209
8559,0.9980189059879503
8560,0.9021318732331808
8561,0.9549967574414707
8562,0.9999474805579147
8563,0.9992784937407841
8564,0.9999826611856862
8565,0.9809810564715856
8566,0.9999580371620522
8567,0.9991087419743632
8568,0.9999486918305006
8569,0.9999676889345307
8570,0.9999508144987928
8571,0.9996587344938833
8572,0.9941606940904621
8573,0.9976790672880352
8574,0.9947159786874756
8575,0.9979124364071092
8576,0.9993343323516546
8577,0.9999001904478975
8578,0.999925111183402
8579,0.9998391680455244
8580,0.7313645887284228
8581,0.9834751026009115
8582,0.5640484379301747
8583,0.9803474255274615
8584,0.9999680007332917
8585,0.9993504504464312
8586,0.9996975699244474
8587,0.9994550060947256
8588,0.9998323757145132
8589,0.9924018317238885
8590,0.971168030229033
8591,0.9944854987191575
8592,0.9993985833593759
8593,0.9958897154105842
8594,0.9999774114599055
8595,0.956674227936421
8596,0.9999269584011072
8597,0.9999172199427858
8598,0.9872694390313561
8599,0.8202523889601289
8600,0.9998191474632094
8601,0.9991401629470502
8602,0.846856742743058
8603,0.9993073135373283
8604,0.9999727125010648
8605,0.9988273026818539
8606,0.9998200952412605
8607,0.9786314114112757
8608,0.8703608428640454
8609,0.9978652795845109
8610,0.9958989922048892
8611,0.9977914082660433
8612,0.9999581595719385
8613,0.9999378345594185
8614,0.9989508509533448
8615,0.999860212179705
8616,0.999545270937477
8617,0.9994690090295766
8618,0.9965875513616579
8619,0.9998925517063633
8620,0.967828933833114
8621,0.9994158857730213
8622,0.9869591127462215
8623,0.9999905170793656
8624,0.9999875156245975
8625,0.9999278415520529
8626,0.9955012682501326
8627,0.9999692843043547
8628,0.9877143285217452
8629,0.9972888857616715
8630,0.969241942556889
8631,0.9999422198149753
8632,0.9989477356459288
8633,0.9998880681267424
8634,0.9999556125185345
8635,0.9995468571299247
8636,0.9993252005514103
8637,0.9999684027627347
8638,0.6159096285136201
8639,0.4931318582834445
8640,0.99999289049356
8641,0.5796757310329248
8642,0.9251161130634812
8643,0.9962203390164087
8644,0.917611159848934
8645,0.9992152352050085
8646,0.9971949256747982
8647,0.9999830205892856
8648,0.9944102611203964
8649,0.9999695206734802
8650,0.9970733867139513
8651,0.9884197202439001
8652,0.9994846437393776
8653,0.9994451338954815
8654,0.9996083592376563
8655,0.9948474738439369
8656,0.8396094188267497
8657,0.9942590413618471
8658,0.9999419718520068
8659,0.9998252119083054
8660,0.998288460409893
8661,0.9999553628873639
8662,0.9973531702332491
8663,0.9903049475920751
8664,0.9999299075420545
8665,0.8571391160160355
8666,0.9999553985182059
8667,0.9969875687883389
8668,0.9983815429828587
8669,0.9978569806322787
8670,0.9739254856294481
8671,0.9998667165175228
8672,0.9910081955148191
8673,0.6995833676290828
8674,0.9825517967472487
8675,0.709164475712954
8676,0.9993391834676881
8677,0.9142205758573011
8678,0.6453079216166121
8679,0.9999337907339578
8680,0.9985925849115869
8681,0.9997727254494081
8682,0.9989896588187789
8683,0.999934826555557
8684,0.9943983420624559
8685,0.9998524603372624
8686,0.9999703170506155
8687,0.9993363214496744
8688,0.9999703191649939
8689,0.9926215941732843
8690,0.9999818350722868
8691,0.9969994682071149
8692,0.9993200158354781
8693,0.9999642926889779
8694,0.9998748903082637
8695,0.9592981264327881
8696,0.9847238075479552
8697,0.9999304583432788
8698,0.9999457420917525
8699,0.9944951220654225
8700,0.9301707805059409
8701,0.9990656362036768
8702,0.9877775548133911
8703,0.9997634854972023
8704,0.9859577024767362
8705,0.9991448776100252
8706,0.9992281185227362
8707,0.9998793480936667
8708,0.9998855040752705
8709,0.9993793766174455
8710,0.9993087727697368
8711,0.9991484438013103
8712,0.999925713890046
8713,0.9267079553800007
8714,0.9998610945582932
8715,0.9999388470581136
8716,0.9994396123673246
8717,0.965364282821136
8718,0.9999871957075421
8719,0.9938715295142247
8720,0.9744487481674621
8721,0.9407330934945567
8722,0.9999797068931858
8723,0.9999876785868207
8724,0.998696864400545
8725,0.9992330051559767
8726,0.9998538130342147
8727,0.9988191759235218
8728,0.9999372202859091
8729,0.7494646224684858
8730,0.9967449517912587
8731,0.999966341635731
8732,0.9993675424781097
8733,0.9999326485365033
8734,0.9916093106965568
8735,0.999988260152494
8736,0.9965672796821691
8737,0.9906715519428294
8738,0.9999141446298576
8739,0.9994757181445041
8740,0.9827567206282715
8741,0.9588194337897696
8742,0.9992466692546309
8743,0.9995678019939451
8744,0.9913823432882068
8745,0.8843364776867607
8746,0.9991856993092653
8747,0.9895676776013491
8748,0.9997152934639344
8749,0.9991735886285513
8750,0.9994406501611062
8751,0.9976595093228465
8752,0.9967134200737586
8753,0.9999532813412404
8754,0.9998868487212719
8755,0.9998418109210226
8756,0.9862128105962744
8757,0.9998007867948054
8758,0.9996165052713523
8759,0.9808038880228835
8760,0.8369369781811824
8761,0.9994387648184067
8762,0.999544322429697
8763,0.9993912950390482
8764,0.9737856718864915
8765,0.9999807903794256
8766,0.9970115890149334
8767,0.9962247707985322
8768,0.998170363191845
8769,0.9999352633438969
8770,0.9509285996086183
8771,0.982510469338077
8772,0.9922746539827343
8773,0.9999505392055615
8774,0.9997812789643822
8775,0.9983962742478094
8776,0.9994793269110127
8777,0.9824666301886817
8778,0.9830060620427147
8779,0.9977875207985978
8780,0.6532558054694287
8781,0.9684995985280543
8782,0.9985661668597344
8783,0.9999464798107168
8784,0.9999171308386438
8785,0.9950662175117425
8786,0.9999836966483415
8787,0.9998952431676474
8788,0.9998080780869006
8789,0.9999387573085275
8790,0.9280420806715886
8791,0.9999953841451165
8792,0.996317984811309
8793,0.9999582128775594
8794,0.997064018554648
8795,0.9965255635979395
8796,0.9991099776501904
8797,0.9999437900087627
8798,0.9990009197738333
8799,0.9916898500264302
8800,0.9992270002111031
8801,0.945322596339843
8802,0.9742188978608871
8803,0.9999093720870056
8804,0.9999867392809809
8805,0.9736678231965402
8806,0.9985016714119763
8807,0.9999478384596433
8808,0.9660561358353018
8809,0.8675316325390142
8810,0.9999443527523988
8811,0.988916959154829
8812,0.9999650472822639
8813,0.9824979673537705
8814,0.998517428105606
8815,0.9995340929363109
8816,0.9958127914807946
8817,0.9999343504508077
8818,0.9394836084752337
8819,0.9913144057199186
8820,0.9996946790608815
8821,0.9604600833513216
8822,0.9999332363135177
8823,0.9999577452410865
8824,0.9941294331208171
8825,0.9974868402584688
8826,0.9995867446156799
8827,0.9999605670686964
8828,0.9981847488825549
8829,0.9994770578027063
8830,0.999678963034081
8831,0.9991065055862703
8832,0.9997629177309928
8833,0.9992084183962678
8834,0.9999935080606375
8835,0.4624083894175884
8836,0.9999784787727135
8837,0.9997833159622779
8838,0.9998569491270177
8839,0.999594758153074
8840,0.9851898397281328
8841,0.9999854733802745
8842,0.9920804138942456
8843,0.9999392335544496
8844,0.9995040810961083
8845,0.9984137287844445
8846,0.8865952816178557
8847,0.9994095921737615
8848,0.9993350015742013
8849,0.9766801911083715
8850,0.9300955962652128
8851,0.999981310881921
8852,0.9978448729671919
8853,0.8934216896985463
8854,0.9995782525087826
8855,0.9322480745771918
8856,0.9997537335549617
8857,0.9994608195507899
8858,0.9998842463095499
8859,0.9909543972281023
8860,0.999839888812627
8861,0.9539699510620372
8862,0.9999184752189342
8863,0.9991754506735355
8864,0.9806566056655192
8865,0.9999402381457291
8866,0.9992708465945743
8867,0.9996628708670778
8868,0.9999572042485506
8869,0.9991214302422672
8870,0.9996282615068438
8871,0.9974983496309907
8872,0.9999433584449839
8873,0.999814387673296
8874,0.9998697459352479
8875,0.9999487538569223
8876,0.9998509972226105
8877,0.9999604179428345
8878,0.9971174139507878
8879,0.9999525347832778
8880,0.9594912117431106
8881,0.9938781865253373
8882,0.9951204083647571
8883,0.9880257085945054
8884,0.9857113907395691
8885,0.9999947623321291
8886,0.9996643487293156
8887,0.999465702889387
8888,0.9993309015776863
8889,0.9999518211996122
8890,0.9761114122687414
8891,0.9995648315503288
8892,0.9999391078864328
8893,0.9999218087498709
8894,0.9999822605430233
8895,0.9881804815713181
8896,0.998913855602525
8897,0.999978867101294
8898,0.9927272151521644
8899,0.9991612069746266
8900,0.9999959542373454
8901,0.9881598648190697
8902,0.9711028814686481
8903,0.9327631438184132
8904,0.9994898186935578
8905,0.999853237094662
8906,0.9980003093167858
8907,0.9884548858644547
8908,0.9094062199827685
8909,0.9998984385997313
8910,0.9999712356584871
8911,0.9898927723883011
8912,0.9988831774123137
8913,0.9895440514903787
8914,0.9081593874224619
8915,0.983601818265895
8916,0.9997687213580645
8917,0.9994560332073618
8918,0.9983798120363132
8919,0.9994501894163991
8920,0.9998811482521255
8921,0.9229648126309439
8922,0.9999224905637105
8923,0.9922063987513627
8924,0.9994957290126901
8925,0.9569031351933153
8926,0.9999793274523157
8927,0.9983264392798232
8928,0.9994597084952909
8929,0.9999094777779605
8930,0.9996047743640732
8931,0.9994475539269192
8932,0.9963636448299676
8933,0.8742607842468362
8934,0.9910318883168903
8935,0.9930339495023902
8936,0.9997253835349739
8937,0.9987142253924168
8938,0.9375408842114746
8939,0.899338028906185
8940,0.9984924829884464
8941,0.9713918886218763
8942,0.9932344224104955
8943,0.9756117817333382
8944,0.9803893358270005
8945,0.8869395447920119
8946,0.9984752596414377
8947,0.805233496351049
8948,0.9996775620857576
8949,0.9997228465189831
8950,0.9998532848151029
8951,0.9970596178910993
8952,0.9570550520868916
8953,0.9911446464743608
8954,0.9999401704406489
8955,0.9998216103636934
8956,0.6746252803688303
8957,0.9905692469035035
8958,0.9908444310612552
8959,0.9885462842437386
8960,0.9996794740579299
8961,0.9997310293920215
8962,0.9992636640317386
8963,0.9997655313291786
8964,0.996703855586896
8965,0.9999858162355065
8966,0.9999667828604899
8967,0.15498451694116347
8968,0.999182192991803
8969,0.9820069959648158
8970,0.9992989573532748
8971,0.9999080650311222
8972,0.9999090472321679
8973,0.9839795231228159
8974,0.9999741690087856
8975,0.9991725818561102
8976,0.9998994229372467
8977,0.9999755417721188
8978,0.9998465748724026
8979,0.9999615351631101
8980,0.825707849872028
8981,0.9849519795093641
8982,0.9988523434155613
8983,0.9986555037776628
8984,0.9991066134951063
8985,0.9996815025340641
8986,0.6207119650788495
8987,0.9998211400028931
8988,0.9982066879780692
8989,0.9987910114988091
8990,0.9991603214231312
8991,0.9999577118585175
8992,0.9968892507427801
8993,0.9999485413356098
8994,0.9900840393398372
8995,0.9992227949966175
8996,0.9999744409411381
8997,0.9998030468856082
8998,0.9902483727935986
8999,0.9964573294360007
9000,0.998229526271829
9001,0.06692872159203646
9002,0.9995179888604518
9003,0.9999738669819719
9004,0.909899622661965
9005,0.4839877254796241
9006,0.9999582580742902
9007,0.9998261682580036
9008,0.997417236383539
9009,0.9999843815627123
9010,0.9998917993857576
9011,0.9999783939409387
9012,0.9999593014944724
9013,0.9981892752832886
9014,0.9999938413808638
9015,0.9991864335508397
9016,0.9998825026971098
9017,0.9986700681648557
9018,0.9997883751815222
9019,0.9995901042262054
9020,0.986083893760506
9021,0.8427680466974714
9022,0.9994379728316802
9023,0.999973176871242
9024,0.954531616736591
9025,0.9475873322587768
9026,0.9999907458533454
9027,0.9990082788977399
9028,0.9984346133151266
9029,0.9999798641294984
9030,0.998149197052883
9031,0.9944521200450922
9032,0.9978395073756954
9033,0.9999813637532583
9034,0.999949822269493
9035,0.9804456187771224
9036,0.999830941175412
9037,0.9994579984367716
9038,0.9998665157289826
9039,0.9907517869878045
9040,0.9968611844739242
9041,0.9994811015849802
9042,0.9850945457952472
9043,0.9545939631755663
9044,0.9885035686632727
9045,0.9997390429090928
9046,0.999355553423069
9047,0.9761988799332502
9048,0.9785840245494839
9049,0.9982300506587695
9050,0.9993622998125137
9051,0.6819436659557128
9052,0.9982409117075363
9053,0.9999716642998391
9054,0.9996287144198395
9055,0.06809097933860182
9056,0.999911778939604
9057,0.997071062133026
9058,0.9960610814077283
9059,0.9988674125385743
9060,0.7488596604661386
9061,0.9999890287521895
9062,0.34953449415837406
9063,0.9979369679840906
9064,0.9573271493948745
9065,0.9891434148063498
9066,0.9995083516953602
9067,0.9994044896747953
9068,0.9998468914794622
9069,0.9999745588769312
9070,0.9954975312778086
9071,0.9940059655319832
9072,0.9989063817192183
9073,0.9991228035752487
9074,0.9985333428226146
9075,0.9994920108915745
9076,0.9995814545939449
9077,0.9996023739499108
9078,0.9999074974907944
9079,0.9963494263191196
9080,0.942869807352615
9081,0.9997564929025083
9082,0.9998858508262511
9083,0.9787608789530919
9084,0.9996409114083258
9085,0.994451379472547
9086,0.9999221097336263
9087,0.9956336444762506
9088,0.16713045284192363
9089,0.9228144525347185
9090,0.9998361355394054
9091,0.4996349124059511
9092,0.9999840487841608
9093,0.9991463460180805
9094,0.9992321655296807
9095,0.9879047480195077
9096,0.9916434732818274
9097,0.9984861175574641
9098,0.9998298907120948
9099,0.9972896319830385
9100,0.987340782173553
9101,0.9450599056719425
9102,0.9999811000959683
9103,0.03367667922733352
9104,0.9973132275711227
9105,0.2156639985078778
9106,0.9975327176815036
9107,0.9995606285865988
9108,0.9999989010674831
9109,0.9921009333978853
9110,0.9996483589426258
9111,0.9957491915737658
9112,0.9971920757495927
9113,0.9997169863652327
9114,0.9891643478833702
9115,0.9999935507108544
9116,0.9976805898517734
9117,0.9999242453326082
9118,0.9988092486718739
9119,0.8633765560966029
9120,0.9611043867617053
9121,0.9998876941871927
9122,0.9966238251670014
9123,0.9967842880354385
9124,0.9679375404334213
9125,0.9998674218116613
9126,0.999995234074753
9127,0.9993533792629584
9128,0.9507766779363065
9129,0.9998032070263545
9130,0.9949212519566306
9131,0.4738421451610246
9132,0.9883802062229681
9133,0.9992420048024072
9134,0.9982992979623049
9135,0.9913600941576886
9136,0.999625017476169
9137,0.9992045252448681
9138,0.9999696748807849
9139,0.9994631977379985
9140,0.9961617228093989
9141,0.9999270458361501
9142,0.998750799595683
9143,0.9998706815631011
9144,0.9992613468054373
9145,0.9991055803319766
9146,0.9968530991867651
9147,0.9978245990542878
9148,0.9992795592550059
9149,0.9644906393638294
9150,0.9999830771472573
9151,0.9979918863321293
9152,0.9654364595433481
9153,0.9951817111514535
9154,0.8021329147265664
9155,0.6312659175536206
9156,0.9996779571086849
9157,0.6584231470016534
9158,0.999999335110762
9159,0.9904855827250982
9160,0.9999471113629742
9161,0.9992759352458114
9162,0.9985606687965091
9163,0.9893428176155857
9164,0.9949236373926498
9165,0.9997290351688567
9166,0.9862758062225726
9167,0.9996438721085241
9168,0.9964240819785048
9169,0.9996212848942434
9170,0.9999865452182541
9171,0.9999546048869817
9172,0.975501606449627
9173,0.016589369385332262
9174,0.999949586356028
9175,0.9796176707777382
9176,0.9989744327755185
9177,0.9999989890068709
9178,0.9451133504053745
9179,0.9987645971068743
9180,0.9935533221101137
9181,0.9998755340072256
9182,0.9992904924485093
9183,0.9876442774818709
9184,0.9930812704680722
9185,0.9970565070381074
9186,0.8250675056493441
9187,0.9999841329228946
9188,0.5195279809991118
9189,0.9861393520295036
9190,0.9999334644252057
9191,0.9927483787316423
9192,0.9989211682842871
9193,0.9990840767306827
9194,0.9992522826648438
9195,0.9997397401810507
9196,0.9974615389252207
9197,0.9999768035689152
9198,0.9755567104126402
9199,0.9878803923511313
9200,0.9999891985025213
9201,0.9846252368472518
9202,0.9995107096440448
9203,0.915333143328075
9204,0.9987892564954031
9205,0.5580647030112175
9206,0.9999058524555743
9207,0.9996542795555066
9208,0.6199990690822572
9209,0.500191778525686
9210,0.9997054938379902
9211,0.9998249826717303
9212,0.9994708140913791
9213,0.9999458684669146
9214,0.9999653867796874
9215,0.9999597349020574
9216,0.9932167769677863
9217,0.9994646880162079
9218,0.9728375912569519
9219,0.940595259579223
9220,0.9998415503904433
9221,0.9999251426130764
9222,0.9986464972851784
9223,0.9943715428536362
9224,0.9999919680874322
9225,0.9999672639016455
9226,0.9891883161075484
9227,0.9290794143768987
9228,0.9949694482944358
9229,0.9987955626962532
9230,0.9999450782819999
9231,0.9999845273368203
9232,0.9994778826691395
9233,0.9983745236941437
9234,0.9999625607978829
9235,0.9481762760847223
9236,0.99956244597344035
9237,0.9998460988413235
9238,0.9916390441631813
9239,0.9717767408640864
9240,0.9981552802239738
9241,0.9973969121657776
9242,0.9232324874259554
9243,0.9879017926548838
9244,0.9553589843324798
9245,0.9979856212048972
9246,0.9210487743000353
9247,0.9999565673283592
9248,0.9079543611481732
9249,0.9258840222611958
9250,0.999663003283837
9251,0.6321192690022595
9252,0.9988919532660957
9253,0.9994794466731713
9254,0.9999241546213171
9255,0.9977475396233635
9256,0.9986098359935852
9257,0.9998625139858112
9258,0.999369947877611
9259,0.9999194352232172
9260,0.9234819596606126
9261,0.9999712596989389
9262,0.9996817750950265
9263,0.9997802866463924
9264,0.9996368795522692
9265,0.973670521574238
9266,0.9959672767193755
9267,0.9996423030279541
9268,0.9999413390608187
9269,0.9999797720538077
9270,0.999643302497885
9271,0.9951227326259766
9272,0.9954100936839032
9273,0.9953438934619878
9274,0.9997400957649546
9275,0.6229149257158976
9276,0.9994688388632491
9277,0.9950778310507078
9278,0.9635281116072104
9279,0.9998999118649784
9280,0.9964728640755804
9281,0.9992863656129419
9282,0.9926222501056255
9283,0.999925344837794
9284,0.9974817492653615
9285,0.9999358239221944
9286,0.9779049651272407
9287,0.9998828918344093
9288,0.9999650754297288
9289,0.9633500623257186
9290,0.9999566373172156
9291,0.999615015578828
9292,0.9994910576900349
9293,0.9999515971812997
9294,0.9980340977209853
9295,0.9998626536810697
9296,0.9999533206302731
9297,0.9987450591549754
9298,0.4384368364743033
9299,0.9998298380164438
9300,0.9951194962694616
9301,0.9999846803485973
9302,0.9997519026278684
9303,0.9991953721665577
9304,0.014139275945839351
9305,0.9360417238592333
9306,0.9968716668362745
9307,0.9997420570833878
9308,0.9999521929005929
9309,0.9999587280992138
9310,0.9994447738062128
9311,0.9998623084834768
9312,0.6037588674047719
9313,0.9999952699891369
9314,0.9927316250928957
9315,0.9903759647803956
9316,0.9998704244512822
9317,0.999953724606224
9318,0.9996311483737371
9319,0.9627197255334868
9320,0.9967944365321257
9321,0.963273827431295
9322,0.9915201665832125
9323,0.9984883624624085
9324,0.015591102950279729
9325,0.684383691060663
9326,0.9994516427120379
9327,0.9999707059994649
9328,0.999868500851855
9329,0.9957257167840291
9330,0.9984084200157493
9331,0.9996763702254008
9332,0.9990411353580154
9333,0.9999011135187141
9334,0.9999730126628971
9335,0.994002861085043
9336,0.9999680836111892
9337,0.989597500289344
9338,0.9987330726397476
9339,0.9982216697931217
9340,0.9996386018367865
9341,0.999981791778163
9342,0.9997800926537299
9343,0.7709156172406169
9344,0.9999875844092361
9345,0.9753306320013321
9346,0.9980203996537149
9347,0.9896127619154811
9348,0.9999365720068285
9349,0.9994886742109768
9350,0.9988362391609927
9351,0.9912886468411565
9352,0.9989958266655085
9353,0.9998405694748698
9354,0.9976476699384557
9355,0.9999462328264512
9356,0.9986087132339097
9357,0.999218358141524
9358,0.999745070576244
9359,0.9968728111175671
9360,0.9986214509754975
9361,0.9999908952156863
9362,0.9905920601887902
9363,0.9893929882272465
9364,0.9999679172169401
9365,0.9947213212145053
9366,0.8528026559488848
9367,0.9923737611110289
9368,0.9999802200056946
9369,0.994915531658823
9370,0.9974016911004867
9371,0.9999827202982774
9372,0.9734638457971186
9373,0.9994504929182816
9374,0.9980049953763209
9375,0.9999118846198821
9376,0.37120468995943817
9377,0.9998626576310536
9378,0.9998962947236236
9379,0.9998850708813022
9380,0.8624281211102142
9381,0.966069782457072
9382,0.9946637993816988
9383,0.9999621992354877
9384,0.9799306907031079
9385,0.9986909132496407
9386,0.9541297707733892
9387,0.9963583354668076
9388,0.9996152690319718
9389,0.9999715948882878
9390,0.9997996100877015
9391,0.9758801692872853
9392,0.9999613244070144
9393,0.980891600648561
9394,0.9999954734109772
9395,0.9999341102572803
9396,0.9939451965605752
9397,0.9995685981406648
9398,0.9777958827220906
9399,0.9992752109709653
9400,0.9999066740235061
9401,0.7962629724243024
9402,0.9904386171947028
9403,0.9855893844215082
9404,0.9998671641737212
9405,0.9999465548209708
9406,0.9999859726164096
9407,0.9256020767474351
9408,0.9994882292006761
9409,0.9996583087025716
9410,0.9998556188228629
9411,0.9916504595117117
9412,0.8062553169462764
9413,0.9993093577526085
9414,0.9973299741044719
9415,0.9531929876762684
9416,0.9999418623747014
9417,0.9836239505224275
9418,0.9993937610979894
9419,0.9988367329609041
9420,0.9999794958174395
9421,0.998619419384113
9422,0.9995775563617402
9423,0.99976303597665
9424,0.9989103426755359
9425,0.9999754957463077
9426,0.7199030686925181
9427,0.9941102366407357
9428,0.9998782426928501
9429,0.9995873964498354
9430,0.9911416173536114
9431,0.9687166883968373
9432,0.9996834052426833
9433,0.9934869285017227
9434,0.8408243205999879
9435,0.999598172256334
9436,0.970294647217027
9437,0.9999131933387607
9438,0.9950761598585017
9439,0.9894260310121782
9440,0.9987973635502851
9441,0.999778903896586
9442,0.9998518953091476
9443,0.9949553271445196
9444,0.9999835710940504
9445,0.999956214424152
9446,0.998844515401627
9447,0.9999501661285405
9448,0.9892813415844022
9449,0.9966157017849037
9450,0.9858696755874693
9451,0.9953760159392653
9452,0.994213112122534
9453,0.9995004996886505
9454,0.9991051127238422
9455,0.9999707947592803
9456,0.9999230880943786
9457,0.9999933004222837
9458,0.9300078358626156
9459,0.9998899044887061
9460,0.9999678047146533
9461,0.9997270167198146
9462,0.9998358456138656
9463,0.7963121892289796
9464,0.9954189587578822
9465,0.9998631570897949
9466,0.99568824749255
9467,0.999959309533424
9468,0.7792539014851703
9469,0.9999376026778733
9470,0.9941899058974798
9471,0.9998570582460905
9472,0.9999458643312253
9473,0.9887321547176111
9474,0.9419531389672874
9475,0.9073110127806205
9476,0.999555602048891
9477,0.9998902985993676
9478,0.997656540111541
9479,0.9998991025482918
9480,0.9996664413920029
9481,0.9999622501307809
9482,0.6145520145113615
9483,0.9998983470500323
9484,0.9997169187232434
9485,0.9898665974307064
9486,0.993829509602939
9487,0.7590457480560394
9488,0.9961617228093989
9489,0.9112685853512577
9490,0.9990713596235314
9491,0.9696592493468964
9492,0.9887813577247505
9493,0.9999624903670116
9494,0.8654289798136406
9495,0.9993534046817298
9496,0.9999946851519763
9497,0.9999619779090094
9498,0.9976933022579874
9499,0.9629242241749159
9500,0.9966599895531345
9501,0.9553385479493011
9502,0.9989406348796699
9503,0.8899831749167063
9504,0.3958355746808335
9505,0.8454696269692636
9506,0.9999767997904012
9507,0.9715597022315484
9508,0.9191105805893732
9509,0.9997529128448341
9510,0.998102955206258
9511,0.9999524348618664
9512,0.9995470682937994
9513,0.9979001700124172
9514,0.9992449542662033
9515,0.9985827478604552
9516,0.9993142076721815
9517,0.9963058599194174
9518,0.9994828711590978
9519,0.9999813569475262
9520,0.9990697340431013
9521,0.7626118280260473
9522,0.9980224041872537
9523,0.9991041316286702
9524,0.9999308829840294
9525,0.9995907231485871
9526,0.9999019364961136
9527,0.9999435441059952
9528,0.9998670641940952
9529,0.999761239742104
9530,0.9477094011692175
9531,0.9990107175318647
9532,0.9999682794355705
9533,0.9997607146422828
9534,0.997168676312686
9535,0.9167599941663783
9536,0.9730622099833791
9537,0.9618729221473337
9538,0.9999164153516977
9539,0.9995153103666918
9540,0.9994075585383839
9541,0.9969026145115885
9542,0.999263219393634
9543,0.9999498377488812
9544,0.9980024860358382
9545,0.9993070596776241
9546,0.9994514856528434
9547,0.828920280594908
9548,0.9978722696322134
9549,0.9652378305382808
9550,0.9998510528639443
9551,0.9999836585674103
9552,0.9998197976495781
9553,0.993959106379908
9554,0.9951490715209551
9555,0.9998616042606681
9556,0.9677599887837606
9557,0.8110269408760652
9558,0.9999750270860311
9559,0.9950215589992738
9560,0.999045649151514
9561,0.998933100122467
9562,0.9154001922303455
9563,0.9985032099260281
9564,0.9999848168208422
9565,0.999909245581139
9566,0.9993073760756971
9567,0.8800981371737862
9568,0.9999727568329695
9569,0.9998586068786703
9570,0.9879348034501243
9571,0.999970353682334
9572,0.9742742369140188
9573,0.9999808791835563
9574,0.9999767941517921
9575,0.9999887833713401
9576,0.9999393653943377
9577,0.9988600980880555
9578,0.9996831352950097
9579,0.9997888046322365
9580,0.9998058546694472
9581,0.9997449747991307
9582,0.9995568834372865
9583,0.9998337184102282
9584,0.9950732283227056
9585,0.997362870912817
9586,0.8252735943797793
9587,0.9999718342101566
9588,0.9998270692115605
9589,0.9999573540755508
9590,0.9954924834775264
9591,0.9989581361555359
9592,0.49300105831655644
9593,0.9998017557933568
9594,0.9997180276647414
9595,0.9799718933381146
9596,0.999503816739749
9597,0.9999689645963256
9598,0.9997159287111627
9599,0.9992967546644221
9600,0.9995921721362491
9601,0.9986191498664676
9602,0.9996998808924102
9603,0.9998780560292602
9604,0.9990365603023191
9605,0.9998945234306388
9606,0.9991953414127991
9607,0.5669166252331657
9608,0.9999679070878087
9609,0.9970968000379866
9610,0.991637324094802
9611,0.9834800298215224
9612,0.9999611469763374
9613,0.9999733371608651
9614,0.9999954202527421
9615,0.7349496594954442
9616,0.9700952198035159
9617,0.9998881560123968
9618,0.999462300095091
9619,0.28274250693735964
9620,0.9999443925627696
9621,0.9267898558072402
9622,0.8719640320178924
9623,0.999968629925792
9624,0.43427614664728853
9625,0.6729268018606194
9626,0.9883349679289215
9627,0.99999124888559
9628,0.9999156940048923
9629,0.9999680807934975
9630,0.9995777516497131
9631,0.9999689967393511
9632,0.9899056975722996
9633,0.9999536854527241
9634,0.9611787210235443
9635,0.9991727680866507
9636,0.990494673184011
9637,0.1167244027494606
9638,0.9998246472766117
9639,0.9973320723949473
9640,0.9029197419158363
9641,0.9987030480724373
9642,0.9999782792777354
9643,0.9996809106119212
9644,0.999544404476225
9645,0.9999811620063546
9646,0.999981781428225
9647,0.9988534124062625
9648,0.9996883464727239
9649,0.994533632563694
9650,0.991522673389297
9651,0.9977748343045845
9652,0.9985647141544919
9653,0.9992787858166758
9654,0.9998287797198323
9655,0.9927507491161591
9656,0.9993562657192131
9657,0.8657754443439917
9658,0.9999748671609228
9659,0.7537736147768238
9660,0.9980994879768691
9661,0.9512484297375161
9662,0.9997427292419797
9663,0.994503326969792
9664,0.8983422516263688
9665,0.9740737696365573
9666,0.9942876647973419
9667,0.962390615543441
9668,0.996864341812538
9669,0.9881132606138388
9670,0.9997001517410197
9671,0.9986190199278991
9672,0.9999783150973225
9673,0.9999498484573138
9674,0.8863491191292322
9675,0.9999407071197761
9676,0.9997034868233756
9677,0.5829943211822087
9678,0.13615298849372068
9679,0.9922521675112418
9680,0.9996734273448484
9681,0.9999796206820896
9682,0.9976108597537502
9683,0.9947475022989172
9684,0.9993906319674367
9685,0.999986883629849
9686,0.9999836826511339
9687,0.08555843965164803
9688,0.9996460289544992
9689,0.999994024574657
9690,0.9995762859128008
9691,0.9986435443193592
9692,0.9988017512124765
9693,0.9999800327689895
9694,0.9953656052607861
9695,0.856304872764013
9696,0.9958159592963088
9697,0.9430264687099351
9698,0.9991023640617435
9699,0.9999806779593002
9700,0.9776159583179067
9701,0.9999660442623404
9702,0.9970344871437369
9703,0.9999930048059199
9704,0.999414127442466
9705,0.9925811532022135
9706,0.983209613093636
9707,0.9996140414188242
9708,0.9999328405890072
9709,0.9620348498677018
9710,0.9999385434258372
9711,0.9999670783167343
9712,0.9998552498009146
9713,0.9989375123525804
9714,0.9999822299852472
9715,0.9942358331925936
9716,0.9999141716496578
9717,0.9519562404719317
9718,0.9999748948124099
9719,0.9910700242749771
9720,0.9999606323252425
9721,0.9997014325601191
9722,0.9986340643042356
9723,0.9993249234007701
9724,0.9997754689091036
9725,0.9998597154022852
9726,0.9999124346288467
9727,0.9970246305689058
9728,0.9967144069482693
9729,0.5796820352879498
9730,0.9068623583470701
9731,0.9973001454838369
9732,0.9994610919957158
9733,0.984402911083013
9734,0.9997722607771541
9735,0.9997896748787641
9736,0.9534962214087555
9737,0.9994120351111371
9738,0.9917279697858411
9739,0.9984433972807952
9740,0.9997399736575682
9741,0.9999263709495514
9742,0.9991866657998278
9743,0.999604680604702
9744,0.9849175824595726
9745,0.957035098939608
9746,0.9999511103661758
9747,0.999755800924051
9748,0.9969230129391935
9749,0.9990907336624225
9750,0.9969968853237062
9751,0.9996805309497767
9752,0.9682990891968605
9753,0.9999925609651061
9754,0.99339709615655
9755,0.9999912180292468
9756,0.9932064110107228
9757,0.9987500033169366
9758,0.9999730746062016
9759,0.9993303533835299
9760,0.9986730806946924
9761,0.9998816012328714
9762,0.9999521027619782
9763,0.99756962190352
9764,0.9978929730802176
9765,0.999966117442537
9766,0.9994801938600946
9767,0.9825899434609899
9768,0.9141469740341681
9769,0.8723678475138368
9770,0.9998412560530954
9771,0.9996657039948842
9772,0.9980334027406492
9773,0.9998948073278675
9774,0.9997096137248078
9775,0.999676727481471
9776,0.9914411322004665
9777,0.9999907891049206
9778,0.990547777525018
9779,0.9998190597851859
9780,0.958101949758534
9781,0.9998523716915461
9782,0.9998353634917017
9783,0.9996355339266048
9784,0.9989710815133682
9785,0.9988588880965709
9786,0.9711095615964527
9787,0.9997827175422693
9788,0.9964973303160204
9789,0.9994757604867837
9790,0.9946824668263032
9791,0.9998910928207692
9792,0.9999680937594568
9793,0.999446420354463
9794,0.9998334532909608
9795,0.9856109619617864
9796,0.9999829902855984
9797,0.9887871482921717
9798,0.9995672792169814
9799,0.32827534955511267
9800,0.5919075843671473
9801,0.9989983159664203
9802,0.9975579841175044
9803,0.9999290003789089
9804,0.993198725869687
9805,0.999792030556774
9806,0.9905630737635434
9807,0.9991115836108959
9808,0.9979200560922362
9809,0.9986140146137168
9810,0.9878000359871376
9811,0.9987783163359152
9812,0.9990550782559049
9813,0.8341678187920958
9814,0.9754420838832819
9815,0.9998918382405168
9816,0.9986649772814951
9817,0.757035421288899
9818,0.9983283586221354
9819,0.9999717411057445
9820,0.9978174535973745
9821,0.9999243766922478
9822,0.9803177945301983
9823,0.9972914142807027
9824,0.9999590210876591
9825,0.9353294886006989
9826,0.9999806544249116
9827,0.9978090923811488
9828,0.9964367781571559
9829,0.8461316836286885
9830,0.986701332594625
9831,0.9083044655575615
9832,0.9983324245037397
9833,0.9985945672858558
9834,0.9851401069322879
9835,0.7449722829669595
9836,0.98873195484396
9837,0.9995555568959156
9838,0.9961600180339373
9839,0.9999844482479521
9840,0.999837777870624
9841,0.9999778175947237
9842,0.9159875666855218
9843,0.9997463722084613
9844,0.9998682900429403
9845,0.991044820873247
9846,0.9997976492656843
9847,0.9973547225942895
9848,0.9999682579766818
9849,0.9769464621368894
9850,0.9994782754143847
9851,0.9918389459890933
9852,0.9999391356465794
9853,0.999815180722826
9854,0.9979441122631895
9855,0.999606749357378
9856,0.625033494705157
9857,0.9394145696540425
9858,0.999277120450335
9859,0.9969994548803754
9860,0.8585807217977198
9861,0.9991606074262019
9862,0.9995316214175721
9863,0.999837989001338
9864,0.9999714274803988
9865,0.9998567155211955
9866,0.9991699561698912
9867,0.9995979536865984
9868,0.9996231154537399
9869,0.9993224701255987
9870,0.9999655138883231
9871,0.9964491625358054
9872,0.9531012665263877
9873,0.9863340204190019
9874,0.9997473910060606
9875,0.995161190743314
9876,0.9969081564649225
9877,0.9994008847620535
9878,0.8837746557426598
9879,0.9999994381115939
9880,0.9981753663439172
9881,0.9998534795183229
9882,0.9994440440686743
9883,0.9884029176320873
9884,0.16066247970024622
9885,0.9990377883245647
9886,0.999870687122036
9887,0.9999982026890651
9888,0.990204412519067
9889,0.999433070085862
9890,0.9992051736576126
9891,0.9980757373800012
9892,0.999920018641511
9893,0.9989062423570841
9894,0.9851586227430273
9895,0.9882629270491766
9896,0.993599038119068
9897,0.9990866777709188
9898,0.9852497724968687
9899,0.9710804278027595
9900,0.9999575880548939
9901,0.9999630454983903
9902,0.9608695168268754
9903,0.9999836144123797
9904,0.9559851523842142
9905,0.8138324305882156
9906,0.9999794507792695
9907,0.9988480058022513
9908,0.9999864886744653
9909,0.9979624216747863
9910,0.9999817755455256
9911,0.9999875101700307
9912,0.9999590266629924
9913,0.9949419455215155
9914,0.9956314399859023
9915,0.9942555303307454
9916,0.9999477245881366
9917,0.9999002617606273
9918,0.7412701015759161
9919,0.9992100112860008
9920,0.9995311787861892
9921,0.9995163180350324
9922,0.9998547427373977
9923,0.9990560078892009
9924,0.9995416357127692
9925,0.998735037291903
9926,0.9999759067220166
9927,0.9999708295440958
9928,0.9996516817875366
9929,0.9993544211809603
9930,0.9995915192879573
9931,0.9993435436789393
9932,0.8652272322722263
9933,0.9998387786851031
9934,0.9998346187620648
9935,0.9993110468603598
9936,0.9971339702946028
9937,0.9695253045742906
9938,0.9997350001039
9939,0.9999066523989038
9940,0.9992128218346463
9941,0.998103319185104
9942,0.9998728922482364
9943,0.9737404743824348
9944,0.995304013443291
9945,0.9999138066487089
9946,0.9973636654251307
9947,0.9375392533773932
9948,0.29660376097183105
9949,0.999822989160391
9950,0.9928846997865048
9951,0.9995423780884822
9952,0.9999866453002706
9953,0.887818386624509
9954,0.9985662634290563
9955,0.9999164094907308
9956,0.9953037730032934
9957,0.9990374482821335
9958,0.9769225038840974
9959,0.7691655016165718
9960,0.9999899733322481
9961,0.9998184228974581
9962,0.9999689524263192
9963,0.9999784302423225
9964,0.9989875275697936
9965,0.9997829288228496
9966,0.9999793322395927
9967,0.9983768367384099
9968,0.9999018355312439
9969,0.9999559488266504
9970,0.9987557604262536
9971,0.9980818158534092
9972,0.9971711082610584
9973,0.9969672457616233
9974,0.9989621318016488
9975,0.9984307413526496
9976,0.9987562930280958
9977,0.9988084129614612
9978,0.9980905019343892
9979,0.21751608196462696
9980,0.990446709813495
9981,0.987172894185316
9982,0.9973426235655145
9983,0.9951630412523548
9984,0.999988645411612
9985,0.9999716844059047
9986,0.9994978986049692
9987,0.971141660783336
9988,0.9997772197608547
9989,0.9999705116149608
9990,0.9997413846848447
9991,0.999898241104142
9992,0.9999718961691801
9993,0.9932378983963861
9994,0.9993378884558186
9995,0.9983411635018707
9996,0.8141102318667814
9997,0.9992439325227965
9998,0.992708253339322
9999,0.9962078562345061
10000,0.9974700623731767
10001,0.9976368328490762
10002,0.9999894371456582
10003,0.825991313797346
10004,0.8915888468880829
10005,0.9987360780069585
10006,0.10448684116609228
10007,0.9992512834595344
10008,0.999781674713346
10009,0.9998089552065722
10010,0.9793225195809175
10011,0.19839201582324084
10012,0.9977483154500708
10013,0.9971327950941654
10014,0.9999427701952222
10015,0.9994328181701417
10016,0.9964948904095634
10017,0.9929356455137848
10018,0.9999812042833631
10019,0.994958129121339
10020,0.998498537801833
10021,0.9701048325276981
10022,0.9995909366287064
10023,0.9993888045619405
10024,0.939560666048347
10025,0.9998111397655126
10026,0.9590933426231917
10027,0.9974267882571648
10028,0.9997692770001185
10029,0.9841091699399009
10030,0.9999696251312301
10031,0.9986597438342233
10032,0.998755769768293
10033,0.997204205433047
10034,0.9990544523653124
10035,0.9999934787518541
10036,0.9135691719908657
10037,0.9996196130584564
10038,0.9998192084462895
10039,0.9952680655811941
10040,0.9995781188037962
10041,0.479371814403014
10042,0.9963244497371393
10043,0.9996569420933883
10044,0.9999846213369646
10045,0.6212841689522509
10046,0.9999967603486619
10047,0.9958927673777561
10048,0.9999034333161004
10049,0.9999311120904895
10050,0.9999938545186137
10051,0.9951787070332667
10052,0.9999240148578895
10053,0.9563262326478842
10054,0.991470271738062
10055,0.9999656966623769
10056,0.9999816573900588
10057,0.9980352945196154
10058,0.9977928050658549
10059,0.9963058599194174
10060,0.9999551333458768
10061,0.9969418102684454
10062,0.999991470952048
10063,0.9996308538389838
10064,0.9806929085367628
10065,0.9883869787393161
10066,0.9437160835310302
10067,0.999926824778969
10068,0.9999484589660944
10069,0.9993815652118593
10070,0.9703480407641808
10071,0.9550780676358627
10072,0.999757283971099
10073,0.9954690064923716
10074,0.9759893289197218
10075,0.9994201086408206
10076,0.9979878223732406
10077,0.999941585987896
10078,0.9920778328711193
10079,0.8705572182965753
10080,0.9525605063145713
10081,0.9993431094742554
10082,0.9788524179786613
10083,0.9671915481941004
10084,0.9999072113211493
10085,0.9999442086264806
10086,0.9889395258508509
10087,0.9944413944088003
10088,0.9999262496327086
10089,0.9997504055088221
10090,0.9999822097598374
10091,0.9992797977647058
10092,0.9979771416520903
10093,0.9993156139559928
10094,0.9997841412209968
10095,0.9999390974182455
10096,0.9997553725995555
10097,0.9978067127580971
10098,0.9962075678865521
10099,0.9999400605331773
10100,0.9995161146808891
10101,0.9999887672835958
10102,0.9897058434011777
10103,0.996838116202133
10104,0.9953113046176312
10105,0.9790834854904936
10106,0.9683436882524674
10107,0.9965374672015899
10108,0.9996441955427325
10109,0.7894677610983223
10110,0.6805269701376009
10111,0.28002668304131073
10112,0.9999723150961045
10113,0.9957865491088326
10114,0.9999313847570122
10115,0.904077209260842
10116,0.9997419346305838
10117,0.6621042302565721
10118,0.40068682565212477
10119,0.8882893794320739
10120,0.9999063871054229
10121,0.9939251274795455
10122,0.9996880433079142
10123,0.9710217412264001
10124,0.9898528475812853
10125,0.9991670250952722
10126,0.6947450577101629
10127,0.9816703653538676
10128,0.9937312332695772
10129,0.5489768255345906
10130,0.9991467338803125
10131,0.9983050364824211
10132,0.999643153560191
10133,0.9943087884288396
10134,0.8612362800891715
10135,0.6189668909359161
10136,0.9862895649690773
10137,0.9991403618055749
10138,0.9449233746248353
10139,0.9906663493297806
10140,0.9984290637929366
10141,0.4064169671660378
10142,0.9999866552167387
10143,0.9909404724901757
10144,0.9890055718845732
10145,0.99988711939747
10146,0.9998351616427901
10147,0.9964033316039402
10148,0.9994802135222972
10149,0.9999514228233992
10150,0.9773479814362838
10151,0.9999116648192911
10152,0.9989001484414475
10153,0.9996679929791557
10154,0.9998245618441626
10155,0.7815316941777727
10156,0.9803772706627722
10157,0.9968821549492443
10158,0.9990934352766614
10159,0.9976226209720493
10160,0.9528929419226604
10161,0.9994690707638733
10162,0.9990286513880087
10163,0.9998469150309612
10164,0.9999479210269662
10165,0.7185244299167387
10166,0.9987039702911458
10167,0.9997803772720487
10168,0.34246025071315517
10169,0.9897884949734344
10170,0.9925935770633032
10171,0.7609360286841106
10172,0.9995083387280772
10173,0.9996474572525706
10174,0.9991558418351103
10175,0.9625464289505598
10176,0.9935864903517899
10177,0.9951944317442124
10178,0.999982098118434
10179,0.9956054423759774
10180,0.986734927845184
10181,0.9990122019042076
10182,0.9999680854662937
10183,0.9958568343904302
10184,0.9720007126774893
10185,0.9931898036978376
10186,0.9998394831892983
10187,0.9994409536353961
10188,0.9999808855300928
10189,0.9977240909729072
10190,0.9986449649381367
10191,0.9999542982678715
10192,0.9999180470649385
10193,0.9998861350122087
10194,0.9993617054291125
10195,0.9966126557431686
10196,0.23720552890395677
10197,0.9993744547452628
10198,0.928555935830483
10199,0.9407221782977203
10200,0.9998791855895609
10201,0.9997741172950882
10202,0.9987176266063079
10203,0.999871144886889
10204,0.999954900969803
10205,0.9966309667298456
10206,0.9840209680791837
10207,0.9997507810920632
10208,0.9999296631660204
10209,0.9516036727741257
10210,0.9999768740341093
10211,0.4587106180776866
10212,0.99998494004999
10213,0.9989447248621425
10214,0.8108581883390715
10215,0.9957605923594487
10216,0.9992356552098801
10217,0.9936247494735484
10218,0.9999739897506326
10219,0.9991353193173733
10220,0.9997289256544495
10221,0.9901607880183239
10222,0.9998028152083049
10223,0.9999859131762406
10224,0.9999161376032779
10225,0.9830012404802865
10226,0.9945805811673281
10227,0.9946134382772679
10228,0.9999799173901417
10229,0.9410498307934115
10230,0.999073776730839
10231,0.9755427960851591
10232,0.9997091739786026
10233,0.999259380538691
10234,0.8413168887345683
10235,0.9968027847483293
10236,0.9997986296151236
10237,0.9968343651343133
10238,0.9991130486534119
10239,0.9999659683042951
10240,0.10791200825856653
10241,0.9999946910135332
10242,0.9999718723882712
10243,0.021745987776198624
10244,0.9999558546369385
10245,0.9918111514604173
10246,0.9998231672595469
10247,0.992760149473331
10248,0.8880005990253207
10249,0.9874040495483747
10250,0.9768000689643749
10251,0.9998289025036621
10252,0.9994473933171684
10253,0.9710944693402583
10254,0.9998747623087371
10255,0.9992292321896122
10256,0.9993392534962606
10257,0.9995939568537973
10258,0.9997246545749011
10259,0.9986330134720116
10260,0.03034822712381154
10261,0.9820965395125111
10262,0.9941656617329718
10263,0.9997258322371512
10264,0.9997386470497182
10265,0.9992045146630492
10266,0.9989301412423072
10267,0.9994317601392513
10268,0.9999859007634478
10269,0.9999375237279
10270,0.9999716832654066
10271,0.9910038179215667
10272,0.9999061157388706
10273,0.999546098792166
10274,0.9976432543870047
10275,0.9981957585712776
10276,0.9999845904491015
10277,0.9991795882458339
10278,0.5686585981270473
10279,0.7095702753084239
10280,0.9999937556456996
10281,0.9981892301513444
10282,0.9999594921878254
10283,0.999994108306353
10284,0.9746589164544587
10285,0.999072937749134
10286,0.9997069947910265
10287,0.9992896679715718
10288,0.9999478083452216
10289,0.9982105193480542
10290,0.9912087350938852
10291,0.9360170120213636
10292,0.9993972709272922
10293,0.9045636610603647
10294,0.975723528219163
10295,0.9999757240012608
10296,0.9995121496445968
10297,0.9999525398267887
10298,0.998943811968988
10299,0.9999164153516977
10300,0.9995421103731432
10301,0.9940918524086448
10302,0.9658948890755319
10303,0.9995342651146394
10304,0.9409026136471147
10305,0.9839342885766323
10306,0.9956262577183445
10307,0.9994105540069473
10308,0.9913643767319799
10309,0.9999300522935153
10310,0.9995630916609236
10311,0.9993816096095476
10312,0.9990938520074187
10313,0.9974590906303827
10314,0.9996372504312167
10315,0.9929706685235905
10316,0.9699602581905863
10317,0.9944563765741071
10318,0.9103354779698986
10319,0.9974423230500318
10320,0.9986554667755623
10321,0.9999710337973697
10322,0.9873900357550811
10323,0.9999744372652507
10324,0.9748601069335419
10325,0.7969038886308302
10326,0.9999725631219354
10327,0.999960316439707
10328,0.9999521435444461
10329,0.9900011550672112
10330,0.9997991295334829
10331,0.999931013751095
10332,0.9998823338769378
10333,0.7505953129410137
10334,0.9994517443448077
10335,0.9900828771401345
10336,0.9999581384756693
10337,0.9989821451772143
10338,0.9999450166159436
10339,0.9988185414844317
10340,0.9979730748892327
10341,0.9997468082483034
10342,0.9999204784857493
10343,0.819768977327606
10344,0.9967364578161142
10345,0.8897524913017033
10346,0.32296114241410573
10347,0.9995496077636167
10348,0.9832320910597006
10349,0.9998955520289364
10350,0.929866638487569
10351,0.9993447965131907
10352,0.9908473834926163
10353,0.9572936161087074
10354,0.99543569344336
10355,0.9928693064026581
10356,0.9782764083058262
10357,0.9967464905947365
10358,0.9985546642473653
10359,0.988192997954897
10360,0.9964653826885165
10361,0.9997036163688137
10362,0.9993713203665904
10363,0.9189225974936772
10364,0.9999292972542284
10365,0.9999813629432346
10366,0.9996411486338911
10367,0.9997939090037495
10368,0.999260845483266
10369,0.9999005795594909
10370,0.3228468087967338
10371,0.9998449137245837
10372,0.8841206853210422
10373,0.9998926919554029
10374,0.9993602245680961
10375,0.9610968340218907
10376,0.9918685781950665
10377,0.9985883421668837
10378,0.9985586274376557
10379,0.899172400962619
10380,0.9625793678166131
10381,0.6058102411356515
10382,0.9982380688220928
10383,0.9998163745804909
10384,0.9999778133666378
10385,0.9997422382154131
10386,0.9999804980796778
10387,0.9683745235944884
10388,0.9967962079999722
10389,0.9995638336724536
10390,0.9999501572630203
10391,0.9996479290602227
10392,0.999394455054942
10393,0.9991652705598453
10394,0.9992474903466141
10395,0.9998560683876697
10396,0.9224055131667954
10397,0.9986883081195007
10398,0.959211111845668
10399,0.9986297477147071
10400,0.9887137597212288
10401,0.9262983365969273
10402,0.998664018430715
10403,0.9997323161853497
10404,0.9997003683149138
10405,0.9784483569850512
10406,0.9983809456622481
10407,0.9998375282337449
10408,0.9965706591677931
10409,0.9994858257624278
10410,0.9917081609176659
10411,0.9995723281845096
10412,0.9997253302180752
10413,0.998758825916258
10414,0.03611430995559143
10415,0.9995405140151755
10416,0.9682982082946664
10417,0.9998314671401664
10418,0.9981514440280791
10419,0.9992515097418907
10420,0.9674484049761322
10421,0.999987053528147
10422,0.9995115108998062
10423,0.9992071623166233
10424,0.999985388486297
10425,0.9872064716405359
10426,0.9999760151360013
10427,0.9999682760643583
10428,0.9970750874902824
10429,0.9890005920047885
10430,0.9986532549085821
10431,0.9720162774075369
10432,0.999475156684593
10433,0.9993657940798403
10434,0.9531626344231992
10435,0.998010126413688
10436,0.9990731379886185
10437,0.9997054938379902
10438,0.9857776475676384
10439,0.9999754722648546
10440,0.9981136186582321
10441,0.9941657219644925
10442,0.9977713585373617
10443,0.9997655440226221
10444,0.6588123765837866
10445,0.9863936618180154
10446,0.9956735864622012
10447,0.9999387021652574
10448,0.9978526926220784
10449,0.997448583593045
10450,0.9998295901104317
10451,0.9999424529370198
10452,0.9988809194080106
10453,0.998509912321454
10454,0.9999130032055272
10455,0.9997867542882047
10456,0.999680249047148
10457,0.9914345984016206
10458,0.9107443074390629
10459,0.9993023925865452
10460,0.9988282445337189
10461,0.9998228048120797
10462,0.9983621091834582
10463,0.9648556290422651
10464,0.9986595425787381
10465,0.999994971701594
10466,0.999968742894395
10467,0.9999029926324862
10468,0.927892483575125
10469,0.9999377852376733
10470,0.9759548256591573
10471,0.9999346069760483
10472,0.9999581728118636
10473,0.9977074317428247
10474,0.9920409842533927
10475,0.992636154718146
10476,0.9877877130275864
10477,0.9991262331469506
10478,0.999959004525828
10479,0.9998294185607997
10480,0.9987971357302637
10481,0.9979710096388348
10482,0.9992974485881081
10483,0.7405429665802701
10484,0.999892250573946
10485,0.9887008621446602
10486,0.9998688656742305
10487,0.9990093562467929
10488,0.9983984968503933
10489,0.9999810240492656
10490,0.9993930493517511
10491,0.9999817242648957
10492,0.9989449944181127
10493,0.9693225808727893
10494,0.9192956604807582
10495,0.999876258472933
10496,0.9980347478967985
10497,0.9961800127381418
10498,0.9983665119692852
10499,0.9997831613457668
10500,0.9999700705603047
10501,0.9999911928153047
10502,0.18290726798535598
10503,0.9994957290126901
10504,0.9983331566814029
10505,0.9999500469131756
10506,0.9526153868878313
10507,0.9985548212375898
10508,0.9998588780776264
10509,0.9987496413199957
10510,0.9924475537031919
10511,0.9974561055929113
10512,0.9990806944526406
10513,0.9999269744097614
10514,0.9992992256502133
10515,0.8135438350579559
10516,0.9951944317442124
10517,0.925384821760975
10518,0.999985806706708
10519,0.926956998796345
10520,0.9999601685895194
10521,0.9999679864152293
10522,0.9984724358854118
10523,0.7139184572348406
10524,0.9974727461296427
10525,0.9999715913884738
10526,0.0399198728253109
10527,0.9999227400001676
10528,0.9379696217441035
10529,0.999990347264191
10530,0.979004820130177
10531,0.9908193500339157
10532,0.9904256617142118
10533,0.9990836792331282
10534,0.999993461881355
10535,0.9998530965623508
10536,0.9999944070723275
10537,0.16386183387108064
10538,0.41348643606980573
10539,0.8685130686534178
10540,0.9973465452381941
10541,0.9997037887781423
10542,0.9998006482302774
10543,0.9998602390860302
10544,0.9963859109986899
10545,0.022066988693916326
10546,0.9990637814916125
10547,0.9999935208478201
10548,0.7939287644245393
10549,0.9996697825976983
10550,0.9958853254615906
10551,0.9998600350421414
10552,0.99988743058425
10553,0.9996743579337173
10554,0.9999748667694106
10555,0.4627386082617246
10556,0.9998561589856123
10557,0.9999862723131332
10558,0.9969318905591131
10559,0.9785120183042726
10560,0.8379177957555696
10561,0.999971205258029
10562,0.9998387784226228
10563,0.999640633460436
10564,0.9999771669451551
10565,0.9984697736777516
10566,0.9998581201606069
10567,0.9947490297166479
10568,0.9999551070992553
10569,0.992586785309838
10570,0.9993833817547558
10571,0.9999582587715595
10572,0.9717854008657743
10573,0.9720267553624762
10574,0.9999192535961723
10575,0.999549734805114
10576,0.999859305626298
10577,0.9952585342326145
10578,0.9991387581917031
10579,0.9994869147064313
10580,0.9997959338608863
10581,0.9896147815743586
10582,0.9912344566855513
10583,0.9752337739121837
10584,0.9996380266918994
10585,0.9998964748910548
10586,0.9702538858631762
10587,0.8146106556842723
10588,0.9959181497933138
10589,0.9990378049139229
10590,0.9440511174350764
10591,0.9999468744840546
10592,0.9999829673247251
10593,0.9999929515862228
10594,0.9999991244987001
10595,0.9991309729098379
10596,0.9994187056832894
10597,0.9820297022653625
10598,0.9998693885164174
10599,0.999970125266282
10600,0.9998701776447609
10601,0.9999191848740608
10602,0.9992094764279945
10603,0.9732786727774069
10604,0.9915804990987928
10605,0.9998086533302345
10606,0.9391214622755107
10607,0.989384285148347
10608,0.7720431278181297
10609,0.9991228330496951
10610,0.9999884091261837
10611,0.9991752461068304
10612,0.5255168700628315
10613,0.9994766397760843
10614,0.9893105633703212
10615,0.9835167374399248
10616,0.989353135312473
10617,0.9785619741885523
10618,0.9999734657316814
10619,0.964241096547115
10620,0.9856638274174062
10621,0.9998649486022697
10622,0.5859123622493494
10623,0.9645039047942238
10624,0.9953601125939313
10625,0.9951828437435226
10626,0.9990513395365841
10627,0.9998595860745273
10628,0.9992661078385228
10629,0.7716349836033927
10630,0.992366780497744
10631,0.9999076904725731
10632,0.9999943070942514
10633,0.916081808055913
10634,0.9982040395028257
10635,0.9999662580298774
10636,0.8028553812186536
10637,0.9979373548707453
10638,0.9999064828496796
10639,0.9998526303514479
10640,0.9532513885922426
10641,0.9998962838094243
10642,0.9999134075744857
10643,0.9997413843978916
10644,0.9999840771323544
10645,0.9934976692608197
10646,0.7803745234241481
10647,0.9993033502247133
10648,0.9988833958364712
10649,0.9994178332668877
10650,0.999939367627569
10651,0.999899791840836
10652,0.9996637299164595
10653,0.9599292007621735
10654,0.996295587994536
10655,0.9999859161754847
10656,0.9963611889153609
10657,0.9997723362230571
10658,0.9993809078417218
10659,0.9999672101773736
10660,0.07896011441115461
10661,0.9914314324832744
10662,0.9872728294744149
10663,0.9975567280804097
10664,0.9994774019145848
10665,0.9989927890693737
10666,0.999606465567322
10667,0.9985861710107782
10668,0.999970312162067
10669,0.9995594649383269
10670,0.9988798934135499
10671,0.9993763178953917
10672,0.9978358729302277
10673,0.9998467891162119
10674,0.9971218593444315
10675,0.9253642101894062
10676,0.9994421852641341
10677,0.999995786956494
10678,0.9987199142730814
10679,0.999102397192281
10680,0.9999127658607578
10681,0.9970853089734304
10682,0.9999735727672915
10683,0.9999986650716898
10684,0.9996969463355534
10685,0.9918206657807047
10686,0.9995305852575167
10687,0.9993355440287623
10688,0.9953953094671709
10689,0.01826213949547379
10690,0.9981805467635945
10691,0.9990741267093067
10692,0.9996678977212795
10693,0.9982144538613865
10694,0.9999493611588879
10695,0.9998352994282225
10696,0.9675631224633957
10697,0.9961456895112766
10698,0.9998870794424143
10699,0.6098426966048242
10700,0.9998953777267964
10701,0.9998480603098824
10702,0.9999583380780169
10703,0.999647964457632
10704,0.9952896041586858
10705,0.9965693620194009
10706,0.9994965036596063
10707,0.999998089579763
10708,0.9984980646531283
10709,0.9999479711681509
10710,0.9982952532520855
10711,0.9999626658085464
10712,0.9993782040628131
10713,0.9970507323138224
10714,0.9524321629611967
10715,0.9995608133202207
10716,0.9156186477646162
10717,0.9999704880297249
10718,0.9989426797717793
10719,0.9999814773037536
10720,0.9925477964856733
10721,0.9970651839383218
10722,0.9979699399246953
10723,0.9999908523202417
10724,0.9914632301131436
10725,0.9999503271847631
10726,0.9996961350316932
10727,0.9997295165702206
10728,0.9993396168358913
10729,0.9995127788333743
10730,0.9999392472121313
10731,0.9992639085533505
10732,0.990694795700788
10733,0.9999646366372567
10734,0.9999164252763802
10735,0.9998206645243267
10736,0.9998673129415294
10737,0.999929433856235
10738,0.9965001166396923
10739,0.9998321173488524
10740,0.9996236153806525
10741,0.9983789224037704
10742,0.9992994456917383
10743,0.999282778237506
10744,0.9998953146999777
10745,0.9998755640751392
10746,0.9550219071977011
10747,0.9990145516942985
10748,0.999919097487668
10749,0.9999828093574842
10750,0.9999674412080817
10751,0.999905420919058
10752,0.999455459453649
10753,0.999885678124736
10754,0.998783316732152
10755,0.9999822657128234
10756,0.9999757231476099
10757,0.9720871731438975
10758,0.9980557942056222
10759,0.9985321978881648
10760,0.9957186591065424
10761,0.9965870168820239
10762,0.6202340053167835
10763,0.999556951317273
10764,0.9961320809148719
10765,0.9997212195805043
10766,0.9992813042417357
10767,0.9998710953878384
10768,0.9974579539368773
10769,0.9999778596412998
10770,0.9991884862647561
10771,0.999059167710154
10772,0.9985981430455642
10773,0.9151840536632062
10774,0.6042932140916503
10775,0.9999555066642796
10776,0.9996368095555452
10777,0.9999516502177149
10778,0.999974726264028
10779,0.3191426371931504
10780,0.9947213212145053
10781,0.9970593878837175
10782,0.9755916742113067
10783,0.9902796453690398
10784,0.9943153737785485
10785,0.9991464235139037
10786,0.9694294727517508
10787,0.9996331667676671
10788,0.9999734125814522
10789,0.5222780086731136
10790,0.9999407949483339
10791,0.997829072700374
10792,0.999517073821142
10793,0.9999568658419409
10794,0.9994472598954994
10795,0.9986309275295291
10796,0.9999973689343454
10797,0.9664042669983953
10798,0.8962518849128877
10799,0.9999925411333328
10800,0.9748372050827717
10801,0.9999990323630956
10802,0.9999774519218985
10803,0.9943437977622378
10804,0.9966546791350052
10805,0.9983892416782729
10806,0.9243668886171083
10807,0.9392731685390198
10808,0.9677998780217189
10809,0.9994236321033287
10810,0.9998197573663649
10811,0.737315102631566
10812,0.999914618596698
10813,0.9996062869936425
10814,0.9996542303763176
10815,0.9705494078577589
10816,0.9999679699282542
10817,0.9989917874649601
10818,0.9291883916703387
10819,0.9998407986656341
10820,0.9973901079516878
10821,0.9995989503666818
10822,0.979012137989217
10823,0.9999877443256725
10824,0.9664760805602257
10825,0.99981300081512825
10826,0.9994224346515977
10827,0.9995750592260525
10828,0.9992155603393366
10829,0.9999789287887771
10830,0.9991867084724643
10831,0.9648895474735103
10832,0.9979970716496567
10833,0.9999698984826889
10834,0.9829573706221313
10835,0.9693607665949493
10836,0.9988067625386671
10837,0.9148200034743234
10838,0.9918969109538653
10839,0.9993475083731911
10840,0.9981560409282115
10841,0.9999770785314366
10842,0.9749707232957787
10843,0.9999732545819223
10844,0.9999705614969999
10845,0.9991899294042097
10846,0.9995001869602972
10847,0.9996741894213109
10848,0.9993837310290667
10849,0.9997575619175135
10850,0.9975795021029961
10851,0.7614413358926102
10852,0.9999233504455287
10853,0.956989893432217
10854,0.9998527359948675
10855,0.9923064500316285
10856,0.99996321343462
10857,0.9989111941442655
10858,0.9992503017841369
10859,0.9996981767984547
10860,0.9689118320382798
10861,0.999787155688553
10862,0.9997033192356725
10863,0.9999658669092968
10864,0.999879150164459
10865,0.9999618627614251
10866,0.9260016875620484
10867,0.9993626299455897
10868,0.9996349850648644
10869,0.3015845171995125
10870,0.9923627232052519
10871,0.9997067940525569
10872,0.9950454162163743
10873,0.9998953759128159
10874,0.9997213725792087
10875,0.9905478442373657
10876,0.9997655753005111
10877,0.9999411609207359
10878,0.9994885599854908
10879,0.9913533394687202
10880,0.9999951215007209
10881,0.9986467736596624
10882,0.9725424173548958
10883,0.9912195108524781
10884,0.9999554442637847
10885,0.9763552930919047
10886,0.9999749473713181
10887,0.9997438320205029
10888,0.6927561645867021
10889,0.9988002805358137
10890,0.9978518375724307
10891,0.9999629038860451
10892,0.9989160250172568
10893,0.9990041411411468
10894,0.9997967505359427
10895,0.9760468155046901
10896,0.960686040066493
10897,0.9517090237370218
10898,0.9998640118521909
10899,0.9997961561457565
10900,0.9999547589496994
10901,0.9999803591708735
10902,0.9860167031097442
10903,0.9538690845444056
10904,0.9996002357868995
10905,0.9984342249103949
10906,0.692442017331993
10907,0.9993258253885973
10908,0.9981075704991982
10909,0.9999611385602587
10910,0.7909283134842731
10911,0.9997967004874995
10912,0.9576268980301649
10913,0.9986264504906808
10914,0.9999775705117219
10915,0.9993776396033982
10916,0.9966019660207877
10917,0.9999330799471817
10918,0.9999634834460945
10919,0.9999219554443204
10920,0.9999587446711321
10921,0.9974765768078192
10922,0.4685235929443276
10923,0.9999733327725435
10924,0.9998204385859973
10925,0.9999221683257522
10926,0.9999593889620743
10927,0.9999751285805785
10928,0.9930273890420738
10929,0.9616405046877441
10930,0.999107128318202
10931,0.9999128521258799
10932,0.9999019825575945
10933,0.974476451096479
10934,0.9993675725561255
10935,0.9963957293325033
10936,0.9997583577898248
10937,0.9832320910597006
10938,0.9946331118353009
10939,0.9976344204096438
10940,0.9999580795972517
10941,0.9998935425997301
10942,0.9994968612803853
10943,0.999985332929469
10944,0.9997868479411185
10945,0.9988858694715135
10946,0.9999777996738439
10947,0.9989558162163363
10948,0.9243694335938016
10949,0.9998827054870226
10950,0.9999445367130165
10951,0.9999338765585756
10952,0.9999911185536907
10953,0.9993512921782489
10954,0.9999756990830749
10955,0.9989149843508787
10956,0.9990898496085956
10957,0.9999293651785772
10958,0.9993183865625569
10959,0.999280697812936
10960,0.9998846824315843
10961,0.2834290545357701
10962,0.9999628769888532
10963,0.999424361380876
10964,0.9958433238512311
10965,0.9997733399611486
10966,0.9999430772004622
10967,0.9998024986127932
10968,0.9993368331273228
10969,0.9989271487298387
10970,0.9997733135959525
10971,0.9310621143186566
10972,0.9993794288937854
10973,0.9907062270924596
10974,0.9999457678651724
10975,0.9999327177308686
10976,0.9987966344712071
10977,0.9994477093730908
10978,0.9994652726178087
10979,0.9027977573791416
10980,0.9995600779516306
10981,0.9829336729568194
10982,0.798197393770771
10983,0.9888829874747176
10984,0.9904425110586004
10985,0.9999453120424523
10986,0.9990131576262673
10987,0.9990814755758217
10988,0.9498115725233499
10989,0.9995964116399667
10990,0.9958252565536372
10991,0.9972653631019123
10992,0.9999590210876591
10993,0.9976478865968764
10994,0.9961158051516301
10995,0.9977454783782839
10996,0.300603929105921
10997,0.9982328592866969
10998,0.4698654375537435
10999,0.9998960217561824
11000,0.9970782432785424
11001,0.9914943524434431
11002,0.9999249417847986
11003,0.37453410542836096
11004,0.9228541681356649
11005,0.9995302854944824
11006,0.9884327000696799
11007,0.9999643479024246
11008,0.9622561683938683
11009,0.9987967811415343
11010,0.9982564420184971
11011,0.869866197652244
11012,0.9996611257034457
11013,0.9992984393972281
11014,0.9923867109492687
11015,0.9998871184443541
11016,0.990849745568659
11017,0.6727236339805972
11018,0.8576650484251942
11019,0.9885049114419099
11020,0.9995303910396284
11021,0.9720633600240753
11022,0.9998928991954262
11023,0.9958472071902236
11024,0.5923379847425372
11025,0.9999589694168081
11026,0.9998767604547615
11027,0.996442969701612
11028,0.9988024213018063
11029,0.9999137377362657
11030,0.9999357378562777
11031,0.996826211314719
11032,0.9971222577874456
11033,0.9937687007439149
11034,0.9983554365044236
11035,0.999743541364931
11036,0.8363779993621215
11037,0.9992765505326909
11038,0.9993864842094975
11039,0.999938961904082
11040,0.9879075238752095
11041,0.9999249494100043
11042,0.9983520313837684
11043,0.9999945650564281
11044,0.9949939044212079
11045,0.9999472501463659
11046,0.9992809681565724
11047,0.20856356271419943
11048,0.9999549482172848
11049,0.9999537840696257
11050,0.9745021749518229
11051,0.9515381020844335
11052,0.9929543211817614
11053,0.9927746422475779
11054,0.9988892535914137
11055,0.9985314580190364
11056,0.9955667192442724
11057,0.9922182483831702
11058,0.9991688291539268
11059,0.9384335462270333
11060,0.999981410243431
11061,0.9966954979590382
11062,0.9936621758018707
11063,0.9999802491276608
11064,0.9800341985709948
11065,0.9995530752699037
11066,0.9999717014754322
11067,0.9971413983452034
11068,0.9999291845098914
11069,0.6758718269449978
11070,0.9999799299051625
11071,0.8267798801115275
11072,0.9999677090910347
11073,0.9990059057916687
11074,0.9840067171793406
11075,0.9995717737704137
11076,0.9975693992404006
11077,0.9900878971455028
11078,0.9999985963563413
11079,0.7111897664617901
11080,0.9964724788574444
11081,0.9990762084353391
11082,0.9999497063999566
11083,0.9822512021055982
11084,0.9999376871327061
11085,0.9986651788740472
11086,0.9999075872334139
11087,0.9983205334053684
11088,0.999698301315166
11089,0.9999640723702405
11090,0.9993758327501775
11091,0.9883107809341852
11092,0.999820871582815
11093,0.9979201802473903
11094,0.9947213212145053
11095,0.5872440903473282
11096,0.9999890058325366
11097,0.9999839363973714
11098,0.9984743072688244
11099,0.9777556150206812
11100,0.9786447718060525
11101,0.9997158989216083
11102,0.9999607426840965
11103,0.9999658496342659
11104,0.983832351629922
11105,0.8981435512799142
11106,0.999471779677296
11107,0.9993817872817033
11108,0.9998864688615907
11109,0.8488712512035078
11110,0.9992763917269413
11111,0.9991711333842752
11112,0.998753794337158
11113,0.9999553777375009
11114,0.8037768231235775
11115,0.9994119993693454
11116,0.6669163261814158
11117,0.9999818264080175
11118,0.9974267882571648
11119,0.9999245297386747
11120,0.8697497588306005
11121,0.996894021015317
11122,0.9995865671022169
11123,0.9998432226835697
11124,0.9962279765836909
11125,0.9999827700022665
11126,0.9999943101856766
11127,0.8375531631542038
11128,0.9748888296862551
11129,0.9990449675577249
11130,0.9308353165712828
11131,0.973826274351556
11132,0.9919343174695074
11133,0.9990295552613692
11134,0.9995334045966984
11135,0.9991547906799235
11136,0.29410666649567124
11137,0.9999695098635862
11138,0.9608064943684603
11139,0.25550334030589905
11140,0.9837900244621453
11141,0.999313759260046
11142,0.8706126323528671
11143,0.9998858994837413
11144,0.9995435620265695
11145,0.9177036145448177
11146,0.9997475907095075
11147,0.9999590836176293
11148,0.9999010781347888
11149,0.998814185137814
11150,0.9973427411596647
11151,0.999959251780664
11152,0.666189670601353
11153,0.9555501574222788
11154,0.9999126112489322
11155,0.9968453048256998
11156,0.9812965562309188
11157,0.8847334001288087
11158,0.999985616459074
11159,0.21035294897418433
11160,0.9830155494125493
11161,0.9993480925113565
11162,0.04241420122568952
11163,0.9768701794187657
11164,0.9700639459404325
11165,0.9699281861020694
11166,0.9997322681217193
11167,0.9994600281387835
11168,0.9905003831013323
11169,0.9992661418354097
11170,0.9995419054193627
11171,0.9987768926995998
11172,0.9593310303789749
11173,0.8364642834741549
11174,0.9791228455663575
11175,0.9942374833529455
11176,0.9999986643085513
11177,0.9992905639931137
11178,0.9843180320042719
11179,0.9998519070927826
11180,0.9997846023630159
11181,0.9262831837645725
11182,0.9997989052413047
11183,0.9999694038708238
11184,0.9976460778219297
11185,0.9967279529052918
11186,0.9995371960419743
11187,0.9991667568401256
11188,0.9963361448716614
11189,0.9620157706301332
11190,0.9999913456463058
11191,0.9902287856222123
11192,0.9987609181600281
11193,0.9997476621156764
11194,0.5438082735020019
11195,0.9999951389024999
11196,0.9685910365479588
11197,0.9982473068860981
11198,0.9999764987718294
11199,0.9999851516529702
11200,0.9948441392010802
11201,0.8930498513298311
11202,0.9990349845970754
11203,0.9988459215186585
11204,0.9006422874624236
11205,0.9990705425509446
11206,0.999938977486298
11207,0.9990510403550679
11208,0.9942904809874793
11209,0.9999612210176434
11210,0.8488358566480232
11211,0.9969003747788177
11212,0.9958388219599985
11213,0.9999829967392813
11214,0.9994664570602214
11215,0.9982733946544133
11216,0.9991603946100449
11217,0.7928303013049642
11218,0.9203627502778381
11219,0.9999571328911512
11220,0.9786574697912608
11221,0.9999522995306749
11222,0.9289722173350657
11223,0.9999451514940523
11224,0.9702324739455178
11225,0.9755614265057154
11226,0.9977888706001261
11227,0.9997812568885807
11228,0.9972562194924748
11229,0.9947661312496087
11230,0.9981049912167257
11231,0.9999786420543036
11232,0.9996364372164521
11233,0.9986552549061435
11234,0.9997635775784501
11235,0.9999189636009544
11236,0.9998723436635485
11237,0.9997058290093271
11238,0.9860242069397859
11239,0.9969698401279494
11240,0.8781877131582402
11241,0.9929360400269936
11242,0.9995019693749378
11243,0.848351379686436
11244,0.9938106571325753
11245,0.999989831747169
11246,0.9948641542812132
11247,0.9924002326006793
11248,0.9999921366036592
11249,0.9999576662093929
11250,0.9992518662579192
11251,0.999990069668608
11252,0.9997413725658104
11253,0.9974589941882065
11254,0.9999261560021638
11255,0.9469335118963949
11256,0.9998251041795242
11257,0.9961596492258472
11258,0.9604607017189651
11259,0.9899791609823848
11260,0.9999357950392616
11261,0.998107178896733
11262,0.9999688184767856
11263,0.9992839139598522
11264,0.9999353667885948
11265,0.992487252259122
11266,0.9998841974874744
11267,0.997484529547989
11268,0.9988619224606944
11269,0.9997270686758318
11270,0.9989717346513156
11271,0.9999801321351061
11272,0.9998453122981024
11273,0.9983741702541205
11274,0.9999242311516403
11275,0.06461810965553845
11276,0.9999773087633771
11277,0.9969915397145802
11278,0.00851082276702004
11279,0.9889830561180069
11280,0.9936119836437937
11281,0.9938031256260685
11282,0.9996953045658982
11283,0.8618445814145068
11284,0.9997133390289886
11285,0.9833911625139293
11286,0.9716594724155253
11287,0.9996111123604201
11288,0.9861290229498336
11289,0.9999614495895629
11290,0.986704412922704
11291,0.9985239735434005
11292,0.9925515594642427
11293,0.995360935246857
11294,0.9347340687880354
11295,0.9992117363082993
11296,0.9998685289125608
11297,0.9972305192150239
11298,0.42089069777335286
11299,0.9998935165556228
11300,0.9981811655839361
11301,0.9753943119989327
11302,0.6835406894910414
11303,0.9987543502587891
11304,0.9924610864567007
11305,0.9881743314866497
11306,0.999967148348524
11307,0.9999523107093999
11308,0.9999476926806702
11309,0.9999685052430555
11310,0.9280589887124768
11311,0.9999720326569738
11312,0.9995746574700198
11313,0.9999832174406438
11314,0.9993863509389648
11315,0.9902796791563001
11316,0.9987155287530824
11317,0.9999415993114799
11318,0.9995682567427977
11319,0.9999716035474479
11320,0.795037959417475
11321,0.9745258001327409
11322,0.9997280068465587
11323,0.9943532373665985
11324,0.998524289293502
11325,0.9943875856538505
11326,0.11328357539571295
11327,0.9999507859278388
11328,0.9993051487586392
11329,0.9554736886696081
11330,0.9999203619503306
11331,0.9994852904150882
11332,0.9999749493490392
11333,0.9980318133995107
11334,0.9991513973048699
11335,0.9981406617041457
11336,0.9934888747105111
11337,0.9944004328750843
11338,0.9998355333127376
11339,0.9929287277065487
11340,0.9999929266321005
11341,0.9593390625506697
11342,0.9995077766269439
11343,0.999588330877689
11344,0.9999770025156424
11345,0.9997707263190323
11346,0.9977388368988266
11347,0.9998419378216898
11348,0.9999866690248445
11349,0.9953745651882929
11350,0.9997070846934717
11351,0.9993987558141819
11352,0.9999905655277422
11353,0.8517049542485366
11354,0.8045191896508768
11355,0.9999308315399503
11356,0.9979697157127505
11357,0.9973417280220782
11358,0.9990775281828982
11359,0.999739317032738
11360,0.9995999157419128
11361,0.9999122280309952
11362,0.9999796305864957
11363,0.9994381769990551
11364,0.9997860436964745
11365,0.9992464788689777
11366,0.9863897778330658
11367,0.9998806990040577
11368,0.9995317928993842
11369,0.9981558106570406
11370,0.9998869115725743
11371,0.9999282225525032
11372,0.8539488115524357
11373,0.9999163985644229
11374,0.9996496352203329
11375,0.99995652480645425
11376,0.8821229746005018
11377,0.9889076634607815
11378,0.9909221910166947
11379,0.9998962423588755
11380,0.9894692249970837
11381,0.9990767304816549
11382,0.9995498617983295
11383,0.9999519597984332
11384,0.4616432589407821
11385,0.9993554081770875
11386,0.9742038449948335
11387,0.3783418303553445
11388,0.9996843252879279
11389,0.9892528875309089
11390,0.9984305228237644
11391,0.9999126074866356
11392,0.9813612471185077
11393,0.999161986280772
11394,0.9990208151532772
11395,0.9993604580920856
11396,0.9975038850753635
11397,0.999931290379794
11398,0.9997044088367952
11399,0.9998350913188941
11400,0.9989887886420946
11401,0.9685199481836568
11402,0.9949976758324963
11403,0.9987906531567293
11404,0.9989630770761934
11405,0.9988150371223548
11406,0.9999586790062194
11407,0.998539877444027
11408,0.9779352708398006
11409,0.599387608831593
11410,0.9992559748861539
11411,0.9906165024931713
11412,0.9998252089451005
11413,0.9995869077550934
11414,0.9727527271467462
11415,0.9990225004002808
11416,0.9990980301583559
11417,0.9998868678349957
11418,0.9932235510148896
11419,0.9224921778024782
11420,0.9999023118018298
11421,0.9853980848968478
11422,0.9999733120960551
11423,0.9998982572381587
11424,0.9999957084888805
11425,0.9949661179386318
11426,0.9994071991600518
11427,0.9682625342631721
11428,0.998617996213701
11429,0.9845010488661792
11430,0.9997937654264746
11431,0.9103061664717239
11432,0.963739849568976
11433,0.9965227921306581
11434,0.8430679098505491
11435,0.9999641918643988
11436,0.9452844169912854
11437,0.9999852830813131
11438,0.9999791374602257
11439,0.9997630257092895
11440,0.9999124016813189
11441,0.998341743371658
11442,0.9968233280594002
11443,0.9999436511914522
11444,0.9999746843162752
11445,0.9999917465308804
11446,0.9363274112730106
11447,0.9971834109610784
11448,0.9951507588959073
11449,0.9999832747698999
11450,0.9990119369594623
11451,0.9999387573085275
11452,0.9731673007296108
11453,0.9515948754284123
11454,0.9999575307237618
11455,0.9531451661560989
11456,0.34973635311643986
11457,0.9997543984573929
11458,0.9970053967893672
11459,0.9973787615178035
11460,0.9992389160169425
11461,0.9971875133274318
11462,0.9542505481328174
11463,0.9995751219260122
11464,0.9996111813594738
11465,0.9988188153288816
11466,0.9997971910837258
11467,0.9893628028272371
11468,0.9999490418165643
11469,0.999653484995492
11470,0.999933254904169
11471,0.9997456573874913
11472,0.9884120931000221
11473,0.998935133971077
11474,0.9993952437345273
11475,0.999210239602149
11476,0.996831487188788
11477,0.9805165268541853
11478,0.9999869804667617
11479,0.9061144431660021
11480,0.9999902439282602
11481,0.9994647619022906
11482,0.9990121625975802
11483,0.9994044653704313
11484,0.9927629842963169
11485,0.8691563800710599
11486,0.9987203586828401
11487,0.9998454342431159
11488,0.9994208580434113
11489,0.9999746731237044
11490,0.9691169682232504
11491,0.990582853990303
11492,0.9995774124651104
11493,0.9998098305051918
11494,0.99976622968333
11495,0.9997934205485106
11496,0.9999291419958005
11497,0.9993344235465623
11498,0.9964809836558643
11499,0.9997129517381972
11500,0.9990625041347945
11501,0.44407731190725674
11502,0.6780703535636502
11503,0.9916920617097076
11504,0.9999709777640379
11505,0.9827155198616769
11506,0.9979542860111447
11507,0.5720948785288807
11508,0.9961288895292844
11509,0.9997186973369437
11510,0.8247466414626258
11511,0.9996733240733784
11512,0.9999312558569664
11513,0.9728986677287402
11514,0.9995960523236929
11515,0.9905821731251307
11516,0.9999672101773736
11517,0.9987623129683476
11518,0.4849211934231679
11519,0.988371704112065
11520,0.9999019634471213
11521,0.9946031589904704
11522,0.9999284461727439
11523,0.9955371296572284
11524,0.9964148593164541
11525,0.9997606349104278
11526,0.7335855575077115
11527,0.9967099623971524
11528,0.9999736579072688
11529,0.999387910883657
11530,0.9805423543094665
11531,0.9999597995327455
11532,0.99997120266561
11533,0.9999602661760402
11534,0.9962214347435333
11535,0.9989678258698091
11536,0.999997647224796
11537,0.9960712359236512
11538,0.9992973980096297
11539,0.9999472579500122
11540,0.9978947623248318
11541,0.9997962220717448
11542,0.9965359129120308
11543,0.9956965828809243
11544,0.9992116619151399
11545,0.9865417904227759
11546,0.9921779689231874
11547,0.9992026336178984
11548,0.9956834989600867
11549,0.9996897295869144
11550,0.9886159220812912
11551,0.9900290632059571
11552,0.9994193126120818
11553,0.9999324255121179
11554,0.9992780969074555
11555,0.9997533821898309
11556,0.9998083456539464
11557,0.9988695792198625
11558,0.9690245438465135
11559,0.9995828031916077
11560,0.9999635900843039
11561,0.9966141928190693
11562,0.9997077138032759
11563,0.9991783204654976
11564,0.9999569202003482
11565,0.9946982849954765
11566,0.9953310684929878
11567,0.9994282652134792
11568,0.9999634399013941
11569,0.9997666110393297
11570,0.9998920022636545
11571,0.9995553074493733
11572,0.9877390582239449
11573,0.9979538946292253
11574,0.9998292127309277
11575,0.9878892431584229
11576,0.9999565548467333
11577,0.9999636439789968
11578,0.9999820749725269
11579,0.9999477380484006
11580,0.9997416452978779
11581,0.996936790259641
11582,0.9990246750580613
11583,0.9977800705123606
11584,0.9448652914061461
11585,0.9999623551546032
11586,0.9987823025389442
11587,0.9998705217406997
11588,0.998546344946359
11589,0.9969573374534639
11590,0.979757583463254
11591,0.896754659904389
11592,0.9999816546151726
11593,0.9998044928335863
11594,0.9923075867764967
11595,0.99722500194822
11596,0.9979666196978808
11597,0.9978735979591751
11598,0.991978942586326
11599,0.971662507446845
11600,0.9975472478884013
11601,0.9226825490899854
11602,0.9993544349759064
11603,0.998149028885218
11604,0.9974779410262886
11605,0.9999425239044729
11606,0.9995774728152511
11607,0.9988106150669003
11608,0.999945546580612
11609,0.9999780015108348
11610,0.9473514634839758
11611,0.9919161095952512
11612,0.9990899482753205
11613,0.9999422756294499
11614,0.9999541437694527
11615,0.980948131188193
11616,0.99996897315287
11617,0.7140619365707493
11618,0.9985051893843367
11619,0.9999409019774012
11620,0.9993874817655664
11621,0.9999634071033348
11622,0.9994887773891248
11623,0.9274961124096467
11624,0.9999080631255466
11625,0.9988028697446276
11626,0.9999076890662991
11627,0.9980965856604841
11628,0.9994705056586012
11629,0.9998654532254576
11630,0.999203941879394
11631,0.9881519267583285
11632,0.9875008797272515
11633,0.999800228117411
11634,0.9998927456595728
11635,0.9986492427392601
11636,0.5721103334609313
11637,0.9999195535498466
11638,0.9746009127535253
11639,0.029309164265840824
11640,0.8977199986201839
11641,0.9999808499747083
11642,0.9999825749249063
11643,0.9993833482352213
11644,0.9993185210388545
11645,0.9999775643664451
11646,0.999572648452158
11647,0.9999779972307182
11648,0.9989628278431645
11649,0.9891187865801124
11650,0.9992992206971952
11651,0.9038215689390033
11652,0.9991362981391568
11653,0.997632037322329
11654,0.979145542852564
11655,0.9995527679635241
11656,0.9998876905980001
11657,0.9981971740293083
11658,0.9999744170739527
11659,0.999991225839442
11660,0.9999551847388707
11661,0.9682753678502001
11662,0.9718864492449942
11663,0.9999853160106935
11664,0.9999782743491303
11665,0.9988672870279486
11666,0.926850592774397
11667,0.9992421376036816
11668,0.9435158931294894
11669,0.9611907344431366
11670,0.9999228416028603
11671,0.9999237037835844
11672,0.9996027986182443
11673,0.9999305662415858
11674,0.9888868851920035
11675,0.9997347635686556
11676,0.9987125279329884
11677,0.9943321801141839
11678,0.9994888779378504
11679,0.9714749127895866
11680,0.9808517823618738
11681,0.9993457833000703
11682,0.999955827313826
11683,0.9995704047679969
11684,0.9456257590429009
11685,0.7741659756678461
11686,0.997500173682911
11687,0.6394414527265323
11688,0.9999143785451485
11689,0.9919189245322982
11690,0.9052964276660679
11691,0.993923180514007
11692,0.9999677913565425
11693,0.9982865167622588
11694,0.9999893253410853
11695,0.9998490284120447
11696,0.9990847994436454
11697,0.7745312833278832
11698,0.9745337329364293
11699,0.9999679701021713
11700,0.9846988109475673
11701,0.9999947215598692
11702,0.9977813428545843
11703,0.9999566472138386
11704,0.9963568670346491
11705,0.9999119083090565
11706,0.6900952562683166
11707,0.9974348747488172
11708,0.9998566411359242
11709,0.9954385067230114
11710,0.9995040538204643
11711,0.9999528661221128
11712,0.9998510008314738
11713,0.7681232090467428
11714,0.9995465766923601
11715,0.9991717820823086
11716,0.9956301679373939
11717,0.9982847921861344
11718,0.999416738940313
11719,0.8215302226333476
11720,0.9691521503692373
11721,0.998575478474158
11722,0.971561692234741
11723,0.9976927509060939
11724,0.9935182720478334
11725,0.9902323325662445
11726,0.9997605190105155
11727,0.9951069512420098
11728,0.9995533431239181
11729,0.9987508114635616
11730,0.5147655924809448
11731,0.9999738990586177
11732,0.9999147467514986
11733,0.9993403245840166
11734,0.9992886309886451
11735,0.749815905317073
11736,0.2407133957834076
11737,0.9999589458150063
11738,0.9939921342115083
11739,0.999499486978598
11740,0.9998739039609396
11741,0.9989713038526387
11742,0.999671054969735
11743,0.8421673654136794
11744,0.5514066225610724
11745,0.9849455936359287
11746,0.999759814072905
11747,0.9996208839541151
11748,0.9957550864995577
11749,0.998413406264091
11750,0.9570997878357969
11751,0.9326748905058486
11752,0.9953176597416871
11753,0.9936232826616093
11754,0.9899778287085758
11755,0.9997460423127066
11756,0.9946123090143325
11757,0.9942282596177267
11758,0.931504711685412
11759,0.9999107155402739
11760,0.9998720455312233
11761,0.9995355892159999
11762,0.9966178630206639
11763,0.9999951043603911
11764,0.33024938550661787
11765,0.9998862145603148
11766,0.9999782743491303
11767,0.9951900714795822
11768,0.9949894466557844
11769,0.9919014972215959
11770,0.9995651711963297
11771,0.9999910724804925
11772,0.723585914476487
11773,0.9993064535357941
11774,0.999972948774795
11775,0.9169194605902066
11776,0.9817600665042467
11777,0.9811550902569084
11778,0.9987793417956382
11779,0.9976809171831166
11780,0.9183828478170999
11781,0.9999895743164541
11782,0.9979899302800459
11783,0.9483090028499309
11784,0.014627621209259898
11785,0.9996750347224881
11786,0.9996735764302861
11787,0.9679752258010432
11788,0.9522844525912697
11789,0.9942818328468807
11790,0.9925703731037816
11791,0.1306942019190199
11792,0.9851441374559142
11793,0.9987233259533622
11794,0.9999792893090442
11795,0.9968802104224558
11796,0.9995640166198022
11797,0.9999806137697408
11798,0.622013954347453
11799,0.9996580696371028
11800,0.915618268581902
11801,0.9975773463392181
11802,0.9325998756770525
11803,0.9999827698071411
11804,0.9983414528080435
11805,0.999783430742658
11806,0.9914408934763105
11807,0.9997666507195468
11808,0.9984524945122027
11809,0.9982793618435584
11810,0.99995216431368
11811,0.9999257732670478
11812,0.9729015196433289
11813,0.9923033411927054
11814,0.6550502852130812
11815,0.43608046536650513
11816,0.9995288222413173
11817,0.9999294690840129
11818,0.9893289862176381
11819,0.9601543704716019
11820,0.9986222195614481
11821,0.9946498180224367
11822,0.999700394226958
11823,0.9967076666748
11824,0.9995334563985552
11825,0.9921978270631477
11826,0.9998412717141753
11827,0.9806149043875363
11828,0.99998074660741465
11829,0.9997290648010013
11830,0.9990732376315463
11831,0.9999757582258685
11832,0.987948310457792
11833,0.975787893481754
11834,0.9996274826047266
11835,0.9990566837320249
11836,0.9997690964586613
11837,0.9991639869899263
11838,0.9994655854347496
11839,0.9994125198683619
11840,0.9999680811888708
11841,0.9814540234483885
11842,0.32500600159120213
11843,0.8578706970707118
11844,0.9940669832124314
11845,0.9970327706278493
11846,0.9999617602509201
11847,0.9248227759386614
11848,0.9998430900199392
11849,0.9992569981213449
11850,0.12935331596902994
11851,0.9994306698410249
11852,0.9996054558420316
11853,0.9997041152748788
11854,0.9961039272956217
11855,0.9999986282263642
11856,0.9938695263205194
11857,0.9993286054324332
11858,0.9998428131724494
11859,0.9993456959621101
11860,0.1015468555264546
11861,0.9999752693109613
11862,0.9943259730817343
11863,0.9902440377096645
11864,0.998453825739575
11865,0.9997735458866718
11866,0.9999819290180674
11867,0.9995533737951477
11868,0.9991741394184844
11869,0.9962311892511548
11870,0.9913607759608258
11871,0.9966503332294168
11872,0.9997169747723492
11873,0.9998946837663482
11874,0.9347188972173319
11875,0.9994618851342424
11876,0.9999573418752139
11877,0.9998874954415372
11878,0.9999749651604168
11879,0.999199637805247
11880,0.9931700166185831
11881,0.9817266027227226
11882,0.9986182027612056
11883,0.9999853090471753
11884,0.999629230915271
11885,0.9999204933278334
11886,0.9557620425348098
11887,0.9994173247737116
11888,0.9994283578931336
11889,0.9997947440832282
11890,0.969150694658642
11891,0.9985875196466334
11892,0.9999395133748118
11893,0.9862362332167723
11894,0.9955562288687307
11895,0.994559036211534
11896,0.9699129512990947
11897,0.9994824499654422
11898,0.9998985719272739
11899,0.9997740974247273
11900,0.9993524919710748
11901,0.9925219478611192
11902,0.9974746608098848
11903,0.6209821792088928
11904,0.9993865354990266
11905,0.9988087925445331
11906,0.9985066269571901
11907,0.9990118567291559
11908,0.9997563659493344
11909,0.9989843651414008
11910,0.9968999289665629
11911,0.9553920692891182
11912,0.9996765762943454
11913,0.9670713840568097
11914,0.9999750256716392
11915,0.999958636055921
11916,0.9994611152606504
11917,0.9987812905998521
11918,0.9999808958776681
11919,0.9998392030529205
11920,0.9995781188037962
11921,0.7427497011690284
11922,0.5699740604834871
11923,0.9998965946090417
11924,0.9994956176378172
11925,0.9740708433887307
11926,0.9990321627924927
11927,0.9922933179775691
11928,0.9999767402115507
11929,0.999288143942674
11930,0.9831451380366463
11931,0.8693895934190721
11932,0.9999897211741602
11933,0.8864630407992029
11934,0.9995549589558023
11935,0.9994910965603626
11936,0.9326213116855606
11937,0.9997512596207498
11938,0.9927919814581815
11939,0.9999951319950215
11940,0.9993920730253079
11941,0.9999701240754139
11942,0.9999462223262766
11943,0.9977148012548006
11944,0.9927266236218439
11945,0.9996028392634567
11946,0.9984536759187389
11947,0.998288567234376
11948,0.9993496630759422
11949,0.9968430578729898
11950,0.98717673716167
11951,0.7179520577912049
11952,0.9999469519811789
11953,0.9985475548335448
11954,0.9999279367015527
11955,0.9991347040562581
11956,0.9995711938377464
11957,0.9955693554465316
11958,0.99987343369094694
11959,0.9999499514162676
11960,0.9995758376860086
11961,0.9996067050522612
11962,0.9996961511511467
11963,0.9994980044692587
11964,0.12484873190708173
11965,0.9995884619412202
11966,0.22404841044749316
11967,0.9999053142806541
11968,0.9740718309925598
11969,0.999898532159804
11970,0.9999812294217836
11971,0.99497518402767
11972,0.9551438779600352
11973,0.999911353805492
11974,0.9790193239006032
11975,0.9995613307735624
11976,0.9991681369957021
11977,0.9997687452696301
11978,0.9990618492222801
11979,0.9999477396381812
11980,0.9996345793130567
11981,0.999867866182592
11982,0.9999900408916591
11983,0.9888829205264756
11984,0.9995586413800783
11985,0.9667101830380532
11986,0.9995986932928136
11987,0.9998742594131507
11988,0.9946530948870719
11989,0.9999813232184327
11990,0.9971436254840591
11991,0.999753050087771
11992,0.999329454175889
11993,0.9083044655575615
11994,0.9999915082853421
11995,0.5325207104019076
11996,0.996920163980801
11997,0.9991385833987136
11998,0.9996938444016021
11999,0.9999879556009199
12000,0.09252579257361924
12001,0.9999651812852585
12002,0.9993539253506286
12003,0.992793581508765
12004,0.9997087748642411
12005,0.9972947550619286
12006,0.9999626202554909
12007,0.9975940582375942
12008,0.9957323195540461
12009,0.9997739575454847
12010,0.999882602305412
12011,0.9998405672791765
12012,0.9998197537138858
12013,0.9999088181054427
12014,0.31205935136153007
12015,0.9995152040376066
12016,0.99962276307903275
12017,0.9997098857717547
12018,0.9997677123411505
12019,0.9999200428475701
12020,0.9637108878177355
12021,0.9998164317207692
12022,0.9957248585635646
12023,0.8820342163215973
12024,0.9996789306915232
12025,0.9962815054567172
12026,0.9999871993789211
12027,0.9996237097989726
12028,0.9999775016926563
12029,0.9999016085038913
12030,0.9999807153972153
12031,0.9988404919794663
12032,0.9993190247818087
12033,0.9997168281756977
12034,0.9997604384497815
12035,0.7096863428750622
12036,0.9239477771415401
12037,0.9998470310842592
12038,0.9974811474847326
12039,0.9997129499750358
12040,0.999289830796083
12041,0.9988107322983503
12042,0.995760521761626
12043,0.9992017245466522
12044,0.9998087110859992
12045,0.99654269956168
12046,0.9999615933153823
12047,0.9307984751828987
12048,0.999946522102433
12049,0.9997237725260386
12050,0.9999469671752287
12051,0.9917396385293651
12052,0.9998174708512323
12053,0.9998587640813773
12054,0.9999573804586269
12055,0.9994781591420301
12056,0.9996473456802697
12057,0.9999578157621242
12058,0.9994119134151727
12059,0.9901596117430773
12060,0.9997737315728463
12061,0.9999789909820619
12062,0.9996257655773828
12063,0.9996983057753585
12064,0.9999785637825529
12065,0.999915472138842
12066,0.9962670271811073
12067,0.926589370655151
12068,0.9999842146020769
12069,0.985710888062798
12070,0.9979613659547826
12071,0.9981792244198437
12072,0.9994947057025909
12073,0.9995560439035615
12074,0.9756788329323266
12075,0.9108437828967468
12076,0.9994902835464436
12077,0.9992147707424162
12078,0.9989003552382434
12079,0.9918195429172141
12080,0.9876677203220373
12081,0.9989452004570147
12082,0.9999894858137812
12083,0.9963422589781387
12084,0.020721443167352915
12085,0.9995401590742571
12086,0.9970854887977753
12087,0.9999561584073107
12088,0.5286629171246411
12089,0.6664312278881489
12090,0.9984559792300352
12091,0.9995260283772573
12092,0.9999505269085017
12093,0.977032119676579
12094,0.2231667754372735
12095,0.8422753752827877
12096,0.9998121109259303
12097,0.9988752570006252
12098,0.9995632909984653
12099,0.9999850420321806
12100,0.2578090677829506
12101,0.9998811420968657
12102,0.9999383467516926
12103,0.9994573485018743
12104,0.9998182564760244
12105,0.9983387387747481
12106,0.9913999553456908
12107,0.8814185320216741
12108,0.9990757108887819
12109,0.9999037778249497
12110,0.9999071867740886
12111,0.9988688715596641
12112,0.9997023460686031
12113,0.9999752536354451
12114,0.9972566614865895
12115,0.9827065481105529
12116,0.9998509768405089
12117,0.9999081009260734
12118,0.9979264123831931
12119,0.29120784336412053
12120,0.9999143303336632
12121,0.057890307275688405
12122,0.9913957514800481
12123,0.9991809325984049
12124,0.28731561882197104
12125,0.9997994078041487
12126,0.8456583202031399
12127,0.9578088661761993
12128,0.9973434636836301
12129,0.9985481194956145
12130,0.9996376273379023
12131,0.999975291332226
12132,0.9997754515579543
12133,0.9973500595169266
12134,0.9971914870650769
12135,0.9999515702639453
12136,0.9748277153969102
12137,0.9994574970477763
12138,0.9986356983411878
12139,0.995698764274231
12140,0.9970797467559375
12141,0.9595213108673776
12142,0.9998396025785256
12143,0.9999704356463691
12144,0.9950164358140248
12145,0.9421075923106477
12146,0.9996664391299447
12147,0.9996729872109972
12148,0.9919279686815434
12149,0.9992215748041614
12150,0.9981020379054246
12151,0.9968073068584377
12152,0.7693436419646535
12153,0.9999550238539684
12154,0.6181778471107701
12155,0.9999824536978301
12156,0.9994680615808845
12157,0.9991931374403178
12158,0.9835253128026206
12159,0.7829386740528606
12160,0.9999917401614833
12161,0.9981801201142798
12162,0.9999752125361938
12163,0.6330476574265311
12164,0.9998764030111369
12165,0.9945934244002139
12166,0.9981902484158066
12167,0.9997511056009836
12168,0.9999327088350398
12169,0.999956498108944
12170,0.8896758161506968
12171,0.9582908378082885
12172,0.9999441070028638
12173,0.999964292665234
12174,0.9996757660328238
12175,0.9944970232303466
12176,0.9997334047092423
12177,0.956993469348597
12178,0.9983062308949561
12179,0.9960285532991491
12180,0.9999637720512629
12181,0.9852653751836404
12182,0.9962370633533999
12183,0.9853027972032836
12184,0.9956249674445002
12185,0.9749559708742161
12186,0.9930431587990376
12187,0.9996939520426971
12188,0.38636077450950373
12189,0.9994779018777553
12190,0.9999709162050135
12191,0.9248282775234117
12192,0.9999548482904925
12193,0.9818189674660582
12194,0.9814566117544882
12195,0.9235831889559734
12196,0.7960087422658134
12197,0.9965729459780306
12198,0.99993595815499
12199,0.999688706615259
12200,0.8061749599666691
12201,0.9971588484639504
12202,0.9994204937786786
12203,0.9994857567180738
12204,0.013231717409016972
12205,0.9999114839927454
12206,0.9269786776522633
12207,0.999063922643385
12208,0.9997455102284618
12209,0.9999775381770029
12210,0.9736935818701421
12211,0.9999446230286441
12212,0.9996996212005295
12213,0.9994596790420783
12214,0.9985705837948686
12215,0.9930001350453126
12216,0.9961823544382723
12217,0.9994375590428801
12218,0.9981549067494433
12219,0.9999693241741081
12220,0.9999825701290592
12221,0.7564750273166228
12222,0.9770379225764174
12223,0.9996770074625265
12224,0.9999701401397186
12225,0.9734349653812177
12226,0.9144448229001282
12227,0.9999343200378268
12228,0.9999610525988348
12229,0.48889900260424113
12230,0.9211348710803569
12231,0.9997705625457497
12232,0.9990768391383015
12233,0.00784986453294878
12234,0.9999659953005657
12235,0.999989689394617
12236,0.9999788372426507
12237,0.8765028362078693
12238,0.9999804744858702
12239,0.25690337188336926
12240,0.9882538222865338
12241,0.9999652040474284
12242,0.9917580229139253
12243,0.9987973444878546
12244,0.999796959967676
12245,0.9962027585125052
12246,0.9942042880601383
12247,0.9999445463838671
12248,0.9897350794015928
12249,0.9916025007965142
12250,0.8462082159065667
12251,0.999510917089867
12252,0.851173114556344
12253,0.9765374822871452
12254,0.9999770287760097
12255,0.9948414754536443
12256,0.9988735765437191
12257,0.9997153881342612
12258,0.9966953948207047
12259,0.9999393333409783
12260,0.9894234718297212
12261,0.9996433578526489
12262,0.7865353849847337
12263,0.32256528416558017
12264,0.9991896996978397
12265,0.9992271055041552
12266,0.8989182481546152
12267,0.999997447611651
12268,0.9974834754948553
12269,0.9982582001374315
12270,0.9966897482796998
12271,0.999871129252573
12272,0.9994024561745037
12273,0.9894803303560539
12274,0.9999562426301959
12275,0.9999831561314422
12276,0.9980092414534257
12277,0.9478570397584886
12278,0.9974649650020998
12279,0.9998620832504148
12280,0.999866858286945
12281,0.9999471126915295
12282,0.9972736669418245
12283,0.9999810927490204
12284,0.98404618254247
12285,0.9250894483754569
12286,0.9999988814695044
12287,0.9732565345410986
12288,0.9993646261873178
12289,0.9999100981419443
12290,0.9999867032483537
12291,0.9988298286807947
12292,0.9995356436389043
12293,0.9988405749714705
12294,0.9994027403881248
12295,0.8638480122990712
12296,0.9909284694169326
12297,0.9953674015478213
12298,0.9997884132189859
12299,0.9613441543776723
12300,0.9999109224691438
12301,0.9943315129000013
12302,0.9984964896661508
12303,0.9629824413405115
12304,0.9970958791139087
12305,0.9979869922645044
12306,0.9956527907604619
12307,0.9999170577866052
12308,0.9978678050295919
12309,0.9994757983752992
12310,0.9880328869274959
12311,0.9999216046344327
12312,0.958101949758534
12313,0.9998188640057857
12314,0.9008053995438418
12315,0.9999186489594193
12316,0.9854887334263344
12317,0.9996447323497131
12318,0.9981328244590502
12319,0.9783160658085472
12320,0.9990201858584385
12321,0.9979997093054568
12322,0.9932507290050634
12323,0.9358420945332816
12324,0.9999991055299161
12325,0.9996874856693727
12326,0.9318248903363875
12327,0.9974319389010571
12328,0.9928021946964053
12329,0.9999312273194737
12330,0.9999721860378493
12331,0.9960092515922666
12332,0.9998413837649066
12333,0.9997252250011874
12334,0.5705807379339174
12335,0.9995234500389027
12336,0.9791429867503398
12337,0.9994870321651211
12338,0.9970834425217384
12339,0.9992005221549518
12340,0.9999625507868373
12341,0.8381896319929688
12342,0.9999501867120937
12343,0.9961761417283543
12344,0.9989547325685197
12345,0.9999037818128259
12346,0.9966199887328157
12347,0.9997931360530004
12348,0.9999775106990322
12349,0.999483677075362
12350,0.9999634992265329
12351,0.9997236334096296
12352,0.9991494241616509
12353,0.9998953310831309
12354,0.9999761811371368
12355,0.9999752298536222
12356,0.9987220496945978
12357,0.998841614708034
12358,0.8435840671147137
12359,0.9593025881925873
12360,0.9999633973362355
12361,0.9947133652059164
12362,0.9980260496271902
12363,0.9997832413123922
12364,0.9998124465001446
12365,0.9991643436111078
12366,0.9997675024212028
12367,0.7397514415313114
12368,0.961518822630702
12369,0.9999556812708587
12370,0.9996826809715663
12371,0.9993844771653555
12372,0.9998721975801735
12373,0.9999673860183962
12374,0.7873615109978414
12375,0.9997022695143809
12376,0.9973533836550073
12377,0.9999806231845123
12378,0.9999800775193328
12379,0.999983636534742
12380,0.9999698314444305
12381,0.9999332990436426
12382,0.9995952034220309
12383,0.9143271319961139
12384,0.9999819940279143
12385,0.9958438703606376
12386,0.9994208580434113
12387,0.999303201451068
12388,0.999975425036705
12389,0.9998379769349316
12390,0.9992348828027552
12391,0.9998484008538794
12392,0.9999107397845175
12393,0.9989758515444952
12394,0.956188807969273
12395,0.7951573648682994
12396,0.9990350647542899
12397,0.9993915414308144
12398,0.9475808457020642
12399,0.9673392019165528
12400,0.9997331179979555
12401,0.9713081981284865
12402,0.9997970713646003
12403,0.9981041483356123
12404,0.997862546938126
12405,0.999679231511857
12406,0.9594443914321849
12407,0.9999632682679765
12408,0.13327428024681054
12409,0.9999897681033303
12410,0.8538602940683099
12411,0.9996130320186872
12412,0.9954111104583042
12413,0.9999829526391337
12414,0.9481348781809995
12415,0.9920603323750423
12416,0.968510742949059
12417,0.9876681414358645
12418,0.9999493193210537
12419,0.9505104970030924
12420,0.13592256380483647
12421,0.7448761793090078
12422,0.9999613253289431
12423,0.9999777984567337
12424,0.9999303849137063
12425,0.9365581964812711
12426,0.6648251893374983
12427,0.999984131952289
12428,0.9817559614549298
12429,0.9996411754584993
12430,0.1430767917229977
12431,0.913022114527899
12432,0.9996757660328238
12433,0.9999863272837354
12434,0.9875094395667496
12435,0.6438061928265121
12436,0.04911724255291826
12437,0.9999621693958058
12438,0.997843139385524
12439,0.9982869220254339
12440,0.8249960740914126
12441,0.999972168699459
12442,0.9992225341515215
12443,0.9954780837848248
12444,0.9444494322032456
12445,0.9999386340747738
12446,0.9997682110892979
12447,0.9997030481309742
12448,0.9998330047145552
12449,0.9824108523474372
12450,0.8588097721239525
12451,0.8048941690685407
12452,0.9999557180331236
12453,0.9957568860825037
12454,0.9995389214912579
12455,0.9999460867944473
12456,0.9911042395673257
12457,0.9993004737186653
12458,0.9998909007435345
12459,0.999551402964992
12460,0.9996159333516322
12461,0.99965700057173
12462,0.9999852896698534
12463,0.9880193601420656
12464,0.9999692504643789
12465,0.9998803254754217
12466,0.9869477211940353
12467,0.9882429239189786
12468,0.9998752260240202
12469,0.9999527195577901
12470,0.9995184321574535
12471,0.3644526720053591
12472,0.9990746271003591
12473,0.9995037991323649
12474,0.9993813371052469
12475,0.9988674125385743
12476,0.9986591128992518
12477,0.6991809978086125
12478,0.9999471860733602
12479,0.996318794004714
12480,0.6260680110568637
12481,0.9996132578345132
12482,0.9948303652414178
12483,0.9879116653624063
12484,0.9997445238827998
12485,0.9359066984212723
12486,0.9997746173939597
12487,0.9987314911760635
12488,0.9994137537464689
12489,0.999827109636507
12490,0.99650464282796
12491,0.9998861586155304
12492,0.9991861077575833
12493,0.9999964092218461
12494,0.9927670861513284
12495,0.9999722116740424
12496,0.999331019882334
12497,0.9779711934638547
12498,0.9993628776277372
12499,0.9948897056160971
12500,0.9945937284409294
12501,0.9971975579494867
12502,0.9914695758506532
12503,0.9999825306523435
12504,0.9963230003922928
12505,0.9812793682604014
12506,0.22569196206235748
12507,0.999436441794356
12508,0.9996413092156076
12509,0.9694883705558616
12510,0.9999384642851022
12511,0.9997693104453428
12512,0.16063809281774666
12513,0.9954414598734369
12514,0.9863158575539581
12515,0.9998645005934533
12516,0.9999570066568585
12517,0.999989940927399
12518,0.9991919400955869
12519,0.9919015149539901
12520,0.9989874208015849
12521,0.9999434678697853
12522,0.9123039076730414
12523,0.999838203140023
12524,0.9947421013447039
12525,0.9995902285624568
12526,0.9999141951576506
12527,0.9997361132515887
12528,0.7966976075085324
12529,0.9967359067273428
12530,0.9995320802669599
12531,0.8448994901957876
12532,0.999654784723699
12533,0.9955126814348074
12534,0.9984230786981948
12535,0.9997745305740425
12536,0.9306894175596797
12537,0.9925703024926489
12538,0.9989252496758928
12539,0.9731842756344505
12540,0.9704060103294985
12541,0.9990000442103653
12542,0.9996937848471985
12543,0.993501322783655
12544,0.9998132274493619
12545,0.9695741141003719
12546,0.8856321846686985
12547,0.9988036995048563
12548,0.9779094899998874
12549,0.7079639501464965
12550,0.9991822507814656
12551,0.9998584799216005
12552,0.9997353376692152
12553,0.9998742352756315
12554,0.9998782675078757
12555,0.9996383629892667
12556,0.9992141266538475
12557,0.9999754360383364
12558,0.9998630422580707
12559,0.999723783377458
12560,0.9979914673309098
12561,0.9998045300048997
12562,0.999889059217576
12563,0.999997413313038
12564,0.9969400894879911
12565,0.9996223122178174
12566,0.1393085234028782
12567,0.9996110139798288
12568,0.9999000615093359
12569,0.9999945391514118
12570,0.9993182870695789
12571,0.9871307839949695
12572,0.9985057508134177
12573,0.8139709551599504
12574,0.9998482498017754
12575,0.9988812160920121
12576,0.9463840499985359
12577,0.963507154371227
12578,0.9997002865586861
12579,0.9997148894142378
12580,0.9999913466820608
12581,0.9999724769715819
12582,0.9999597457039296
12583,0.9998704831610138
12584,0.9999834819496917
12585,0.9996966746348469
12586,0.9989120538894392
12587,0.9999423849930439
12588,0.9999586286717996
12589,0.8481376556743835
12590,0.9999951916401257
12591,0.9978534830434822
12592,0.999656422269281
12593,0.9989926901290012
12594,0.9998872560767194
12595,0.9986907168690368
12596,0.5714187387044807
12597,0.9999862115115751
12598,0.9994108390769582
12599,0.9672385588639731
12600,0.9996844538529117
12601,0.9999587943907179
12602,0.9386205234189798
12603,0.9975734258318377
12604,0.9931424488244843
12605,0.9752500819169407
12606,0.9867935910100947
12607,0.7021001863190998
12608,0.9644271249316657
12609,0.8702440903010239
12610,0.985926294937505
12611,0.9867173165098816
12612,0.9998668341714585
12613,0.9979667457507229
12614,0.9959481121955688
12615,0.9987080008571947
12616,0.9988744657385699
12617,0.9974561531490289
12618,0.9999555585820424
12619,0.999883558665364
12620,0.9502588558101998
12621,0.9997575380659234
12622,0.9864206927234028
12623,0.9878510239934242
12624,0.9998617624649045
12625,0.9999649680940189
12626,0.999715712601197
12627,0.9995358451178135
12628,0.9958220513770808
12629,0.8954453303323817
12630,0.9962075323964183
12631,0.9999597423348353
12632,0.9970742341314675
12633,0.9988433495783191
12634,0.9914357591485867
12635,0.9999420808669605
12636,0.45762730551757314
12637,0.9764520602801093
12638,0.9991521765430202
12639,0.9878786840016531
12640,0.9985577227421865
12641,0.9997591445010168
12642,0.994285313006235
12643,0.9903108339993997
12644,0.999877361533499
12645,0.9999362250921853
12646,0.9680591433879289
12647,0.9550208931127718
12648,0.9999102617207891
12649,0.9999635666226036
12650,0.9998216137832435
12651,0.9995617582686428
12652,0.319937603329159
12653,0.9991876198708772
12654,0.9999239062117943
12655,0.9996967419116327
12656,0.9998347717796335
12657,0.9986446143774285
12658,0.999988037412404
12659,0.9994930166789519
12660,0.9995456424059751
12661,0.8062719138957668
12662,0.8518390589408593
12663,0.9886188686498594
12664,0.9992012891782877
12665,0.9999988023091804
12666,0.15989252397589684
12667,0.999931049969956
12668,0.9999692504643789
12669,0.9999421265760953
12670,0.9998790912106692
12671,0.9945898891624652
12672,0.9999735597589142
12673,0.9998895066198268
12674,0.999809068432972
12675,0.869006862463729
12676,0.9975113832587634
12677,0.9996146743066584
12678,0.17626763756196612
12679,0.9989455322329858
12680,0.9824239329251745
12681,0.9996370098604078
12682,0.9885338894596286
12683,0.9933425419747196
12684,0.9937512250259554
12685,0.9594378279555228
12686,0.999986647448101
12687,0.9997608118975048
12688,0.9996928205903276
12689,0.9999455314631787
12690,0.9999838011060089
12691,0.9952086753160956
12692,0.9831542728425701
12693,0.6296200663024768
12694,0.6219288159301882
12695,0.9916536227135603
12696,0.9997250572920393
12697,0.9964350440239312
12698,0.9991462899157966
12699,0.999895829253178
12700,0.9998584087697392
12701,0.9957618517709498
12702,0.9953152484749055
12703,0.9979298600258811
12704,0.9975767717963806
12705,0.9998859023663997
12706,0.9975678854660864
12707,0.9997684603837936
12708,0.9987187340389257
12709,0.9999747950393895
12710,0.9783282853810903
12711,0.999966910201162
12712,0.9975735002341114
12713,0.999881309968135
12714,0.999820417403393
12715,0.9997777637128432
12716,0.9986835079867471
12717,0.9995846039867556
12718,0.9855711301760021
12719,0.9999303620618596
12720,0.9997442542306588
12721,0.9999044133090038
12722,0.9999968815047215
12723,0.9998909739962379
12724,0.9997506486292548
12725,0.9899049046878958
12726,0.9992635554960111
12727,0.9968754220375805
12728,0.9974582704644517
12729,0.9999123366417844
12730,0.9927764562039274
12731,0.9916024971461611
12732,0.9979010999290848
12733,0.9996283394428462
12734,0.6657919056755861
12735,0.9708847961589957
12736,0.9999361663510808
12737,0.9998538937539447
12738,0.9981640927388766
12739,0.9543408816716573
12740,0.9797335591860911
12741,0.8820342163215973
12742,0.9998529100273985
12743,0.9973976167044976
12744,0.9976357272821301
12745,0.9922128248199056
12746,0.9998573056370361
12747,0.9992584853702642
12748,0.9955963911100593
12749,0.9989079069145588
12750,0.996536211382567
12751,0.9999453491917111
12752,0.999903568975138
12753,0.9570053960285937
12754,0.9999251028676454
12755,0.9997415270771115
12756,0.9982965554607863
12757,0.9996417587619664
12758,0.8690919380264643
12759,0.9875441044262315
12760,0.7550872744497562
12761,0.9684346969768818
12762,0.9998238027209212
12763,0.8205577587633478
12764,0.997891866253592
12765,0.7913547434006694
12766,0.9998930728277414
12767,0.9997418372334452
12768,0.9189072273009863
12769,0.9820552467231841
12770,0.9650086010512167
12771,0.8600163166797421
12772,0.95318305044118945
12773,0.9980917133844325
12774,0.9986006605121868
12775,0.9998234079544243
12776,0.9915231935142157
12777,0.9933508665495647
12778,0.9999790172642303
12779,0.9993422248716004
12780,0.9993698919024496
12781,0.2179364027780672
12782,0.9999750397867255
12783,0.987763642488494
12784,0.9909653354259964
12785,0.9998928921170583
12786,0.9938308496952422
12787,0.9999060777046291
12788,0.3059627801266188
12789,0.993132486371193
12790,0.9998883956591954
12791,0.9986506383387423
12792,0.9998559049617608
12793,0.9829360258773474
12794,0.9990719803695053
12795,0.9978601795656729
12796,0.9998359189206686
12797,0.9996181203824689
12798,0.9839011938391784
12799,0.99949781645407
12800,0.9994221884674362
12801,0.9978426377228345
12802,0.9998273685433972
12803,0.9973388400789949
12804,0.9998557979061055
12805,0.9997080452647059
12806,0.9997080230041017
12807,0.9997523967663983
12808,0.9951476916907932
12809,0.9994270470270726
12810,0.9993215537538983
12811,0.8974735138173447
12812,0.9999604434009001
12813,0.9979778702007246
12814,0.9942611555926935
12815,0.9429032136560054
12816,0.9745694508781176
12817,0.9991623159969191
12818,0.9733749210489062
12819,0.941358505465922
12820,0.9980183781676768
12821,0.99997636616832275
12822,0.9988653290024392
12823,0.9994501748956324
12824,0.9999939271053845
12825,0.9999597151290222
12826,0.9505567677413014
12827,0.999992944799718
12828,0.9988761160475048
12829,0.9999375880349829
12830,0.9998164570276707
12831,0.9999175668996744
12832,0.9996703036562029
12833,0.9921847192694002
12834,0.9590957470759032
12835,0.9937461441045394
12836,0.9999784902148041
12837,0.9995346055464993
12838,0.9995806465633398
12839,0.9990095334765295
12840,0.9999683691699958
12841,0.9997800056049926
12842,0.3067569256304491
12843,0.9841965081811245
12844,0.9991212487150481
12845,0.9998931951645369
12846,0.9999259986397964
12847,0.9975350021696052
12848,0.9999310854696408
12849,0.9999418306122726
12850,0.9993610526521151
12851,0.9972173226023985
12852,0.9999593688427817
12853,0.9993524117273423
12854,0.9995784689538807
12855,0.9999508995921315
12856,0.999654796273774
12857,0.9998153490165511
12858,0.2372802371372469
12859,0.9999854378981604
12860,0.0911372811682778
12861,0.9999506256958198
12862,0.8934062238536566
12863,0.9949821953999357
12864,0.19126393219632576
12865,0.9998631485136054
12866,0.9993258272207984
12867,0.9981381620875172
12868,0.9993928099083919
12869,0.9999586814464276
12870,0.9983994712350687
12871,0.9965769051168326
12872,0.9996521414673323
12873,0.9999852604183936
12874,0.999777653731087
12875,0.9807780476249818
12876,0.0569028195540659
12877,0.9968214208401553
12878,0.9997139836376348
12879,0.7641761043449787
12880,0.9999057603524034
12881,0.9991948512422324
12882,0.9028688354814361
12883,0.9853888971412353
12884,0.9998797049909572
12885,0.9820099833094237
12886,0.9999776756339158
12887,0.9999782445950562
12888,0.9999586291441602
12889,0.9995367893808278
12890,0.9990964505621035
12891,0.9999781539583327
12892,0.999811489433135
12893,0.9962819182230327
12894,0.9999810921889031
12895,0.9495608211478339
12896,0.9991061362560344
12897,0.9996634842020558
12898,0.999103559237595
12899,0.9990616983004983
12900,0.9996966746348469
12901,0.9999117434937503
12902,0.9993033502247133
12903,0.9972220335369428
12904,0.9621357058465001
12905,0.9967648065360879
12906,0.9996944214836079
12907,0.9998519050601569
12908,0.843552244807029
12909,0.9994976808878264
12910,0.0387776646732109
12911,0.9992283957563207
12912,0.9999800983790214
12913,0.9969527897976469
12914,0.9926820202992515
12915,0.9992892542644719
12916,0.8594061064391265
12917,0.03435825049870366
12918,0.998862516718736
12919,0.9999761975489053
12920,0.9825272297500345
12921,0.943893017925836
12922,0.9971202693047924
12923,0.9995571675301314
12924,0.1542498133665717
12925,0.9999748718864833
12926,0.9996562638826358
12927,0.9893821110919818
12928,0.9997808540144069
12929,0.9973013718101355
12930,0.9999676107932488
12931,0.9995464331770947
12932,0.9999825152478385
12933,0.9788588271607677
12934,0.9944503730553592
12935,0.9997866649499234
12936,0.9994978986049692
12937,0.9999852498618291
12938,0.9953292777420311
12939,0.674810068339216
12940,0.9881615192394931
12941,0.99219661379536
12942,0.9998811564965895
12943,0.9996769801473533
12944,0.9988946939751089
12945,0.9999973239504043
12946,0.99743066070272135
12947,0.12922708476840924
12948,0.9993781417810237
12949,0.9613394851286767
12950,0.18809555141684842
12951,0.9980247915661986
12952,0.995403822495173
12953,0.9935691783269157
12954,0.9999383760036422
12955,0.9999288816069867
12956,0.9995091989015431
12957,0.9974926341532562
12958,0.9999581601975955
12959,0.9996124658234543
12960,0.9964605853357331
12961,0.9992549528074196
12962,0.9999690242590592
12963,0.9885025937357707
12964,0.9999775613968486
12965,0.9999242380397697
12966,0.9999943289409954
12967,0.998012267234408
12968,0.9987100567597219
12969,0.9998937275418698
12970,0.9991865636512749
12971,0.9973034140369841
12972,0.5447229973816232
12973,0.9999696593394825
12974,0.9951701687669765
12975,0.9997185648925762
12976,0.9795487173438309
12977,0.9823039588865659
12978,0.9995179888604518
12979,0.9992523044859117
12980,0.9999212703601273
12981,0.996912133132661
12982,0.999614654087654
12983,0.9996802974822667
12984,0.9929980267611177
12985,0.9990033634950617
12986,0.9998234244086998
12987,0.8897168897889672
12988,0.9999785182254164
12989,0.9987343798065975
12990,0.999510917089867
12991,0.9759621001741543
12992,0.9894792159525432
12993,0.9497216422279826
12994,0.9013660895094986
12995,0.9984560820086712
12996,0.9901908171727145
12997,0.6246832263375802
12998,0.9891845891009492
12999,0.9998833741469791
13000,0.9996482767557561
13001,0.9999795174846663
13002,0.9998768719084608
13003,0.9999000615093359
13004,0.9996140121966088
13005,0.9993941006650693
13006,0.976617376465186
13007,0.7291141427454448
13008,0.9998546533354392
13009,0.9805475329826744
13010,0.7655769323586784
13011,0.9974822505315886
13012,0.9999369282144218
13013,0.9992910487838642
13014,0.9999949758536075
13015,0.9844526108450633
13016,0.9994305385806861
13017,0.9992323030885054
13018,0.9926548381491771
13019,0.9874173851297713
13020,0.9918664633879924
13021,0.8877211869613993
13022,0.9915868019566618
13023,0.9985547078334295
13024,0.9900351173192262
13025,0.9768418548229245
13026,0.9965353770783304
13027,0.9956968290760966
13028,0.9998937440507166
13029,0.9075612796420177
13030,0.9999833998043933
13031,0.9999566949196298
13032,0.9999311823786229
13033,0.9574644293631578
13034,0.9405319943363312
13035,0.1223396313763274
13036,0.9999611864476642
13037,0.9999765505325926
13038,0.9997128781301847
13039,0.9380188896877815
13040,0.9989710520058063
13041,0.9999340851438934
13042,0.9949947123682386
13043,0.9991898435700705
13044,0.8470367992825608
13045,0.9921496933897931
13046,0.9998863020179709
13047,0.9997199839517427
13048,0.9999710603272731
13049,0.8197923196851988
13050,0.9974014936505113
13051,0.9992939896398694
13052,0.9990497240673379
13053,0.992555297400342
13054,0.9999739052759159
13055,0.9996265088912833
13056,0.998536980662006
13057,0.9778384261715121
13058,0.9999819104522675
13059,0.9923154667887014
13060,0.99048167610648
13061,0.992536418088405
13062,0.9970315783755734
13063,0.9996964957410138
13064,0.9989957133788313
13065,0.9888624075132562
13066,0.9993724211125481
13067,0.9999458705813984
13068,0.9994535886561027
13069,0.9991116864714168
13070,0.9995258907195753
13071,0.9998204130031236
13072,0.9989743795753919
13073,0.9909221988705164
13074,0.99991679179363
13075,0.9907641234012708
13076,0.9978697278206058
13077,0.9816301819776094
13078,0.9995185099496995
13079,0.984956862559754
13080,0.8951237156097432
13081,0.6615811646222394
13082,0.9992198079631046
13083,0.9999712930180574
13084,0.999047375333089
13085,0.9612910786864611
13086,0.8873805041276701
13087,0.9978401647828228
13088,0.9999824326927768
13089,0.9997167503601921
13090,0.6836981476291855
13091,0.9999842753591005
13092,0.9997365172984564
13093,0.907849819487085
13094,0.9995661620743163
13095,0.9999014403870295
13096,0.3620618818108586
13097,0.9953564450778837
13098,0.9976622345134911
13099,0.9870075692583343
13100,0.9496235489734366
13101,0.9991295984880613
13102,0.9999637393383273
13103,0.9988076076162818
13104,0.9998146197699597
13105,0.9999806738931042
13106,0.9999762439285133
13107,0.9746850670553661
13108,0.9990082237738218
13109,0.9988808946239177
13110,0.9999501326562706
13111,0.9988881462094058
13112,0.9989282788569882
13113,0.9897652373315063
13114,0.9913516008014529
13115,0.9999680140367162
13116,0.9980183781676768
13117,0.9994375466751784
13118,0.9893540204277245
13119,0.9972454261664051
13120,0.9934888747105111
13121,0.9992088068183499
13122,0.9894253480052895
13123,0.995124929311327
13124,0.9997971042150823
13125,0.9991878384056
13126,0.8436362421816954
13127,0.9979212717463758
13128,0.9997861973212996
13129,0.999983916037121
13130,0.9999726598069941
13131,0.9997677262945575
13132,0.9999758206351592
13133,0.9985586796873384
13134,0.9999607269359114
13135,0.9971657650496106
13136,0.9985035012534395
13137,0.9178925350389809
13138,0.9991452675582646
13139,0.13128234220716586
13140,0.9977021221930695
13141,0.9711482290299968
13142,0.9997691580797842
13143,0.9991459199893319
13144,0.9999734307582444
13145,0.9995142761518352
13146,0.9993512198344525
13147,0.9999848554299808
13148,0.9957523911330746
13149,0.9999879680356992
13150,0.9778864766980403
13151,0.919973536425429
13152,0.9999600471592505
13153,0.9999211948833099
13154,0.9999357713674802
13155,0.999851209940416
13156,0.9825513930409328
13157,0.999910174938146
13158,0.9997599709180885
13159,0.9924794953862653
13160,0.9998532143201908
13161,0.9992270264773886
13162,0.9998539043597716
13163,0.9999815699500538
13164,0.9995559944881044
13165,0.9856224884115924
13166,0.9942098403963271
13167,0.997202880087193
13168,0.9996082179711729
13169,0.9999815138658712
13170,0.9996356549515465
13171,0.9999335203255604
13172,0.8989425171961036
13173,0.9992623452450853
13174,0.9975984915158693
13175,0.9995830024084364
13176,0.9820893772927656
13177,0.9999903476781956
13178,0.9999604004988386
13179,0.998913855602525
13180,0.9938553824764679
13181,0.9988014513740634
13182,0.9983247715140428
13183,0.9976174924621483
13184,0.9999889882788517
13185,0.9958456849212969
13186,0.99989048317397
13187,0.9999646241851287
13188,0.9913547272486167
13189,0.7187491872595702
13190,0.7682522706431804
13191,0.9999082824995801
13192,0.9623147455238102
13193,0.9998175190257015
13194,0.9996591471875778
13195,0.9100439862573524
13196,0.9999935695682748
13197,0.9930149394076955
13198,0.6440532704278016
13199,0.7355321351336747
13200,0.9631104908413493
13201,0.9998070557092904
13202,0.9964333578848951
13203,0.9999549313640064
13204,0.9981656866199411
13205,0.9988282445337189
13206,0.9998662386066045
13207,0.9997375340621303
13208,0.9566913552600128
13209,0.9995715211957023
13210,0.9999806961784777
13211,0.9999556582449461
13212,0.9991754506735355
13213,0.9997580070926249
13214,0.9812020489146047
13215,0.9999398593152724
13216,0.9999831087125018
13217,0.9999498002265517
13218,0.9865065743210419
13219,0.9994383614544692
13220,0.9997578532452095
13221,0.9999616090989035
13222,0.9993637956935066
13223,0.9877084887288775
13224,0.9994563932510706
13225,0.9999860031589626
13226,0.9949236492079068
13227,0.9494523990906913
13228,0.995318671351525
13229,0.9377218223393393
13230,0.9996048916313325
13231,0.9997656484208182
13232,0.9981991980057076
13233,0.9900829337903894
13234,0.9987658423812679
13235,0.9999913470248413
13236,0.9868228733177815
13237,0.9997067929599137
13238,0.9866532109506959
13239,0.9999366410426219
13240,0.9983811371007686
13241,0.9999948398863292
13242,0.9996590995751579
13243,0.9999804788253817
13244,0.9994689926072882
13245,0.9810259590858279
13246,0.9987096359349472
13247,0.05633558850639865
13248,0.9940846033321554
13249,0.9991358265565333
13250,0.001784550242809799
13251,0.9999854215731658
13252,0.9993778474041999
13253,0.99486151863231
13254,0.9879322571961334
13255,0.9996272127046895
13256,0.9969235006717035
13257,0.9982596409706465
13258,0.5808539243198815
13259,0.9999950988469904
13260,0.9993866350677435
13261,0.8132619377877255
13262,0.9961467862937436
13263,0.9999413567346798
13264,0.9998083853487493
13265,0.9661889453381107
13266,0.9978290478930818
13267,0.9503921219727001
13268,0.7917504955186351
13269,0.9990746513555578
13270,0.9993962222270588
13271,0.9997721118319113
13272,0.9986742582264685
13273,0.995450304213989
13274,0.9929643483543248
13275,0.9991252310358993
13276,0.9999388255072572
13277,0.9994267646308242
13278,0.9999952499961823
13279,0.8633867972488661
13280,0.9994362651718098
13281,0.9991497048572426
13282,0.9999212527050471
13283,0.9991784526916829
13284,0.9602400165570356
13285,0.9999817823890971
13286,0.9889606067611103
13287,0.9995614968914786
13288,0.9972870042196447
13289,0.9848064994173221
13290,0.9989717892790998
13291,0.9999984892016062
13292,0.9806151555346031
13293,0.9997484385270486
13294,0.9998104046550489
13295,0.9999352079268932
13296,0.9997941761574209
13297,0.9703333526125845
13298,0.9996700538957343
13299,0.9992273758544619
13300,0.5493771736597454
13301,0.9999061974336044
13302,0.9997937866466393
13303,0.9985889597975118
13304,0.9999548222759458
13305,0.9999661993878646
13306,0.9936799225449208
13307,0.9930930830025108
13308,0.8956658539429961
13309,0.9036427101796233
13310,0.999770197063502
13311,0.9913144057199186
13312,0.9998994527161971
13313,0.9880527951723325
13314,0.987870910777247
13315,0.9997573724527266
13316,0.9969840934038182
13317,0.9944194777725844
13318,0.9997600327175505
13319,0.9971385537028079
13320,0.9996137545007315
13321,0.9999154698396708
13322,0.9996868286415349
13323,0.9988165429801551
13324,0.9977907529553449
13325,0.999339781446107
13326,0.9993771102072491
13327,0.9808740186930917
13328,0.9926896482571295
13329,0.9716517013211123
13330,0.999960157408634
13331,0.9997980921945705
13332,0.9995224108511814
13333,0.9999545532009455
13334,0.9999659662408021
13335,0.9994604683579017
13336,0.9999242473418725
13337,0.4409757468552957
13338,0.7275820806613814
13339,0.9989912110159875
13340,0.9674194435601795
13341,0.9950475300409365
13342,0.9998979980811464
13343,0.9929537631662462
13344,0.9989736920117344
13345,0.9998641249858812
13346,0.9994067286458509
13347,0.9994783220267548
13348,0.9999940318237442
13349,0.9465491342388652
13350,0.9988018581369446
13351,0.8306738308480831
13352,0.9993370125631145
13353,0.9999739109673335
13354,0.9999834590938783
13355,0.9999725324296969
13356,0.9947785407481188
13357,0.9999504176007725
13358,0.9999746152729702
13359,0.8957317520699495
13360,0.9999923522037805
13361,0.9960999782092417
13362,0.9963571680919858
13363,0.9994529624144564
13364,0.9999702761369014
13365,0.9903658482879943
13366,0.1667874700146537
13367,0.9998366051033314
13368,0.9999866913850588
13369,0.9935491550301785
13370,0.9988969231834169
13371,0.9995852061506633
13372,0.9999622922617176
13373,0.989376729999435
13374,0.9936052521032022
13375,0.9990316910922691
13376,0.8878408378298853
13377,0.9987274592834676
13378,0.9999493818618143
13379,0.9995360231951534
13380,0.9895666947986995
13381,0.9995160585246221
13382,0.9816878331367332
13383,0.9998773446730709
13384,0.7911714637275791
13385,0.9998633887884765
13386,0.9993181999151098
13387,0.9969822787253968
13388,0.999963604530504
13389,0.9910153609621261
13390,0.5134747769933341
13391,0.988916959154829
13392,0.9679066540216642
13393,0.999868328885592
13394,0.9994988430758905
13395,0.9999610658998586
13396,0.9997974586299408
13397,0.20872726089156035
13398,0.98494289399162
13399,0.9999020536538312
13400,0.9999637995254471
13401,0.9897411263951967
13402,0.9989070391373909
13403,0.9376834446183258
13404,0.8543700448698125
13405,0.9773997653454856
13406,0.985520591002547
13407,0.9997404465959695
13408,0.9995146814552618
13409,0.9975869013399193
13410,0.9998798442925174
13411,0.9999086154798793
13412,0.9999587963707006
13413,0.9997821573227393
13414,0.9999586303430333
13415,0.9972659998603435
13416,0.9629911005246824
13417,0.9987754793870942
13418,0.9913466647063579
13419,0.9997915409493203
13420,0.9997769754605941
13421,0.997923348461701
13422,0.9998048188726375
13423,0.9651723655939661
13424,0.9019424057136178
13425,0.9858728012138557
13426,0.9999619778535291
13427,0.9994488214815688
13428,0.9838408734910301
13429,0.9985123619074062
13430,0.9981841113505194
13431,0.9976529073994899
13432,0.9994525857566918
13433,0.9887008621446602
13434,0.9999541120029432
13435,0.9859780322530896
13436,0.9755300697837584
13437,0.998226540958014
13438,0.9993697003864057
13439,0.9676277909074565
13440,0.9811137786845809
13441,0.9999739301167383
13442,0.9998002631620702
13443,0.9999649712780438
13444,0.9984503894052272
13445,0.9811898219406175
13446,0.999707319549351
13447,0.9998792598727585
13448,0.991085945486757
13449,0.9948960503205138
13450,0.999781556861943
13451,0.018032114059335476
13452,0.9996720482616049
13453,0.9997765914482039
13454,0.9999729257883099
13455,0.9996622945988434
13456,0.9986497981318262
13457,0.9988444862882967
13458,0.9999414201045229
13459,0.9987442843437252
13460,0.9579946383462205
13461,0.9930366448186472
13462,0.9992532523364535
13463,0.9999841392998209
13464,0.9759239716950068
13465,0.9947486441110925
13466,0.9999918930008574
13467,0.9935472108971883
13468,0.998043191905333
13469,0.9999924925745218
13470,0.06853674079240463
13471,0.9997980024351665
13472,0.9938160729900247
13473,0.9999649777465531
13474,0.9999523271273387
13475,0.9971219431739736
13476,0.999906619819085
13477,0.9995235046012986
13478,0.9998364572937211
13479,0.9989428803142628
13480,0.9992453006218269
13481,0.9969656543815124
13482,0.9999656752656466
13483,0.9999752558521228
13484,0.6753365536109219
13485,0.679333967241118
13486,0.9999136060813937
13487,0.9993657940798403
13488,0.9999710424259922
13489,0.9835427378122268
13490,0.9656634854695371
13491,0.9211776791068216
13492,0.9928087104590942
13493,0.9991004269324585
13494,0.9586856133029841
13495,0.9999880614152693
13496,0.999509883433862
13497,0.9902737293981655
13498,0.9998906335256631
13499,0.9993512361955738
13500,0.9664056960649895
13501,0.9994911186468097
13502,0.9997014005070567
13503,0.9999400806199231
13504,0.9999697516418262
13505,0.9996485010493161
13506,0.970648053176503
13507,0.9995143045691511
13508,0.2429687414736284
13509,0.4373099350102396
13510,0.9997383367499967
13511,0.9997693473736965
13512,0.9999017083923487
13513,0.9998882678550685
13514,0.9992658813224736
13515,0.9978236109879572
13516,0.999926074761836
13517,0.494025955226822
13518,0.9799531521719675
13519,0.9899520746338707
13520,0.9971611526109236
13521,0.23600516328413104
13522,0.9306364377416921
13523,0.9979519192195829
13524,0.9999590732507717
13525,0.7670351064996412
13526,0.9986485938646269
13527,0.9720433197490286
13528,0.9955810932210772
13529,0.9999643765660027
13530,0.9996978534108737
13531,0.5882664542428148
13532,0.993359266860031
13533,0.999395463152882
13534,0.9996812157688587
13535,0.9489024454466641
13536,0.9966597391392543
13537,0.9998126693961732
13538,0.9999780942820437
13539,0.9998372364345016
13540,0.999618506030085
13541,0.9998636778580118
13542,0.6786837873051389
13543,0.9980569015140431
13544,0.9995346858929705
13545,0.9996361386520064
13546,0.9975150986870587
13547,0.999062484143857
13548,0.9999841954737055
13549,0.9999850256264515
13550,0.9999559773607936
13551,0.9998724615938858
13552,0.9999720796790335
13553,0.9999824374710657
13554,0.9998014839658078
13555,0.9989172524048862
13556,0.9799328553132446
13557,0.8978652890143678
13558,0.998407013893431
13559,0.9999633247401795
13560,0.9567557948161028
13561,0.9991637818085555
13562,0.9999884718654447
13563,0.9752980444147008
13564,0.9999043295346471
13565,0.8245648564328667
13566,0.9972552180183207
13567,0.9998365127578055
13568,0.9994215945518028
13569,0.35462579687632295
13570,0.9999805358392694
13571,0.9999901109591942
13572,0.8917277853152997
13573,0.9789968203473491
13574,0.9998915754818871
13575,0.8438217814292208
13576,0.9595001289115468
13577,0.9995207969819823
13578,0.9605426237318553
13579,0.9689764642236838
13580,0.05910095146158785
13581,0.9996163380975017
13582,0.9999481969067618
13583,0.9998500612718313
13584,0.9718137547754121
13585,0.98560552530096
13586,0.9942043613747554
13587,0.991124569650172
13588,0.9999043673235288
13589,0.1342527458824148
13590,0.9998435658881388
13591,0.9932457574180141
13592,0.999975928924762
13593,0.9856158308341706
13594,0.9985714941121119
13595,0.9283544334733286
13596,0.9638818060046515
13597,0.9907462236060419
13598,0.9994225758807843
13599,0.9988156241115901
13600,0.9999836961825335
13601,0.9996660367722531
13602,0.998860962532787
13603,0.8742475568221347
13604,0.9993160771241302
13605,0.9990159831816326
13606,0.9995449562238015
13607,0.9962707664127176
13608,0.9999496271983738
13609,0.9984417421942159
13610,0.9994345217647338
13611,0.9998321473805646
13612,0.9997511888362016
13613,0.9909248714989614
13614,0.9091776834803607
13615,0.9926262005328259
13616,0.9938379619880146
13617,0.9963477842832169
13618,0.9989216331579551
13619,0.11248447912714175
13620,0.9997186834190414
13621,0.9789634226282244
13622,0.9992318554543071
13623,0.9992484770382827
13624,0.9999815524147319
13625,0.9999810131493135
13626,0.9999830811247272
13627,0.9999648496849866
13628,0.9800911088770036
13629,0.9950377841287933
13630,0.843983780820592
13631,0.9987579941182099
13632,0.9471108849674568
13633,0.9994218732278649
13634,0.9933604744265356
13635,0.9986259729602532
13636,0.9976474554948704
13637,0.9993843886849398
13638,0.9913568051748513
13639,0.9995402093118254
13640,0.9996390144001545
13641,0.9999148360556109
13642,0.9988791395672126
13643,0.9999669212637385
13644,0.9909559426954969
13645,0.9999519349185307
13646,0.9992436032579822
13647,0.9999699912879616
13648,0.9650140111157282
13649,0.9992724036317125
13650,0.9996806201278408
13651,0.9999782909624181
13652,0.9999002951663011
13653,0.999933238417239
13654,0.999903264803577
13655,0.9953132374587409
13656,0.999977431110759
13657,0.9295183534740376
13658,0.9998538937539447
13659,0.8934770126142318
13660,0.998019608257887
13661,0.3133212131460163
13662,0.9998577668765003
13663,0.9965493173713862
13664,0.9996358030129885
13665,0.9999913842473204
13666,0.2771662143753504
13667,0.9999680908199623
13668,0.9969178337436787
13669,0.9616374143393944
13670,0.6540131208871697
13671,0.999966261074807
13672,0.9998757742328864
13673,0.2724185855592213
13674,0.9890586039624734
13675,0.9994432032907457
13676,0.9999451627091349
13677,0.9988104693680865
13678,0.9988806603216663
13679,0.999955076221935
13680,0.9947288440606787
13681,0.9972070893794417
13682,0.9726007560117681
13683,0.9995709032970322
13684,0.999155034438116
13685,0.9999817977863358
13686,0.9999735036901051
13687,0.9994029609003463
13688,0.9192734264363372
13689,0.9860923561761072
13690,0.9999629940983819
13691,0.8896715279773919
13692,0.7968774427366967
13693,0.9885860275548618
13694,0.9997626988483882
13695,0.9952897158446258
13696,0.9931466793629737
13697,0.9955951759408194
13698,0.9995219168357179
13699,0.9992076929189172
13700,0.9999562828485126
13701,0.308892405513305
13702,0.9679700998657338
13703,0.9398367612671308
13704,0.9999632715203516
13705,0.997321214716624
13706,0.9999201925074307
13707,0.9971890657133342
13708,0.9945903792914623
13709,0.9880604072776427
13710,0.9964428717000758
13711,0.9990784488290849
13712,0.970515556764836
13713,0.9889234639786797
13714,0.9988197574847653
13715,0.9929479976285794
13716,0.3766499842488619
13717,0.9922875969202258
13718,0.9999173780482713
13719,0.9139486504731144
13720,0.9971337412921023
13721,0.17425719613412913
13722,0.9999875613718404
13723,0.9915409462518961
13724,0.8082501574633391
13725,0.9998524325335865
13726,0.99656601008997
13727,0.47508468293797584
13728,0.9999010258750956
13729,0.9992977536854396
13730,0.9949976758324963
13731,0.9470428866537965
13732,0.970564445525925
13733,0.9958054998639309
13734,0.9997699200474283
13735,0.9998282786074756
13736,0.999407784625558
13737,0.9986964078286218
13738,0.4838838061379613
13739,0.9983182576914859
13740,0.8937106560943784
13741,0.9983278751773983
13742,0.9641967276750888
13743,0.9990714519155288
13744,0.9998552618238908
13745,0.9999365004807995
13746,0.9999695039057901
13747,0.9993462359043476
13748,0.9999106556747797
13749,0.9899477642682614
13750,0.9995176841318034
13751,0.9993074637620091
13752,0.9999346798271079
13753,0.9996104488348324
13754,0.5692306408590955
13755,0.9992023530558634
13756,0.79017374368738
13757,0.9607704150920103
13758,0.9996846312928676
13759,0.999311310250619
13760,0.6175446035288636
13761,0.9652905603055899
13762,0.9999093863990296
13763,0.9964050478525125
13764,0.9979467224589162
13765,0.9981902484158066
13766,0.9899680776076034
13767,0.9999931429407676
13768,0.9926681178193774
13769,0.9999921544615961
13770,0.9536365699160128
13771,0.9940474463246319
13772,0.9979484524862766
13773,0.9991363193135505
13774,0.9988001054317353
13775,0.9989079351145321
13776,0.9998995300315071
13777,0.8250866328592051
13778,0.9697469601110966
13779,0.997033091099268
13780,0.9999977116150527
13781,0.9556605033972707
13782,0.9909236392680166
13783,0.8949104473308082
13784,0.1014630528029161
13785,0.9191844072813447
13786,0.9995306519613161
13787,0.9995849968240427
13788,0.9600383546837081
13789,0.9998420791922839
13790,0.9668590259655468
13791,0.854516840151714
13792,0.9980731434704719
13793,0.9999252389882601
13794,0.9999087091683277
13795,0.848474940681976
13796,0.9999853090471753
13797,0.9870402684574756
13798,0.9999911241611509
13799,0.999684904293657
13800,0.9795553286241915
13801,0.9999686103104948
13802,0.9998875839343826
13803,0.9966963588718185
13804,0.9986341545204148
13805,0.9997787005849067
13806,0.999738769322616
13807,0.999812370122068
13808,0.9999243766922478
13809,0.8864630407992029
13810,0.9995755555052982
13811,0.9987961629925538
13812,0.11864004126545044
13813,0.9966722445081303
13814,0.9890798880953088
13815,0.9991783212537331
13816,0.9977675546406943
13817,0.9986549540613068
13818,0.9999147016053171
13819,0.9982785626291552
13820,0.4213017543402003
13821,0.999691176956745
13822,0.993318585968587
13823,0.9999226546514537
13824,0.9196055374665079
13825,0.9982542935881706
13826,0.9996261156878167
13827,0.9999845541823583
13828,0.33004462498447884
13829,0.999560967871196
13830,0.999794528845468
13831,0.9975287359434222
13832,0.9997317971920351
13833,0.9918786660122972
13834,0.9986902992600392
13835,0.9999429924924137
13836,0.9999685107596387
13837,0.9984560883020764
13838,0.9995434579784165
13839,0.9998495514123207
13840,0.9999930569499441
13841,0.9999816286359369
13842,0.9990262267268227
13843,0.9976854326105588
13844,0.4262186921025558
13845,0.9998320778568163
13846,0.9999933286625531
13847,0.9943167174696497
13848,0.9991741394184844
13849,0.8076518010931557
13850,0.945957303056655
13851,0.8683706143407401
13852,0.08503307955515776
13853,0.9994700435794894
13854,0.9999811339335184
13855,0.9999663743063902
13856,0.9998463163531539
13857,0.9999413421706289
13858,0.9602723446987125
13859,0.9998318508905611
13860,0.9909913984684028
13861,0.9956148295774305
13862,0.9998781738845223
13863,0.999879625286328
13864,0.970811780176662
13865,0.9742396610845263
13866,0.9972194428936042
13867,0.9879207965991652
13868,0.9999606853378079
13869,0.9995426525343275
13870,0.9858760881168307
13871,0.9994747153179415
13872,0.9995077997713652
13873,0.9999282338667895
13874,0.9998913426154682
13875,0.9997570298534515
13876,0.989863528467152
13877,0.99586412358289
13878,0.9749959563859826
13879,0.9968190119112806
13880,0.9403181585686298
13881,0.9996349317472817
13882,0.9999914117429185
13883,0.9999760065337956
13884,0.9999555177131654
13885,0.9594042742047424
13886,0.9995421224848164
13887,0.9999361178041236
13888,0.9999899976490693
13889,0.9971430372591313
13890,0.9854582773327253
13891,0.9026697835145905
13892,0.9993588796708033
13893,0.9832315737972215
13894,0.999849069256367
13895,0.979129472384669
13896,0.9996836676973615
13897,0.9981493862419024
13898,0.9999033856449623
13899,0.9994232426403946
13900,0.9999950639484352
13901,0.9977261313140032
13902,0.9999341741321348
13903,0.0568602587304307
13904,0.9981471594260299
13905,0.9987478280088983
13906,0.9999754577692088
13907,0.9995774232796779
13908,0.999978805990808
13909,0.9862260839854282
13910,0.23040819613976862
13911,0.9992657793105137
13912,0.9968466063375019
13913,0.9999597650623802
13914,0.9989035704888004
13915,0.9989991096212921
13916,0.9994547320176552
13917,0.9988741073768814
13918,0.9992894240313174
13919,0.9998687235045721
13920,0.9794502632705642
13921,0.9999291706907233
13922,0.9995555290678824
13923,0.999943533338198
13924,0.49824326014591735
13925,0.9999881228889586
13926,0.9999873672122696
13927,0.9965727493177065
13928,0.9927121735046432
13929,0.9950934163173959
13930,0.9997299328563891
13931,0.9997569748489904
13932,0.990712935599703
13933,0.9135042470010414
13934,0.9326194518005341
13935,0.9999374539773864
13936,0.9984465522548942
13937,0.9992921636723362
13938,0.9985254910195515
13939,0.9990092959601224
13940,0.9972809817576637
13941,0.9999502638987154
13942,0.9997012498701047
13943,0.9971569829227275
13944,0.9997237489626983
13945,0.6583486853931303
13946,0.999952406840422
13947,0.9994279933262334
13948,0.9995874169955624
13949,0.9977791226535502
13950,0.9595950713921692
13951,0.990965807074283
13952,0.9753468872895938
13953,0.9999647167288953
13954,0.9920843245236204
13955,0.9999548715557528
13956,0.999802479592307
13957,0.9973253653014453
13958,0.9978847731054376
13959,0.9992643069226135
13960,0.9991314805453562
13961,0.9995091036643895
13962,0.9997406831134532
13963,0.9994802135222972
13964,0.999777247648939
13965,0.9915241943328396
13966,0.999881625579439
13967,0.9992171392770429
13968,0.9998962938947639
13969,0.9953619434583774
13970,0.8929453130900641
13971,0.9622052179414259
13972,0.968361247961083
13973,0.9999579099701119
13974,0.9791794213206586
13975,0.9956234734968558
13976,0.9811907114191889
13977,0.9999358860908671
13978,0.9996262301530511
13979,0.990282813953698
13980,0.999962699003568
13981,0.9998653738970282
13982,0.9519433218146102
13983,0.8942915266958793
13984,0.9999905362425524
13985,0.9895549379419692
13986,0.9999792001834985
13987,0.999502178686681
13988,0.9999906424996293
13989,0.9695502279516475
13990,0.9998549962291097
13991,0.9996877156375118
13992,0.9998513972754647
13993,0.9157402747058423
13994,0.9976095264872359
13995,0.9965495047821558
13996,0.9893503940440315
13997,0.30545346219205194
13998,0.981850621437668
13999,0.8886124948134789
14000,0.9999730738398581
14001,0.9354065477407323
14002,0.9999743950083141
14003,0.9999741227150303
14004,0.9988381229564209
14005,0.9996808244922551
14006,0.9777299437204429
14007,0.9996828259728923
14008,0.9999870618237716
14009,0.9997548494158284
14010,0.999970299517211
14011,0.9999961834777603
14012,0.9993971650862629
14013,0.9995090063058018
14014,0.13249890475990617
14015,0.996556998581894
14016,0.9988356248670184
14017,0.9990176702791186
14018,0.9998852968637822
14019,0.9996549445700084
14020,0.9999144085608295
14021,0.999925431461362
14022,0.9999365490350868
14023,0.9672724615250702
14024,0.998402931585853
14025,0.9965592945735916
14026,0.99001356344881275
14027,0.9880655647222578
14028,0.9856809621032695
14029,0.999872867568399
14030,0.9362677044557998
14031,0.998861653298048
14032,0.8753626869518195
14033,0.9993379754270251
14034,0.999087896311965
14035,0.9999541312483539
14036,0.9961041598029836
14037,0.9988918353553089
14038,0.9960992048836178
14039,0.9996552758498045
14040,0.9976182691738741
14041,0.11801426856627491
14042,0.9991508023414705
14043,0.9997213392674678
14044,0.9910421182493513
14045,0.9929527449812506
14046,0.9997893857618281
14047,0.9832757243403986
14048,0.9996772889872931
14049,0.9997870552505123
14050,0.9985398495314002
14051,0.9984644050886672
14052,0.9999215442445025
14053,0.9352625552538686
14054,0.9989737240381527
14055,0.9984242829983546
14056,0.9992101325250823
14057,0.9999849470633986
14058,0.9873424827950802
14059,0.9760029859829471
14060,0.9829536261695566
14061,0.9864563616112676
14062,0.9999302444644869
14063,0.8609275426662019
14064,0.9998660201766602
14065,0.9999736125658972
14066,0.9991774974190399
14067,0.9996271843934675
14068,0.9982199932089426
14069,0.9983237262190912
14070,0.509503243508619
14071,0.9976769580573868
14072,0.9998839197439948
14073,0.9841241999186289
14074,0.9950432378739664
14075,0.9921496933897931
14076,0.9999004562765151
14077,0.9980152287345379
14078,0.9999606880165702
14079,0.998797270645268
14080,0.9999451752859663
14081,0.9995878122797222
14082,0.9957929415448638
14083,0.9995716133287125
14084,0.9999730919703209
14085,0.9997596833807051
14086,0.9998780190655757
14087,0.9987345079840504
14088,0.9945411527610977
14089,0.9998563403684267
14090,0.9999881690884322
14091,0.9994684296957254
14092,0.997822503501626
14093,0.9995289527047703
14094,0.9978387078451836
14095,0.3598468317251049
14096,0.5629058297331458
14097,0.9999299232230912
14098,0.9978490803260541
14099,0.9906682444789402
14100,0.9997989659448748
14101,0.9491357768477979
14102,0.828920280594908
14103,0.999559383018248
14104,0.9981758821354791
14105,0.9999693997728536
14106,0.8379257455375142
14107,0.8702258155524126
14108,0.9999984479503109
14109,0.9993049476632484
14110,0.998983698411472
14111,0.9999732341329428
14112,0.9970655101658846
14113,0.9743793644033798
14114,0.8821202592866026
14115,0.9995091383450978
14116,0.9988491228612955
14117,0.9999667885281435
14118,0.99893172451347
14119,0.9915829597424654
14120,0.9941761911388038
14121,0.9999859184227632
14122,0.9723546012678479
14123,0.9997176439216774
14124,0.9994730188822306
14125,0.9337970037217124
14126,0.9993204654722415
14127,0.9983576758351098
14128,0.9999637416196171
14129,0.9997912620082781
14130,0.9997207430131824
14131,0.9998323418573668
14132,0.05800384323873037
14133,0.9998682772360039
14134,0.9967047788918916
14135,0.945011234327867
14136,0.4708744748250203
14137,0.9999735198315672
14138,0.9967533786138921
14139,0.9992392035348173
14140,0.1915290677809593
14141,0.9995951843062667
14142,0.9999753776224384
14143,0.9942450603339087
14144,0.9979408067264786
14145,0.8562164018897093
14146,0.9994529082410656
14147,0.9895988549874315
14148,0.1158280360831875
14149,0.9953746345957147
14150,0.9966226245052976
14151,0.9023512962356947
14152,0.9999746805051376
14153,0.9999787015701926
14154,0.9999922460847447
14155,0.9843288968357691
14156,0.999989884649076
14157,0.997915939019408
14158,0.9993528173443622
14159,0.9944887148389977
14160,0.9078797968391711
14161,0.9958848793052826
14162,0.44986618669706085
14163,0.9995669998764473
14164,0.9993722090317615
14165,0.9993266273837793
14166,0.9933034541173104
14167,0.986566881674074
14168,0.9948414754536443
14169,0.9276581220593083
14170,0.9992992830024453
14171,0.9977507476698607
14172,0.9993109716259786
14173,0.9999851757270424
14174,0.999786450612878
14175,0.8398897670301314
14176,0.37041619394419517
14177,0.9982233633871712
14178,0.9862874567814238
14179,0.9993041422397677
14180,0.99995766009001
14181,0.8184100947093923
14182,0.9994361838882702
14183,0.9977709571163837
14184,0.9994154946372276
14185,0.999613669478747
14186,0.9789037129991031
14187,0.9999286521392667
14188,0.9999184158824604
14189,0.9943642414912457
14190,0.6334941075617428
14191,0.9916398855628739
14192,0.4387610301226346
14193,0.999453138606283
14194,0.999991121698151
14195,0.99050942073511
14196,0.14769687241132384
14197,0.9975957651070547
14198,0.9596512533661867
14199,0.9509613661672248
14200,0.9999036452208059
14201,0.9905607554051404
14202,0.9928736941582156
14203,0.2707571334378419
14204,0.9926780820388194
14205,0.9991959047525296
14206,0.9991907808489763
14207,0.9977496282893334
14208,0.9994484870970181
14209,0.9999799073241789
14210,0.9990927587719999
14211,0.9984448058241338
14212,0.9989128107749375
14213,0.9658094012065159
14214,0.9999759589013184
14215,0.9980797991110197
14216,0.9999928425181042
14217,0.9761600591647991
14218,0.9975084412719606
14219,0.9998383874092911
14220,0.9847150695875805
14221,0.9997060112022663
14222,0.9708559408513473
14223,0.9977755387787963
14224,0.9991383628393012
14225,0.9996416053569086
14226,0.9828649718006585
14227,0.9265067555899941
14228,0.9880022773703283
14229,0.9987286384792131
14230,0.9995254445534536
14231,0.999974254040533
14232,0.5083407026282859
14233,0.8959457112705986
14234,0.998658804412953
14235,0.9918415256422906
14236,0.9994210775100385
14237,0.9996303438406485
14238,0.9899480615537322
14239,0.9999629268690183
14240,0.5250597057953995
14241,0.9988302753856926
14242,0.9999804376165119
14243,0.3096959918561995
14244,0.9998812777512361
14245,0.8035276062297153
14246,0.2238478720099434
14247,0.9985637623859697
14248,0.9999298654478497
14249,0.9999769393613396
14250,0.9907689143206218
14251,0.9973850299931045
14252,0.9389511414315904
14253,0.9929640153807995
14254,0.9793992554442643
14255,0.9997850557355504
14256,0.9998873377690474
14257,0.9999794958174395
14258,0.9973233181255303
14259,0.9999892138035358
14260,0.9202771761707425
14261,0.9999400481726932
14262,0.8532562785823624
14263,0.9998403463311785
14264,0.9781882464968014
14265,0.39404906712822174
14266,0.9971907672824569
14267,0.9308928912947559
14268,0.9991148455038105
14269,0.9909510528983277
14270,0.9976550094971229
14271,0.9982764846890437
14272,0.9997392733346402
14273,0.9999846932988364
14274,0.9993604356221962
14275,0.9999719025913243
14276,0.9999274924185828
14277,0.989596658597617
14278,0.9993133468637436
14279,0.9997809395060311
14280,0.999705159507747
14281,0.9991397611374763
14282,0.2202025287727899
14283,0.9999869967044304
14284,0.9987453088434834
14285,0.09153373018276668
14286,0.9998448951265141
14287,0.9798918109529332
14288,0.9999512448262017
14289,0.9988781274992884
14290,0.9999054263567961
14291,0.9919698650840632
14292,0.9999937792851992
14293,0.8814667398355412
14294,0.9999651947149579
14295,0.9999686738034876
14296,0.9993993324898053
14297,0.9999746439950576
14298,0.9989769813353598
14299,0.9999428362970398
14300,0.9990922793344829
14301,0.9999484141589136
14302,0.9994549475170535
14303,0.9998052961707542
14304,0.9595098588073877
14305,0.9999878957843517
14306,0.9992043298101504
14307,0.9614812501993449
14308,0.9997996490038378
14309,0.9994440440686743
14310,0.9996000648675689
14311,0.32823408720033326
14312,0.9996951080188008
14313,0.9997623143272981
14314,0.9999636253384205
14315,0.998756765985204
14316,0.9997188324856359
14317,0.9999496188990264
14318,0.973901682476699
14319,0.9998648191541176
14320,0.9998678442755607
14321,0.9998466785661552
14322,0.9994055214106429
14323,0.7617895100827784
14324,0.8801227086564125
14325,0.9981137560212202
14326,0.9999307525095474
14327,0.9988665846885569
14328,0.8376623026438874
14329,0.9996259555088804
14330,0.9932308485530941
14331,0.9992556502214776
14332,0.8034840947554253
14333,0.7862437882941599
14334,0.9998130552480249
14335,0.9994837357198795
14336,0.907380028457414
14337,0.37234041569351867
14338,0.9994313341121592
14339,0.9992498151746435
14340,0.21672969611518025
14341,0.9993433706112351
14342,0.9914576555504827
14343,0.9998368286530903
14344,0.9950934163173959
14345,0.9973226576144402
14346,0.9985720794120649
14347,0.99191912773147894
14348,0.9995330207350518
14349,0.9687217531101754
14350,0.9886801391167209
14351,0.9998296310062041
14352,0.9774946806163205
14353,0.9998961344683697
14354,0.9994617881879356
14355,0.9995086202277441
14356,0.9916629477721688
14357,0.9540269843807805
14358,0.9746350720496397
14359,0.9994779651126061
14360,0.9998790211139185
14361,0.999899086483021
14362,0.9995504316488484
14363,0.9993042749508355
14364,0.9972445379399254
14365,0.9998508599766601
14366,0.9978092529280618
14367,0.9996024714130365
14368,0.9946578319335789
14369,0.9999213825543821
14370,0.5370562698616239
14371,0.9990048033460305
14372,0.9993796700219437
14373,0.9984056071214902
14374,0.978511970988035
14375,0.9880542360099901
14376,0.9999036523719405
14377,0.9978878062036126
14378,0.9996168168659766
14379,0.9871444943167557
14380,0.9987160457519935
14381,0.9987842231818422
14382,0.961346567575161
14383,0.996276785995602
14384,0.996327023152977
14385,0.9872964208464473
14386,0.9999245214234403
14387,0.9977588871982236
14388,0.631041220470782
14389,0.9988193006737671
14390,0.9996752294755196
14391,0.9660493137157977
14392,0.9999571898020444
14393,0.9999776032711426
14394,0.999743204847823
14395,0.9971335557976491
14396,0.9946504453682332
14397,0.9998787889687424
14398,0.9998876415638457
14399,0.9999053165593589
14400,0.9999876495478915
14401,0.9868264935562341
14402,0.999968629925792
14403,0.4801130602997436
14404,0.9986538327976852
14405,0.9990800164113515
14406,0.9992306175224284
14407,0.9971250344307205
14408,0.9997777597542942
14409,0.02907160390457091
14410,0.8864902519927096
14411,0.9946138326042187
14412,0.998606954530537
14413,0.9966570201180259
14414,0.9997619770161776
14415,0.9991510846178164
14416,0.9998582014785521
14417,0.9990568458939092
14418,0.9978665808106666
14419,0.997771239178487
14420,0.9990151560271748
14421,0.9970797232157038
14422,0.9958835314694073
14423,0.9997081390463891
14424,0.9996687953730049
14425,0.9692462467250039
14426,0.9998371336969154
14427,0.9999806694565353
14428,0.8622382326100706
14429,0.995631969660032
14430,0.9996700716532249
14431,0.9988591195613726
14432,0.9996115800155753
14433,0.9925660085103197
14434,0.999980088328453
14435,0.9988161890420811
14436,0.9997258892546379
14437,0.9988965538218147
14438,0.03968966589908963
14439,0.9942106265955077
14440,0.9604439912294405
14441,0.9814615834664797
14442,0.9999607392063152
14443,0.9990373429331737
14444,0.9990547218278343
14445,0.888422512774505
14446,0.9999759073840084
14447,0.9994969198275782
14448,0.9999318034790619
14449,0.9582526185131908
14450,0.9840516134405145
14451,0.906325969678285
14452,0.9980664846481964
14453,0.9999544023215068
14454,0.9976622468638715
14455,0.9986325193927279
14456,0.9951281158664346
14457,0.9979974598631354
14458,0.9938260266276902
14459,0.9991193165651441
14460,0.9995973046445157
14461,0.9999223565268739
14462,0.9996398003628643
14463,0.999700140002259
14464,0.9998099698293826
14465,0.9997323814873087
14466,0.9890792414308238
14467,0.9928303081707683
14468,0.9102359073332182
14469,0.999940307613776
14470,0.9993544806657615
14471,0.9402437598814002
14472,0.9998450135124957
14473,0.9996543419534605
14474,0.999559299421741
14475,0.9979767073982857
14476,0.9976690689436646
14477,0.9998879016768855
14478,0.993303037182845
14479,0.9997160517704103
14480,0.9998271469632349
14481,0.9996401873457029
14482,0.9999082779371138
14483,0.9997962609459713
14484,0.9987432244829232
14485,0.9999873340998213
14486,0.9999677245525043
14487,0.9991822533520593
14488,0.9992390925205682
14489,0.9999498518137221
14490,0.9993333525644779
14491,0.8436362421816954
14492,0.9999829064103447
14493,0.9994395869112701
14494,0.8932042567875946
14495,0.8133921734227505
14496,0.9990498307864448
14497,0.9996092295695603
14498,0.9854150517746485
14499,0.997493594051586
14500,0.9999600618241492
14501,0.9999193209742749
14502,0.8236031541318249
14503,0.9998014153990818
14504,0.9989906141568723
14505,0.9986765855206398
14506,0.999418945000372
14507,0.9999667625233304
14508,0.9989686000575745
14509,0.9456657490691445
14510,0.9816598321563083
14511,0.9701062935072065
14512,0.9985533518966133
14513,0.9926014031046881
14514,0.9993767950004557
14515,0.9964883658174483
14516,0.999883633513925
14517,0.7591109922405495
14518,0.9994318689944357
14519,0.9998041671462446
14520,0.9990045614317375
14521,0.9999135010743925
14522,0.9914092361718212
14523,0.9735177449125856
14524,0.9869563942282181
14525,0.9999733759309412
14526,0.999855208540406
14527,0.999814402102748
14528,0.9999841385596241
14529,0.9999765306594817
14530,0.9998919690138971
14531,0.9986242092053693
14532,0.9909889184802476
14533,0.7599545677319907
14534,0.0676031662259648
14535,0.7126000354685281
14536,0.9985470478804208
14537,0.9999845405228165
14538,0.9991381180879781
14539,0.9997957082185276
14540,0.9999878231652722
14541,0.9999794527300402
14542,0.7835775577367765
14543,0.9998336261416005
14544,0.9653988902473905
14545,0.9981624696301178
14546,0.9974052417819234
14547,0.7566865034657667
14548,0.999787448357564
14549,0.9999706923493344
14550,0.9955140192770425
14551,0.9993318539621733
14552,0.9997241743919929
14553,0.998341435801274
14554,0.9829729017459341
14555,0.9990091143881392
14556,0.9999985937953458
14557,0.9996675542320843
14558,0.9998537119046893
14559,0.7900279326584349
14560,0.9942170628277474
14561,0.9999463420569324
14562,0.9995995741809013
14563,0.9276895324355665
14564,0.998265403206344
14565,0.9999099560382596
14566,0.9999972511425941
14567,0.9999386772142553
14568,0.9999314708277794
14569,0.9992487141734182
14570,0.6399396334791568
14571,0.9999060499583482
14572,0.9990529008365022
14573,0.9999537420845815
14574,0.999861083788423
14575,0.9983197654382062
14576,0.9985486176789805
14577,0.9986706354175209
14578,0.9999883173043471
14579,0.9997333896116024
14580,0.9705029886113379
14581,0.9999301401288295
14582,0.9999514045928379
14583,0.9999698016650351
14584,0.999793344140961
14585,0.9199580656054704
14586,0.9999813994914896
14587,0.8402177525368876
14588,0.9892646367856569
14589,0.9995031590415554
14590,0.999733014077125
14591,0.9953006425036919
14592,0.9999130277159041
14593,0.9866776354098851
14594,0.9994695225384632
14595,0.9683646420495222
14596,0.9984768314507996
14597,0.6088007449565568
14598,0.1309129350775313
14599,0.9997542616144043
14600,0.9952535684697628
14601,0.2551677859060096
14602,0.8020021072079125
14603,0.9985390668540609
14604,0.9999664928886378
14605,0.9991425343523176
14606,0.9997735649601278
14607,0.9999684573946104
14608,0.9328288816727838
14609,0.998798215407719
14610,0.5559125653171997
14611,0.9997556198382832
14612,0.9997806664597914
14613,0.9999990110530634
14614,0.9979800911536486
14615,0.9468706090144969
14616,0.9999886749116302
14617,0.9896599701555128
14618,0.8241577360156038
14619,0.9998731983701016
14620,0.9999018925011803
14621,0.999242814357436
14622,0.9657661069097868
14623,0.9996617791234871
14624,0.9994966221195104
14625,0.9998324445425778
14626,0.9765344173117659
14627,0.9999340013884709
14628,0.9999863511070645
14629,0.9999824219180197
14630,0.9992121197642058
14631,0.9976906045680157
14632,0.9745413526821225
14633,0.999006711902136
14634,0.8439599305127501
14635,0.9994409535357668
14636,0.9847575292307662
14637,0.999983378174481
14638,0.9978008002187131
14639,0.9999988610834393
14640,0.9995082320469284
14641,0.9972348168150087
14642,0.6426734302097289
14643,0.9993447463207901
14644,0.9993222738154537
14645,0.9999476980639718
14646,0.9999092166918877
14647,0.9523103217578924
14648,0.9992967687147721
14649,0.9999584309653121
14650,0.9999078770032697
14651,0.9661442877664422
14652,0.9998528054195577
14653,0.9990652269867268
14654,0.6472594615581415
14655,0.999821326503789
14656,0.9992508374077431
14657,0.9999424401001596
14658,0.9999736988076886
14659,0.9996356549515465
14660,0.9993269866994517
14661,0.9990137166934804
14662,0.9999229621819852
14663,0.6043707209759562
14664,0.999972533629196
14665,0.9998728783021927
14666,0.764582111231591
14667,0.9101744352891589
14668,0.9994355858621163
14669,0.9999797518378285
14670,0.8424633168589775
14671,0.9999834373947593
14672,0.999893267181048
14673,0.9774687465536135
14674,0.8428003959764684
14675,0.9988100624200253
14676,0.9993145644330661
14677,0.9958164076996708
14678,0.9997198906228699
14679,0.9945708015701594
14680,0.9998444619347056
14681,0.9999128458028218
14682,0.9999273420289232
14683,0.9953084150198946
14684,0.9677246655014147
14685,0.9983564755319655
14686,0.9934379418207017
14687,0.988888417573815
14688,0.9996898452757196
14689,0.9999612078935418
14690,0.9999566362037537
14691,0.9994088559100347
14692,0.9902655925978023
14693,0.9813211747696897
14694,0.9956527907604619
14695,0.9998613631559845
14696,0.9904526345213054
14697,0.9907312423734664
14698,0.9999657606870596
14699,0.9945801577218295
14700,0.9997228228689261
14701,0.9981911784663458
14702,0.9987645890548894
14703,0.999966828285309
14704,0.8696661580754093
14705,0.9997480501629737
14706,0.9913933577654099
14707,0.9995874589940374
14708,0.9999676778694131
14709,0.9967330735485439
14710,0.9999587262117963
14711,0.6326074242746212
14712,0.9894225163898006
14713,0.9998368953463462
14714,0.9925391111950411
14715,0.9999806836102838
14716,0.9937503989390186
14717,0.1541524707106567
14718,0.30798514227327684
14719,0.9994782884178459
14720,0.9993711353491405
14721,0.5631097459170468
14722,0.9891001128948542
14723,0.9999089770431427
14724,0.9999851838703212
14725,0.9981258836657003
14726,0.9991861077575833
14727,0.9994895941421794
14728,0.7700948677746438
14729,0.9999583065398253
14730,0.9998138771278016
14731,0.9999843782529136
14732,0.9581279758499688
14733,0.9999885006892292
14734,0.09191408149562534
14735,0.9977163591553226
14736,0.978633618442137
14737,0.9996007780552434
14738,0.999843311836096
14739,0.999931237963363
14740,0.2787908995269431
14741,0.99994140530857345
14742,0.9994241719332504
14743,0.9997869753064188
14744,0.9947039835392455
14745,0.999765231189061
14746,0.999984180560661
14747,0.999263280448815
14748,0.999886758219538
14749,0.999975896896938
14750,0.9942686295407287
14751,0.4961416382987098
14752,0.998937231965
14753,0.9948147049801669
14754,0.9999675604568554
14755,0.9980666991206977
14756,0.9566258490382036
14757,0.9986494687794619
14758,0.9999392817021419
14759,0.9994827313337862
14760,0.9998930104005669
14761,0.9999052216512911
14762,0.999812895944971
14763,0.9978826316475693
14764,0.9999583923789662
14765,0.9998656518930293
14766,0.9934306145384036
14767,0.9868363721863731
14768,0.9997511056009836
14769,0.997319246360155
14770,0.9999466407063202
14771,0.8875271156468751
14772,0.9975059623183617
14773,0.9885454338691567
14774,0.9990247410402142
14775,0.9866606871909555
14776,0.5708236855718594
14777,0.9994045664223399
14778,0.9998948724952399
14779,0.9999212807333175
14780,0.9983437208457903
14781,0.999984444179258
14782,0.9994624652705132
14783,0.9984569005995368
14784,0.9999700066763038
14785,0.9971919451912622
14786,0.9993991599288896
14787,0.9940578753789765
14788,0.9957272433056605
14789,0.9431679257779106
14790,0.9999483563670757
14791,0.9999819980875907
14792,0.9997264901590263
14793,0.9959020277417019
14794,0.9987170059418495
14795,0.8870950177362928
14796,0.9999256448776178
14797,0.9998588964670672
14798,0.9996091577183503
14799,0.9997922908011866
14800,0.999854654785396
14801,0.07801197783563964
14802,0.9436866327566139
14803,0.9998404200639224
14804,0.9999226517380322
14805,0.9999866010318125
14806,0.9883502974045657
14807,0.9997428434193005
14808,0.9993488646901573
14809,0.9993216322009091
14810,0.9957814856679305
14811,0.999337157516409
14812,0.9980617238069073
14813,0.9998953251563645
14814,0.546133602869845
14815,0.99979964374457575
14816,0.9999840573050256
14817,0.9999741321285532
14818,0.9999123886847806
14819,0.9962340211209847
14820,0.9999584618755304
14821,0.9999662775769439
14822,0.6598588001259627
14823,0.9999353266321498
14824,0.7039276771983334
14825,0.9999672197284102
14826,0.9975711418207184
14827,0.7598729578057839
14828,0.9997056252003639
14829,0.9999787201353606
14830,0.9997320062557782
14831,0.9999767294136712
14832,0.9991990533761603
14833,0.32616606242648005
14834,0.5661049354828486
14835,0.9999880106985626
14836,0.9996102162428891
14837,0.9997686387293375
14838,0.9974680394983586
14839,0.9999640571866
14840,0.9994617881879356
14841,0.9995012806421498
14842,0.9999542611291119
14843,0.9998147040101717
14844,0.9993090181580895
14845,0.9999705790799629
14846,0.9998051907235895
14847,0.9987274962696783
14848,0.597298208400135
14849,0.9930365789193252
14850,0.999762089257584
14851,0.9991281929131186
14852,0.999609705993705
14853,0.999769402374384
14854,0.9798064219735849
14855,0.9997789186234934
14856,0.9951110870989682
14857,0.6349268455040218
14858,0.9984888645178513
14859,0.9431922286880676
14860,0.9997969001393187
14861,0.8895812871843816
14862,0.997425325434816
14863,0.5320918913764375
14864,0.9999918965190565
14865,0.9998747634073908
14866,0.9951701687669765
14867,0.9998808363966158
14868,0.9994233354607567
14869,0.9988661293873536
14870,0.9980587185984712
14871,0.9758770082734132
14872,0.9992867014982546
14873,0.9995056526992327
14874,0.9995278817396991
14875,0.9999708286800105
14876,0.9997995130858003
14877,0.9800640537233892
14878,0.9663956116004832
14879,0.9996889987720318
14880,0.8835422457242634
14881,0.99909841968543
14882,0.9953855133216033
14883,0.9735988673786881
14884,0.9658702016638763
14885,0.9770931021598158
14886,0.9665836749071509
14887,0.18492261933976006
14888,0.9965532526937783
14889,0.998565083405235
14890,0.9999184683591332
14891,0.9995789720823757
14892,0.23460806380313146
14893,0.9999676548604272
14894,0.9945884166832942
14895,0.9955827327279252
14896,0.999772134054201
14897,0.5643645651150248
14898,0.9953530784535182
14899,0.7280665201506271
14900,0.9903922590658387
14901,0.8872185440334613
14902,0.9896801486328032
14903,0.9999594498480869
14904,0.9985030407427332
14905,0.9745950296751623
14906,0.9989861420521071
14907,0.9997344896098934
14908,0.999776420391195
14909,0.9506646912152144
14910,0.9970834425217384
14911,0.9531329898793449
14912,0.9999911775358259
14913,0.9999905344665178
14914,0.9997960799730453
14915,0.9996819857338561
14916,0.9997009922389658
14917,0.9844630458151636
14918,0.9975164012279892
14919,0.9991192460190653
14920,0.9995430642280878
14921,0.7741881726969773
14922,0.7796753162503955
14923,0.9994442497665428
14924,0.9460824655942429
14925,0.9998321473805646
14926,0.980556319089532
14927,0.9925255624043875
14928,0.9992089630612864
14929,0.044785737641024975
14930,0.9961835568161712
14931,0.967228915526295
14932,0.9999883700693423
14933,0.9983095584196465
14934,0.9977210446983631
14935,0.9935326251670127
14936,0.9999503347626281
14937,0.9993817202209528
14938,0.9864305946299576
14939,0.9899543420476667
14940,0.12288744318226515
14941,0.9999735847289256
14942,0.9997097253622136
14943,0.9829444308744754
14944,0.9989211682842871
14945,0.9980499591694334
14946,0.9977715741053557
14947,0.9992454341691851
14948,0.9769510643480646
14949,0.9993238840366132
14950,0.9006077654120843
14951,0.99991075372473
14952,0.9999593547488784
14953,0.9307506502608804
14954,0.9991828609027232
14955,0.9997219485645525
14956,0.9683849292578648
14957,0.725355155467296
14958,0.9542173547941848
14959,0.9983256534198197
14960,0.99825214508994
14961,0.999750036583356
14962,0.9972645274107246
14963,0.9986410030102145
14964,0.9997417806089091
14965,0.9967547349417293
14966,0.11197335513019804
14967,0.9999408207081787
14968,0.9952497223973541
14969,0.7708645653329238
14970,0.9986110380325858
14971,0.9999915359346643
14972,0.43642637467306006
14973,0.9996467005993667
14974,0.9991322790694472
14975,0.9801260688117698
14976,0.9953980768137998
14977,0.9989710520058063
14978,0.9998753788501903
14979,0.9993600426293443
14980,0.8371536148246352
14981,0.999638538035835
14982,0.998640492754196
14983,0.9995590640976305
14984,0.9991640933750527
14985,0.9217551769574308
14986,0.9800269279286615
14987,0.9069246129924871
14988,0.9998821797527457
14989,0.9984296843750292
14990,0.9999262430752961
14991,0.9995906247305978
14992,0.9965295937548673
14993,0.9998661577476615
14994,0.9990782058778614
14995,0.018475104844428394
14996,0.9970767498683808
14997,0.9991351979589544
14998,0.9992630350367409
14999,0.9974408661464491
15000,0.9830517848815385
15001,0.9999749693643573
15002,0.9584829405081661
15003,0.9999928379029493
15004,0.9767972333888352
15005,0.9877972643006281
15006,0.9996104488348324
15007,0.9991405562574914
15008,0.9943972231155767
15009,0.9991890296788815
15010,0.9997972844171331
15011,0.9794173970532059
15012,0.999987673450245
15013,0.9963008788506234
15014,0.9883487833031168
15015,0.8567109251933792
15016,0.9747705372908283
15017,0.9968071349867964
15018,0.9999165918912194
15019,0.9862251756318342
15020,0.999958633854425
15021,0.9999892272851203
15022,0.999994548706886
15023,0.9867958741626129
15024,0.9998940322196117
15025,0.9997216543622938
15026,0.9999027259093118
15027,0.7662195811304611
15028,0.9959179181543916
15029,0.9592634794217235
15030,0.9998204197975152
15031,0.9992950629402354
15032,0.9938169999234047
15033,0.9960861763381427
15034,0.9987451749540058
15035,0.9999658561180014
15036,0.999179705518562
15037,0.9999822259977161
15038,0.9999483507360237
15039,0.9904047602918759
15040,0.9999257970764492
15041,0.9998492592532331
15042,0.9839686022689832
15043,0.9947988890317248
15044,0.9999912641937098
15045,0.9393280461288325
15046,0.9967795821389195
15047,0.999946536050942
15048,0.9999554318123688
15049,0.9996137529356763
15050,0.9911286570385018
15051,0.9065675484735707
15052,0.9999821434128886
15053,0.9999252950269835
15054,0.9995298774193697
15055,0.9999433987131914
15056,0.4200523815941727
15057,0.9999689342334183
15058,0.9979724816542604
15059,0.9995940568812605
15060,0.37378406255201213
15061,0.9999389006470877
15062,0.9998375006030505
15063,0.9990859635680347
15064,0.9997493974892511
15065,0.999338955107644
15066,0.9883319306980471
15067,0.9735189301117189
15068,0.999977835376663
15069,0.9720348758617349
15070,0.6598993501063567
15071,0.9803144795380828
15072,0.9940546536507593
15073,0.6693239561600899
15074,0.9993566053517274
15075,0.990048359204881
15076,0.1019973528620557
15077,0.9982933476976606
15078,0.9997852757557327
15079,0.9966859134440639
15080,0.9995695694698267
15081,0.9903429814666449
15082,0.1176620262404172
15083,0.999742910411087
15084,0.9886943229107811
15085,0.999931069138419
15086,0.998727377905982
15087,0.9931488219978788
15088,0.8659403187758126
15089,0.9998161518710039
15090,0.9992530741008666
15091,0.5569576671436812
15092,0.8313190146844521
15093,0.998120124807625
15094,0.9955233207633332
15095,0.9893967716098693
15096,0.9993138093302143
15097,0.9999190868856525
15098,0.9997539210498322
15099,0.9991261118971375
15100,0.9979363327066835
15101,0.9990095199975247
15102,0.9992490220885856
15103,0.9883010162139775
15104,0.9999912417167259
15105,0.9991350043843161
15106,0.999638150601993
15107,0.980829919027053
15108,0.9998714102918311
15109,0.9968385389756795
15110,0.9920822054099631
15111,0.918109879841731
15112,0.9873197154261534
15113,0.9998916511147147
15114,0.9999507934349315
15115,0.999762100430208
15116,0.9992774927658384
15117,0.978916202472993
15118,0.9997883129902672
15119,0.9982950959806591
15120,0.9999712161663256
15121,0.9558894458226477
15122,0.9975445570842225
15123,0.9996523432743285
15124,0.9970397211056318
15125,0.998405129887853
15126,0.9965220239044899
15127,0.9974161370397576
15128,0.9995011919618918
15129,0.9656666060012075
15130,0.999884736822525
15131,0.00870530996861772
15132,0.9976052772988298
15133,0.9999248180631897
15134,0.9943395020159487
15135,0.7127895393644256
15136,0.9986524223034775
15137,0.9997561311462508
15138,0.999622230994174
15139,0.993844396465199
15140,0.9996341176500426
15141,0.9999316717641649
15142,0.9997605537808771
15143,0.9995942060998343
15144,0.9979926530033969
15145,0.9925721753279184
15146,0.9869734310354235
15147,0.9993586983320362
15148,0.9950951825269166
15149,0.6384785299550405
15150,0.9883967800919092
15151,0.9980566848737107
15152,0.9990232850412243
15153,0.9906544794728731
15154,0.9976005502032926
15155,0.9996079700149498
15156,0.9999694267417986
15157,0.9999823355378039
15158,0.8941327759345052
15159,0.9817955592680022
15160,0.9957513151685772
15161,0.9984886001501446
15162,0.9975936376700277
15163,0.8337436349145053
15164,0.9965837490101491
15165,0.9989133360098694
15166,0.9947450183035351
15167,0.9999021898245978
15168,0.9977512818774805
15169,0.7481832132259456
15170,0.9872880201485785
15171,0.9992922099864856
15172,0.9134460928510886
15173,0.9995841654036354
15174,0.9914129940689899
15175,0.9545876952628198
15176,0.999507634742464
15177,0.9992373008658596
15178,0.9991924114853208
15179,0.9993242596625773
15180,0.9984373218956188
15181,0.999478212694107
15182,0.9999823299253741
15183,0.9978559773312474
15184,0.9990463289142486
15185,0.9982959830866652
15186,0.9998951934225154
15187,0.9935029784045243
15188,0.9436794612641737
15189,0.9992061513255948
15190,0.9999521846529714
15191,0.9999967150471042
15192,0.9984268812423595
15193,0.9999251161640843
15194,0.9997624007483046
15195,0.9999981151629154
15196,0.9976305755495336
15197,0.9999694512267887
15198,0.8870982277116923
15199,0.949884009759746
15200,0.9975634988498538
15201,0.9999675588612514
15202,0.9809152708945135
15203,0.8380047048497813
15204,0.9686475791382321
15205,0.9999767748926479
15206,0.9931931079660818
15207,0.9998142611067409
15208,0.9999762084440532
15209,0.8789777479723698
15210,0.9956872808063606
15211,0.9999988187496804
15212,0.9948763236307135
15213,0.9427706999958738
15214,0.9999034520657291
15215,0.999980688253404
15216,0.9665084813399404
15217,0.9999661927417165
15218,0.9999794402615055
15219,0.9999701535961116
15220,0.9836257572698494
15221,0.9998945368088269
15222,0.9182719358636463
15223,0.9999778133666378
15224,0.9999335248663651
15225,0.9996541117863188
15226,0.9999656736760826
15227,0.9423356437218554
15228,0.9538071550931562
15229,0.9919815350730985
15230,0.9999691766928178
15231,0.997862546938126
15232,0.9965804391982026
15233,0.9991093058952817
15234,0.9999065811428025
15235,0.8928510813039687
15236,0.9999664450179421
15237,0.9999755471883351
15238,0.9999919145562509
15239,0.9992259480789812
15240,0.9758412101462045
15241,0.9935888301229471
15242,0.9997490372773916
15243,0.999973607536216
15244,0.9995367228917698
15245,0.9461546131472238
15246,0.9998709304080037
15247,0.9983816154348673
15248,0.9998214063786436
15249,0.9733679562986602
15250,0.16909150468214723
15251,0.9985080759552174
15252,0.9991980206564383
15253,0.9001943522531167
15254,0.9985678826233064
15255,0.9996959513957396
15256,0.9999519349185307
15257,0.9882772454619916
15258,0.9961037045542093
15259,0.9980834049298298
15260,0.999918697821548
15261,0.9998066219207163
15262,0.9105696699863166
15263,0.9993112876729584
15264,0.9984763222670906
15265,0.9478739869961484
15266,0.9988188526407302
15267,0.9980337493353165
15268,0.9955299226185584
15269,0.9999689913813926
15270,0.940119908884172
15271,0.9780015841936595
15272,0.9999835914586696
15273,0.1682134380470857
15274,0.9999858527054117
15275,0.9995168033001433
15276,0.9999761401455357
15277,0.9999328862657552
15278,0.9996565435119948
15279,0.9998651226674006
15280,0.9989076956515829
15281,0.9503635515539088
15282,0.9991935509979403
15283,0.9996797357006931
15284,0.9999834525400443
15285,0.9981364673342901
15286,0.9900483038391382
15287,0.8824458174067831
15288,0.9983653558200288
15289,0.9967559822865181
15290,0.9997952218530168
15291,0.8122628021254525
15292,0.9949876475319235
15293,0.9982848330152739
15294,0.9830363992676971
15295,0.9983676055693315
15296,0.9999675699386895
15297,0.9977171338867695
15298,0.999981525817523
15299,0.9999660796146271
15300,0.9999982232302935
15301,0.9993087694539404
15302,0.9988214904092033
15303,0.9987116660002036
15304,0.9999136022624914
15305,0.9969201296166355
15306,0.9777110378471265
15307,0.9999700607756342
15308,0.9999912855723723
15309,0.9999644129630714
15310,0.9987216043278858
15311,0.9863595542869443
15312,0.9369688280003602
15313,0.9999574210590473
15314,0.999999619935618
15315,0.977962454607768
15316,0.5516072622938639
15317,0.965431879092872
15318,0.9994926364909144
15319,0.9350748767331927
15320,0.9993081740496608
15321,0.999503927876578
15322,0.9999733593477049
15323,0.9995030915139983
15324,0.9941247906787117
15325,0.9999225858177548
15326,0.9998251140284481
15327,0.9999873282791147
15328,0.9916365336285397
15329,0.999973607536216
15330,0.9697173429965171
15331,0.983012479585496
15332,0.9897893771890517
15333,0.47968391635359803
15334,0.9844905363832946
15335,0.999938278894488
15336,0.9889443361364127
15337,0.9994039789606388
15338,0.9996716278100846
15339,0.8955312560313659
15340,0.9996644465110625
15341,0.23585792897138136
15342,0.9846253814658953
15343,0.9979105749352638
15344,0.904603653088505
15345,0.999952827309312
15346,0.999072196437077
15347,0.9460932582604631
15348,0.9968289985700337
15349,0.9784113204474038
15350,0.997105419226734
15351,0.8582118863804281
15352,0.999542987307584
15353,0.9998609166922466
15354,0.9999705283721275
15355,0.9992236671136597
15356,0.9999447382654282
15357,0.9809201044673332
15358,0.9817326215879246
15359,0.999927903627103
15360,0.9998931551851117
15361,0.5816827676990899
15362,0.8875271156468751
15363,0.9995422769620569
15364,0.9998889943580731
15365,0.9999431944941745
15366,0.9896040180350677
15367,0.996666494466005
15368,0.9933360046250281
15369,0.9977608931083551
15370,0.9970151672192332
15371,0.9974092644952428
15372,0.9994223930637237
15373,0.9955264362222578
15374,0.9963704973317605
15375,0.9999774519218985
15376,0.9999645529124195
15377,0.9808698085975606
15378,0.041036152653742934
15379,0.9982704780613251
15380,0.9999857891349421
15381,0.9981388148224307
15382,0.995300592504276
15383,0.9917281152780809
15384,0.9961957699557139
15385,0.9446092604181986
15386,0.99969257145274
15387,0.9998585224626354
15388,0.6194429684341841
15389,0.9999885778313287
15390,0.6564088285694759
15391,0.9957260285381336
15392,0.998001293229918
15393,0.9999781505899241
15394,0.5026062135372371
15395,0.9998357095968158
15396,0.999988314185956
15397,0.9990451142645722
15398,0.9999747900076296
15399,0.9631223900320659
15400,0.9995998401833889
15401,0.9958952178028166
15402,0.9988266548277686
15403,0.9999872388141651
15404,0.9992976640384117
15405,0.9981216855479261
15406,0.9741206809471173
15407,0.05248034949187594
15408,0.9763917460378964
15409,0.9496979914887483
15410,0.9999378839029659
15411,0.9952174386049609
15412,0.8104532891292229
15413,0.9994026215263347
15414,0.7558461473214859
15415,0.9740442039499371
15416,0.9992708388647653
15417,0.9999758906077081
15418,0.9928291334212889
15419,0.9996656428249822
15420,0.9999865892432854
15421,0.999202851151696
15422,0.9999840487841608
15423,0.9993633720273775
15424,0.9978648003802215
15425,0.9974569978373855
15426,0.9999601162523196
15427,0.9887128371244462
15428,0.9994992303671827
15429,0.9996701067565623
15430,0.997240168942716
15431,0.9987622363449702
15432,0.999413277448566
15433,0.9999670522642836
15434,0.9960393898479322
15435,0.9860217732697726
15436,0.9977436988723345
15437,0.14657926419373726
15438,0.9997295287939458
15439,0.9994007180450962
15440,0.9894822361481588
15441,0.9999258611643164
15442,0.9989103141191487
15443,0.9990558681809413
15444,0.9998154902117937
15445,0.9998600843357414
15446,0.999941634942709
15447,0.8638593303152406
15448,0.9930763138467698
15449,0.9875958843439783
15450,0.999636505403051
15451,0.9346660952361016
15452,0.7717415864900184
15453,0.9970286322250251
15454,0.9389591275069643
15455,0.9935458870155006
15456,0.9988696904388683
15457,0.2639950792937965
15458,0.94476282480779
15459,0.9713353051075043
15460,0.9972978954338803
15461,0.975261436355875
15462,0.9913408711737283
15463,0.9999267676143088
15464,0.9935828213255521
15465,0.9624045464263532
15466,0.9970489313738186
15467,0.8788446497217106
15468,0.9998855043401865
15469,0.9529947201388951
15470,0.9992002214708942
15471,0.9975560229257568
15472,0.999925431461362
15473,0.997757880058951
15474,0.9991427648974931
15475,0.9991602708774289
15476,0.9999572471655109
15477,0.9999658260287221
15478,0.9988347445195181
15479,0.9986181593412464
15480,0.999563831778532
15481,0.9040463125755082
15482,0.9999799906195315
15483,0.9959920285491793
15484,0.8937422272662894
15485,0.9984448238625225
15486,0.9990515338355556
15487,0.9998243309639014
15488,0.9976977289757052
15489,0.974094007941781
15490,0.982909814833151
15491,0.9999396301973335
15492,0.9946646343985933
15493,0.988248935434981
15494,0.999361605144214
15495,0.9954238408443111
15496,0.843638041982346
15497,0.9999779943059197
15498,0.9988849436424008
15499,0.9999885751542922
15500,0.9995366153894377
15501,0.9994347628431389
15502,0.9998985186319514
15503,0.9999428002295071
15504,0.5975299956114073
15505,0.999991871846998
15506,0.9997730957325011
15507,0.9976990032472522
15508,0.9802700475543668
15509,0.9997196057026325
15510,0.9994841063509391
15511,0.9992184710432654
15512,0.9514327390820335
15513,0.9956492405722047
15514,0.9998075094583276
15515,0.9998670641940952
15516,4.476271958867685e-4
15517,0.9989042814785751
15518,0.02013440491654099
15519,0.9897859008091611
15520,0.9999677504851349
15521,0.9998041921140886
15522,0.9660184188483899
15523,0.9999726107229956
15524,0.9936757748689868
15525,0.9983197607820697
15526,0.9932896525030647
15527,0.9997290987585118
15528,0.9988457359891794
15529,0.9325998756770525
15530,0.999982250827853
15531,0.9988825151436522
15532,0.9878899999709964
15533,0.9996740829573203
15534,0.989248769462853
15535,0.5656675161146042
15536,0.9810062426011243
15537,0.9822087872900387
15538,0.9998245618441626
15539,0.9521092748841371
15540,0.9945328861708863
15541,0.14225080292584044
15542,0.9965182306576876
15543,0.9433382840587324
15544,0.9990108999807868
15545,0.9988060849259568
15546,0.9999685743375634
15547,0.9995057281274983
15548,0.9991680335533575
15549,0.8285688918958397
15550,0.9761025674685585
15551,0.9973364217470628
15552,0.9994944675229713
15553,0.9321458013447029
15554,0.9993483104990832
15555,0.9999720421209717
15556,0.9998715672682005
15557,0.9993051811721377
15558,0.9999920659525683
15559,0.9468459414299701
15560,0.9992689744442063
15561,0.9999909502835672
15562,0.9894806776358058
15563,0.9999907661927104
15564,0.9941727669783
15565,0.9997808344165641
15566,0.6375484502779893
15567,0.999949498012933
15568,0.9999196243065805
15569,0.9076956989710576
15570,0.9999263237539011
15571,0.9637505036174432
15572,0.9999992805448338
15573,0.9919304701161004
15574,0.9811673301055711
15575,0.9944610322933786
15576,0.9999590732507717
15577,0.9985579838522426
15578,0.995594231781618
15579,0.9959147684267519
15580,0.990613286797027
15581,0.9998639638130591
15582,0.984843969069378
15583,0.9999050103095605
15584,0.9963202438666494
15585,0.9999428628537644
15586,0.9466886665809661
15587,0.9988097186270175
15588,0.9568517188765016
15589,0.999937869156207
15590,0.762615006124571
15591,0.9832322198498874
15592,0.9998360018621187
15593,0.9978833401274307
15594,0.30010151649876116
15595,0.994736624876062
15596,0.9999604204517801
15597,0.9999574371004434
15598,0.9988358727879455
15599,0.9867660032065056
15600,0.9997800554086015
15601,0.41243631057486563
15602,0.9274900842394054
15603,0.9996864160701165
15604,0.9996461062190538
15605,0.9994426723546589
15606,0.9981387992409115
15607,0.9994840342322797
15608,0.9846428660049867
15609,0.7835775577367765
15610,0.9973522300610997
15611,0.9994301769397612
15612,0.9975626334659228
15613,0.9831857598250721
15614,0.999935769386971
15615,0.9490047390911658
15616,0.9999526729667465
15617,0.999794938285013
15618,0.9973341753123697
15619,0.999148140807272
15620,0.9922831201321024
15621,0.9997137166931134
15622,0.8512073951890748
15623,0.9943259730817343
15624,0.9995119423496853
15625,0.9990801868148734
15626,0.9953949551810398
15627,0.9975255908257381
15628,0.9995126586796685
15629,0.9856660293701917
15630,0.9654048309232013
15631,0.9981546344174407
15632,0.6393163578950134
15633,0.9993904713637696
15634,0.9918459744509607
15635,0.9610374378069557
15636,0.9999825203492704
15637,0.98634989921426
15638,0.9937340141647015
15639,0.9953774331937212
15640,0.999977604210396
15641,0.9935825799557756
15642,0.9907973679905973
15643,0.9871648724713102
15644,0.9992968287496208
15645,0.9998954034330718
15646,0.9994541318221122
15647,0.9966650156936111
15648,0.9999902056163013
15649,0.9959941034014508
15650,0.2505118366403069
15651,0.9840720631028651
15652,0.040937112802582956
15653,0.9973779089203477
15654,0.9996733999367201
15655,0.9986420611089543
15656,0.9394858929449629
15657,0.9987258527306219
15658,0.9949667128642876
15659,0.9999643325988554
15660,0.9965671045461306
15661,0.9993007867300571
15662,0.9808429463546683
15663,0.993629790678339
15664,0.9899718880562026
15665,0.999754116096894
15666,0.999276574034193
15667,0.9998864708900619
15668,0.9987923089288708
15669,0.978360472213082
15670,0.999998511757263
15671,0.999951158653918
15672,0.9993911633240269
15673,0.9855136510484834
15674,0.364278603595404
15675,0.9995220439930006
15676,0.9527414075941414
15677,0.892294465610207
15678,0.9984561922611435
15679,0.9998042940703026
15680,0.9819562338748175
15681,0.9999594769004534
15682,0.9999297679621345
15683,0.8905082924219986
15684,0.9996201363669662
15685,0.9283558529783135
15686,0.9988597358087461
15687,0.9998745927896474
15688,0.9957742297217198
15689,0.9996650281980222
15690,0.9817127790432996
15691,0.9983704005334367
15692,0.9324087130513348
15693,0.9998613527216833
15694,0.9998765331949742
15695,0.9993381392970448
15696,0.9997641377371084
15697,0.9917288582050522
15698,0.9931598281089808
15699,0.999894538663172
15700,0.9978092529280618
15701,0.9989484513453676
15702,0.9991690154562286
15703,0.9304650261513903
15704,0.9980596005873815
15705,0.9999735059638584
15706,0.9858936762797293
15707,0.9999828375887222
15708,0.9963421612209722
15709,0.9994946377716414
15710,0.994808707710536
15711,0.9992315345845161
15712,0.9999667442623887
15713,0.9998467917515802
15714,0.9720602625376625
15715,0.9988436415397762
15716,0.9996586631308316
15717,0.9908390061412444
15718,0.9999802851946755
15719,0.9986144509812701
15720,0.9988695792198625
15721,0.9884214964326329
15722,0.9899193995001538
15723,0.9999736750752387
15724,0.9989968893233423
15725,0.997614247801797
15726,0.9999827111913854
15727,0.8717768730196813
15728,0.9569328947979338
15729,0.6064484268410507
15730,0.998358013357728
15731,0.9991324048203282
15732,0.9841835968913042
15733,0.9999883640010141
15734,0.9839539329788731
15735,0.9999462883922462
15736,0.9989067048963254
15737,0.9744699410105675
15738,0.9993536970334409
15739,0.9999948298435836
15740,0.999975039641078
15741,0.9583867943729711
15742,0.9999672567359739
15743,0.9998315040637643
15744,0.9996816922506628
15745,0.8424842234038359
15746,0.999998267452721
15747,0.9954490446048457
15748,0.9029553704356202
15749,0.999625027466148
15750,0.9637454413994009
15751,0.9995828031916077
15752,0.9920982805400667
15753,0.9999694772665824
15754,0.9996555809523745
15755,0.9810557255410648
15756,0.9986910918728943
15757,0.9990136252472914
15758,0.999641410627084
15759,0.9906823250294587
15760,0.9850724910493774
15761,0.9999761807342046
15762,0.9970686306383023
15763,0.9984532058248834
15764,0.8719958329946186
15765,0.961797569660961
15766,0.999928837258708
15767,0.9984448238625225
15768,0.9998810908180162
15769,0.999528443028235
15770,0.9990147300731176
15771,0.9999285341026746
15772,0.9993315138451796
15773,0.9999747130245905
15774,0.9768070859343251
15775,0.9998455425381211
15776,0.9983400772543363
15777,0.9992609211488974
15778,0.9928498104208526
15779,0.8194218972311021
15780,0.9602282619148721
15781,0.9999320323057885
15782,0.828920280594908
15783,0.977684868702596
15784,0.9708330537456171
15785,0.9999194305839632
15786,0.9999878437184448
15787,0.9957480552825984
15788,0.9988243275192068
15789,0.9997220756902971
15790,0.9871341291985791
15791,0.9999880083156036
15792,0.9997360153749969
15793,0.9998833453355542
15794,0.9998822880260384
15795,0.9756791754257308
15796,0.9725617127786751
15797,0.2887731770419269
15798,0.9998731429627745
15799,0.9992719819598572
15800,0.9999988211778943
15801,0.9979462623265776
15802,0.9999591054286222
15803,0.9622899853506311
15804,0.9999846954402934
15805,0.9982593805686334
15806,0.9998391816303008
15807,0.9997356405486885
15808,0.9989650277660959
15809,0.9999100592790101
15810,0.9931148649255392
15811,0.9720006922025373
15812,0.9985639286600301
15813,0.9999679713908067
15814,0.999907937780928
15815,0.9993604978624243
15816,0.9969307137808233
15817,0.9999790031074208
15818,0.9973785972176923
15819,0.9999906934447291
15820,0.999635079110395
15821,0.9993810979080389
15822,0.9988203616597746
15823,0.9943329813937336
15824,0.9998737407418795
15825,0.9902770077960121
15826,0.9999324118049407
15827,0.9952436092012412
15828,0.9994716399034511
15829,0.9990694840908535
15830,0.9540539121513861
15831,0.9448657180603159
15832,0.9999983936660776
15833,0.9994689163567175
15834,0.8499499803377325
15835,0.999580157718463
15836,0.9992035680699601
15837,0.9988044394439196
15838,0.9996313371371778
15839,0.9991832004390927
15840,0.9948470834595139
15841,0.9993086527624645
15842,0.9999351680098288
15843,0.9987531710670291
15844,0.9995532484218286
15845,0.9994044653704313
15846,0.9995652170021975
15847,0.990144987623767
15848,0.9471817375668758
15849,0.9975783674669004
15850,0.9966145019885898
15851,0.9994354918624947
15852,0.9910940719591574
15853,0.9980066778017671
15854,0.999210517773997
15855,0.996607157912364
15856,0.9999521035498924
15857,0.9262785552155172
15858,0.9999194686424733
15859,0.9998970513061635
15860,0.9963806090838679
15861,0.9971867789217086
15862,0.9993733729913163
15863,0.26711449366586876
15864,0.9843342987022723
15865,0.8619002245148174
15866,0.9999492044988365
15867,0.9998278229281088
15868,0.9999693123831743
15869,0.997916897214643
15870,0.9937952400245323
15871,0.99597033435044
15872,0.9999773651170727
15873,0.9998664806092654
15874,0.9995695622179901
15875,0.973810897065371
15876,0.9928898423867557
15877,0.9989379990633825
15878,0.999930724396897
15879,0.9124617156365771
15880,0.999914239357515
15881,0.9999531367012519
15882,0.9949223502540834
15883,0.9997500623290887
15884,0.5832552922041105
15885,0.999914063269168
15886,0.9993460885813071
15887,0.999962919078979
15888,0.9791507267503312
15889,0.32580146813788874
15890,0.5901249548557069
15891,0.999988539944924
15892,0.9886699019983433
15893,0.999907516746066
15894,0.9999905385349868
15895,0.9993982617734207
15896,0.8117351022901882
15897,0.9996348396490768
15898,0.9560279149632614
15899,0.9999741211531592
15900,0.9997162229507327
15901,0.9914635175339377
15902,0.9999370407103435
15903,0.9997532779883826
15904,0.9992873015911877
15905,0.991693239660734
15906,0.999943860128366
15907,0.9993694704778034
15908,0.9999927670328558
15909,0.9900954416994737
15910,0.9811933191221808
15911,0.9980131926094641
15912,0.9998068652913109
15913,0.9889443361364127
15914,0.9999367170973281
15915,0.9999864605521069
15916,0.9992925973644828
15917,0.9703764911381239
15918,0.25550334030589905
15919,0.9461039239296477
15920,0.997917845682188
15921,0.9999327067446832
15922,0.9999709903031515
15923,0.999714594767061
15924,0.9998280030703505
15925,0.9996830490894493
15926,0.9967953524065069
15927,0.999923243493258
15928,0.9999907639116298
15929,0.9952855462218961
15930,0.9231704745817075
15931,0.9993139138488117
15932,0.993163649047218
15933,0.9999146279983135
15934,0.9985544768810031
15935,0.7989685145199137
15936,0.9871758939809521
15937,0.97609392089021485
15938,0.9838287064187484
15939,0.9931048597812479
15940,0.9996441261244261
15941,0.9901610212975979
15942,0.990127426785333
15943,0.99499298365302
15944,0.897154246089801
15945,0.9954865045191529
15946,0.9838020794556651
15947,0.9997818693250698
15948,0.9992474903466141
15949,0.05825676451596891
15950,0.053473716896000854
15951,0.9998545743783108
15952,0.9999138876257948
15953,0.9997267129531743
15954,0.9961915834088997
15955,0.8056167851849476
15956,0.9993266162793494
15957,0.999785178630499
15958,0.9986277654431072
15959,0.999702182831671
15960,0.9993401424464188
15961,0.9980891534665951
15962,0.9995315581551831
15963,0.9999846247649472
15964,0.9988319766680317
15965,0.3030079951162562
15966,0.9903591667766823
15967,0.9224242836171566
15968,0.999783815527444
15969,0.991809595712722
15970,0.999969497177153
15971,0.994435842857907
15972,0.9999755894309458
15973,0.9999842314428867
15974,0.999445054978165
15975,0.5737000142405061
15976,0.9992907903218753
15977,0.9934574604684419
15978,0.9951114013854319
15979,0.9916125198223155
15980,0.9998819604983172
15981,0.9984201406275909
15982,0.9999882681817768
15983,0.9999333500117048
15984,0.9998534750000722
15985,0.9999774597350659
15986,0.9999833927071924
15987,0.9181201434259918
15988,0.9999989135999956
15989,0.99995625336933
15990,0.999372444022549
15991,0.8436362421816954
15992,0.9834582228814376
15993,0.11107327216649598
15994,0.9993336222302269
15995,0.9950778310507078
15996,0.9994802549297654
15997,0.9999614759556701
15998,0.9995331868289685
15999,0.9999794947842693
16000,0.9714982862136482
16001,0.9975366873270365
16002,0.9949964220442405
16003,0.9985006698507274
16004,0.5161388386315405
16005,0.9961683104500676
16006,0.9997847699168632
16007,0.9998285033792828
16008,0.9967072715765549
16009,0.9718414689824891
16010,0.9988890564019709
16011,0.9989171210406704
16012,0.7445241737540026
16013,0.9987372265785003
16014,0.9971417675790267
16015,0.9987538955783827
16016,0.9853414335837812
16017,0.9988048747497994
16018,0.9995138970917081
16019,0.9989381827928387
16020,0.997988666422168
16021,0.9997189060834857
16022,0.9991143788798937
16023,0.9601705006644916
16024,0.9997904409154286
16025,0.9759350399897674
16026,0.9998883885114019
16027,0.9996030097378276
16028,0.9977690561552436
16029,0.9998133989237057
16030,0.9965397909559032
16031,0.9961366846274495
16032,0.9999904760392999
16033,0.9988733334905737
16034,0.9687966763688128
16035,0.9992227949966175
16036,0.9998419950779758
16037,0.9360492059196382
16038,0.9999985067859432
16039,0.9996779932628558
16040,0.9963356604809516
16041,0.9507720845709551
16042,0.998647155715167
16043,0.16680215672389573
16044,0.9890559477648431
16045,0.9997325542582536
16046,0.9971903170618097
16047,0.5182460657005372
16048,0.9803959350572171
16049,0.9999756389911353
16050,0.9983924328170025
16051,0.9974043141814769
16052,0.9856234736337387
16053,0.9970427955951622
16054,0.7603986255751322
16055,0.9999522440707143
16056,0.5756026629877857
16057,0.996366217928434
16058,0.9999946221469997
16059,0.9550728562661553
16060,0.9493990640940918
16061,0.9999832690352678
16062,0.9999030986397699
16063,0.9993045394887821
16064,0.9925059430845281
16065,0.9989395654099398
16066,0.9941707100462651
16067,0.9390489322201415
16068,0.9998498546277987
16069,0.9996008253066428
16070,0.9552893906371891
16071,0.9999728337326679
16072,0.9994475539257994
16073,0.999232605842676
16074,0.9613089730501558
16075,0.9855359211205061
16076,0.9629445426317931
16077,0.9971653162319345
16078,0.9979931890135078
16079,0.947809724444172
16080,0.04237046561077304
16081,0.9477633482723784
16082,0.8755629841363329
16083,0.9984574579409137
16084,0.24593687004622755
16085,0.9554651639892147
16086,0.8610424512310253
16087,0.9996925757819718
16088,0.9998940394587704
16089,0.9999443463944714
16090,0.998480017132717
16091,0.9995348046941401
16092,0.9999087668735122
16093,0.9992342703576214
16094,0.9999241635166366
16095,0.9998095836236515
16096,0.9990059335341304
16097,0.9944328857122855
16098,0.9958531460039192
16099,0.9961104996682741
16100,0.9998964921368165
16101,0.9994910202398386
16102,0.9646188475508051
16103,0.9998743284797922
16104,0.05256156795554818
16105,0.9513707331464
16106,0.9987730826557467
16107,0.9999738948461875
16108,0.9997117464239459
16109,0.9990422483083287
16110,0.9890670851688268
16111,0.9994769829407306
16112,0.9999757450115072
16113,0.26586745557246627
16114,0.9992709363543418
16115,0.9999913657301919
16116,0.9951999752994102
16117,0.9992795074753621
16118,0.9999527672227392
16119,0.9999161458036215
16120,0.9999471460169799
16121,0.9926118305219952
16122,0.9994042043639454
16123,0.9989247630551733
16124,0.9992785972639909
16125,0.9295499475050214
16126,0.9999779731008196
16127,0.9920626656634852
16128,0.9885755300599223
16129,0.9999908209626582
16130,0.994258379077582
16131,0.9999870910089519
16132,0.3329921163164991
16133,0.801850813165456
16134,0.9901142566502764
16135,0.999965222629012
16136,0.9980689817757119
16137,0.7287810383589111
16138,0.9808698085975606
16139,0.9999295890410677
16140,0.9995389208073509
16141,0.9789930748276204
16142,0.9989348694452307
16143,0.9999364958880534
16144,0.9245414303953848
16145,0.9970302176403073
16146,0.9998104237942477
16147,0.9945104460526616
16148,0.950798239945151
16149,0.9998828765913909
16150,0.9998669197629207
16151,0.9992582196741383
16152,0.9954307052165662
16153,0.9997574640339975
16154,0.9976077123561627
16155,0.994787231068298
16156,0.9987074054508096
16157,0.9999674533360744
16158,0.8185423803980644
16159,0.9956904632356023
16160,0.9979262275793803
16161,0.9990523133481093
16162,0.9322378819453693
16163,0.9985542757080752
16164,0.9998613510601343
16165,0.9999519270940493
16166,0.9991826806510626
16167,0.9991778859298093
16168,0.9996430948938896
16169,0.999739807009914
16170,0.9978928260367326
16171,0.9954307052165662
16172,0.996980644360409
16173,0.8755045660950503
16174,0.9985942792921262
16175,0.9990357542789436
16176,0.5820042314822109
16177,0.9999701401397186
16178,0.9995946414851772
16179,0.9993906488920602
16180,0.9211701722576725
16181,0.9997563219221024
16182,0.999683424231461
16183,0.9966690307008598
16184,0.9940484682167261
16185,0.9962031509062275
16186,0.9994011748508028
16187,0.8087888755201703
16188,0.9984356949691315
16189,0.9999604501986126
16190,0.9987208410897619
16191,0.9793169305854522
16192,0.9999156313453476
16193,0.9990761271918042
16194,0.9999625555265789
16195,0.993420700306505
16196,0.9982149154497142
16197,0.998726357709791
16198,0.015653582178373638
16199,0.7926884196631006
16200,0.9997791081975693
16201,0.997311496940034
16202,0.7459771996200347
16203,0.8343914284359085
16204,0.9993984849857537
16205,0.9652855181924564
16206,0.9993713140672329
16207,0.9999935837344082
16208,0.9999712383431224
16209,0.9999957626195307
16210,0.9811838507453566
16211,0.9998419793244797
16212,0.9988318960421103
16213,0.9951261238495653
16214,0.9991889233475836
16215,0.9866807173788442
16216,0.9750449520996584
16217,0.999568452121037
16218,0.9396931072972279
16219,0.9666437310203183
16220,0.9991504530734544
16221,0.999977350167739
16222,0.9994337824072129
16223,0.23813649158271832
16224,0.9966418476112098
16225,0.9999627539280647
16226,0.9857777826085268
16227,0.9998122587838805
16228,0.9999506450954092
16229,0.9999599267675942
16230,0.348797945463554
16231,0.9950168612683582
16232,0.9992232247668448
16233,0.9856606485742017
16234,0.999950482950329
16235,0.8859735576082061
16236,0.9999645047602747
16237,0.9999717411057445
16238,0.9232957317894882
16239,0.992796399893359
16240,0.9997230744127285
16241,0.8436362421816954
16242,0.9929824744871595
16243,0.9998619719491
16244,0.9975537429418813
16245,0.9998345144219742
16246,0.9984453222404911
16247,0.9994480785456412
16248,0.9999620208512835
16249,0.99615838347916
16250,0.9999347152315591
16251,0.9998635619178711
16252,0.9977158916835559
16253,0.9996553057854433
16254,0.9972926251151273
16255,0.9999913842473204
16256,0.9999131186203538
16257,0.9999902109347475
16258,0.9999592792475096
16259,0.9871210654315623
16260,0.9985986065317409
16261,0.9947140147310795
16262,0.89111910746452
16263,0.942238629351214
16264,0.9982138834527938
16265,0.9926823415266899
16266,0.9998896525028
16267,0.9841634585167852
16268,0.9990688331034306
16269,0.9992457322150116
16270,0.9975466828312671
16271,0.9853828376689399
16272,0.9997209236049003
16273,0.9535658324677015
16274,0.9998853566253357
16275,0.9995448373133288
16276,0.9994117501748558
16277,0.999772012930074
16278,0.9999185811220682
16279,0.9999821830246589
16280,0.8921973650801938
16281,0.9761943019579127
16282,0.999932898765434
16283,0.9972385697843784
16284,0.9948688994557663
16285,0.9610887186840855
16286,0.624503914147693
16287,0.9982333198943223
16288,0.9951114013854319
16289,0.9976644220648889
16290,0.9999434958410884
16291,0.9999457995680328
16292,0.9999685052430555
16293,0.9996770686556565
16294,0.9999272728827432
16295,0.9999979561933563
16296,0.9994656238033398
16297,0.9998841798565519
16298,0.9999104449578282
16299,0.9830242847477366
16300,0.9959571958744696
16301,0.9959935419534466
16302,0.9989991999107699
16303,0.9989013761077806
16304,0.9777780604393356
16305,0.9996469644461493
16306,0.9995631234597471
16307,0.9737286193371765
16308,0.9569010741753385
16309,0.999106823767344
16310,0.9964636010095309
16311,0.1473012116323954
16312,0.9016486234086484
16313,0.9980059553307676
16314,0.12029703322941789
16315,0.9616628646898981
16316,0.9936474256270993
16317,0.9999825289724342
16318,0.9907950643324357
16319,0.9997808614964295
16320,0.999943603772252
16321,0.9932091546937692
16322,0.9909230501540099
16323,0.9982527182114461
16324,0.9731476546815909
16325,0.9992907614641873
16326,0.9963117973196316
16327,0.9999938280064387
16328,0.9999863584092167
16329,0.9999467836473106
16330,0.9542515898509204
16331,0.9871795276694133
16332,0.9777063036435707
16333,0.9999332900038828
16334,0.9489373136491448
16335,0.9663027941977855
16336,0.999787804109232
16337,0.9994839064212824
16338,0.9781592321453227
16339,0.9999024682996871
16340,0.24019749507109278
16341,0.9999729405236603
16342,0.9962401028701989
16343,0.919967366347457
16344,0.999958005433296
16345,0.9999659200151151
16346,0.9999420784997978
16347,0.8816287222877789
16348,0.9914295774959467
16349,0.999977350167739
16350,0.9722885196984713
16351,0.9959123077697124
16352,0.9961729360802283
16353,0.8580732909962329
16354,0.9996870169930747
16355,0.6846461262951927
16356,0.9861494792870664
16357,0.9975141776758908
16358,0.9827294931600822
16359,0.999988340294697
16360,0.9971968966852104
16361,0.9969302123480557
16362,0.9785938515533413
16363,0.9997300948080773
16364,0.7811361887233714
16365,0.9991367024447715
16366,0.9999531832740041
16367,0.99991169862068
16368,0.9976528040067113
16369,0.9995829009625137
16370,0.9999057200818259
16371,0.7063307589911586
16372,0.999968051643822
16373,0.9999146889840139
16374,0.9999590852599896
16375,0.9974016911004867
16376,0.9999466821309645
16377,0.9960429600328414
16378,0.9999013121858736
16379,0.9999413651992579
16380,0.9999916342858267
16381,0.9999821275755963
16382,0.9999828641104149
16383,0.9999666386412333
16384,0.9979019723990449
16385,0.9999622718778921
16386,0.9988661795242527
16387,0.1910478624081264
16388,0.977587832050947
16389,0.99997523000231
16390,0.9987068728511942
16391,0.8864630407992029
16392,0.9755016657912549
16393,0.9375497026675644
16394,0.9999658836896377
16395,0.9843082500695003
16396,0.9989878133082726
16397,0.9999132810417043
16398,0.9999666126622421
16399,0.9979454031018372
16400,0.9999991455379634
16401,0.9999240214654362
16402,0.9999861452352504
16403,0.9965271186400819
16404,0.9993844075767834
16405,0.259600846679372
16406,0.9984409697490254
16407,0.9999134559614511
16408,0.9973580926206518
16409,0.9945494422888842
16410,0.9587801320637552
16411,0.9949631804802422
16412,0.9998095660506416
16413,0.998251782281689
16414,0.9802498432569632
16415,0.9996774138592379
16416,0.9984401894000744
16417,0.9998930380528397
16418,0.9974014698140093
16419,0.9993772132237492
16420,0.7832943331184231
16421,0.9971717818414262
16422,0.9998720995075093
16423,0.9999588247624228
16424,0.7091161157563375
16425,0.9998589413720864
16426,0.9624684670945809
16427,0.9987273362261379
16428,0.9992432299882658
16429,0.9999518062286492
16430,0.9992607375717919
16431,0.8415647462223973
16432,0.8594006859435737
16433,0.9974594031427347
16434,0.9998003388708226
16435,0.9326999809424233
16436,0.1419666291505648
16437,0.9975865168301307
16438,0.9997978316847297
16439,0.9982040273490628
16440,0.9999663705714009
16441,0.9996300541274742
16442,0.9999914460068301
16443,0.989456893468366
16444,0.5350784639287509
16445,0.999995838034588
16446,0.9996511743484541
16447,0.9998204016119457
16448,0.9999647643251597
16449,0.9968221017877584
16450,0.9542013672058297
16451,0.9996802683397082
16452,0.9754846517746694
16453,0.9997991123660881
16454,0.9523171245168446
16455,0.9999248018996479
16456,0.9999193947795415
16457,0.9956421398870223
16458,0.9983407640557285
16459,0.9986767758252957
16460,0.9999470019623824
16461,0.9987019132094872
16462,0.9999432350620189
16463,0.9999613983819156
16464,0.7807046320253048
16465,0.9975523155836036
16466,0.9999740850730164
16467,0.9998161115881132
16468,0.811995776919765
16469,0.9995915787869001
16470,0.9990872980254928
16471,0.99992063998612
16472,0.9999523628903405
16473,0.9983624926776264
16474,0.999633303039449
16475,0.05647442312817712
16476,0.9771712126699632
16477,0.9999921909362752
16478,0.9986062610524316
16479,0.9997387532585225
16480,0.9999523506105241
16481,0.9808912836829939
16482,0.9999697186985157
16483,0.9999674017849857
16484,0.996093279522778
16485,0.5386986594575477
16486,0.9997704855257327
16487,0.9968306063143179
16488,0.9903753364058174
16489,0.9591275702454635
16490,0.9998826430251283
16491,0.9997071941183036
16492,0.9992176298167347
16493,0.9970341975213419
16494,0.9966062457649982
16495,0.9962350993001379
16496,0.9986517262276611
16497,0.9999965635042437
16498,0.9999357922541938
16499,0.9995189698605094
16500,0.9954349652696239
16501,0.9999907550561987
16502,0.8493118422091228
16503,0.9635491750098861
16504,0.9999568546843051
16505,0.999986242627023
16506,0.9999871687947063
16507,0.997687765053768
16508,0.9946850514054697
16509,0.9882676981342673
16510,0.9909221910166947
16511,0.9998905835734945
16512,0.99972997030757
16513,0.9999420451683559
16514,0.9853352893159895
16515,0.9992886735462886
16516,0.4147039994952101
16517,0.9981595874404106
16518,0.9679005076439499
16519,0.9999912630625419
16520,0.998328075022245
16521,0.9998590903576683
16522,0.9986349508095976
16523,0.9993517693977042
16524,0.999750310626156
16525,0.9994899767252631
16526,0.9948569908770056
16527,0.9884190342400259
16528,0.9999380716170974
16529,0.9990724414151163
16530,0.9998393385071785
16531,0.9992101635843527
16532,0.892502546851852
16533,0.8656921905405198
16534,0.9998416843294855
16535,0.9997638468963167
16536,0.9957759008169043
16537,0.9997317987176737
16538,0.998051481587863
16539,0.9996589611950197
16540,0.9995222879624486
16541,0.9971913161417758
16542,0.9738658575533782
16543,0.9963320497059911
16544,0.9994104834993515
16545,0.6992760336218549
16546,0.9973420433457563
16547,0.9975944798390002
16548,0.9994603911248926
16549,0.9999675920323201
16550,0.9765990204112143
16551,0.9993001331237046
16552,0.9854942555829224
16553,0.9995681824608615
16554,0.9992874432471867
16555,0.9830617942700081
16556,0.999798563064741
16557,0.9997153071193716
16558,0.1621368886637961
16559,0.9400464701779198
16560,0.9999342428061149
16561,0.9992554892906669
16562,0.9574884917475454
16563,0.9970070541278382
16564,0.9890806365435292
16565,0.9925556293346336
16566,0.9928816640109362
16567,0.9999848312899756
16568,0.9813523130797778
16569,0.9996848172438074
16570,0.999988231218443
16571,0.9988725248936142
16572,0.9999928267516068
16573,0.999953399713685
16574,0.9994530035410919
16575,0.9555689142705284
16576,0.9991596651894311
16577,0.9993621292234086
16578,0.9821644091217122
16579,0.9992570553832385
16580,0.9999890727486223
16581,0.9956828656305947
16582,0.9971859000104757
16583,0.9997326856943083
16584,0.9999508254074152
16585,0.9999633925464618
16586,0.9989453928556631
16587,0.9999688338116965
16588,0.3842262366383412
16589,0.9940561414829725
16590,0.6484375291810683
16591,0.9982871389068871
16592,0.9997517053571275
16593,0.8251844714991511
16594,0.9970740726101263
16595,0.9999508513539684
16596,0.9877495440112253
16597,0.9994979155057968
16598,0.9713258752763558
16599,0.9999471143204087
16600,0.9999050826061313
16601,0.9224687870710601
16602,0.9997259308604052
16603,0.9953428671929581
16604,0.999919060665849
16605,0.9992606983997709
16606,0.999076679944128
16607,0.9999098858607258
16608,0.9999912168991448
16609,0.9993228131493941
16610,0.999833572482563
16611,0.8685430929510034
16612,0.9995145024349759
16613,0.999332619507438
16614,0.9998149351917475
16615,0.9780178418275335
16616,0.9860490765305598
16617,0.9990178233806664
16618,0.9999632266492184
16619,0.9996047423300769
16620,0.9993408214404985
16621,0.9999658102672935
16622,0.994097476210219
16623,0.9999544342181849
16624,0.9999532124070248
16625,0.9956405896805401
16626,0.9754352077101905
16627,0.9955615428563311
16628,0.9893289862176381
16629,0.9999775445913164
16630,0.9985997829891591
16631,0.9853157395469025
16632,0.9999587855228879
16633,0.941435249913493
16634,0.9915382223017
16635,0.9987231750006973
16636,0.9916458235597195
16637,0.9999840771323544
16638,0.9752408732303447
16639,0.9996857967905536
16640,0.9999863250101398
16641,0.9997823056875832
16642,0.8154823003072749
16643,0.9994350538268675
16644,0.415598799343201
16645,0.9999972969183507
16646,0.8004205044232879
16647,0.9993928444918192
16648,0.9996136591386149
16649,0.9998297928329328
16650,0.9988448170350948
16651,0.4338709641227609
16652,0.9999808366148873
16653,0.9579383143027431
16654,0.999841487277947
16655,0.9906754103719309
16656,0.9970869557695061
16657,0.9990423585789873
16658,0.9998280349697636
16659,0.9999829474253115
16660,0.9987645603655609
16661,0.9998838920599652
16662,0.9972572796681148
16663,0.9950076696045816
16664,0.9996469102909089
16665,0.9854836259843881
16666,0.9999641919648493
16667,0.9999667995298583
16668,0.8943904715765442
16669,0.9937355866983532
16670,0.999198302651198
16671,0.9991945151230173
16672,0.9999286717415088
16673,0.9993566053517274
16674,0.7266254790991398
16675,0.999067307365958
16676,0.999989201556101
16677,0.9989663647457585
16678,0.9978203049653313
16679,0.999974477430376
16680,0.9971085613084998
16681,0.9999624608788084
16682,0.9997638807601706
16683,0.9864633018547855
16684,0.9735689266293501
16685,0.9978551517442243
16686,0.11038271594107368
16687,0.99977758760126
16688,0.99520816136157
16689,0.9929099447848453
16690,0.975814690593368
16691,0.9592680963432645
16692,0.9622053059040365
16693,0.9966937325408399
16694,0.9526584943116777
16695,0.9999586359550304
16696,0.921017515651955
16697,0.9723176157055603
16698,0.9999550664394385
16699,0.9629187944210793
16700,0.9996542831230527
16701,0.9984331065198879
16702,0.9998881975997466
16703,0.9858414609019347
16704,0.32153254012707927
16705,0.9988243731054595
16706,0.9983501800779739
16707,0.9472925675652363
16708,0.9883238856509674
16709,0.9993348059481746
16710,0.9999899292984875
16711,0.999645447927435
16712,0.998635853098399
16713,0.9997684886561556
16714,0.9988367261807809
16715,0.32887764499324473
16716,0.9980448482629111
16717,0.9996923844299266
16718,0.9972981714059906
16719,0.9927184268786506
16720,0.9619941993039643
16721,0.5457591323164214
16722,0.9839959906592506
16723,0.9979184811875365
16724,0.9314825954149698
16725,0.9997680256740903
16726,0.14946309869270638
16727,0.9956364933528616
16728,0.999521934849972
16729,0.99521928226495
16730,0.9999804134826866
16731,0.9960523271981416
16732,0.9999307412688638
16733,0.9999023562911313
16734,0.9908095384761088
16735,0.9999409567920041
16736,0.9993893363045984
16737,0.9981658022641587
16738,0.8636964073598832
16739,0.9998724465254956
16740,0.9949197572024999
16741,0.9991897108429465
16742,0.999994325261515
16743,0.9994180309478191
16744,0.9999691902454243
16745,0.9998384628203985
16746,0.9999707871688098
16747,0.9996783822553675
16748,0.05393045280710836
16749,0.8834296405287461
16750,0.8236214574828353
16751,0.9998658684624366
16752,0.9999848047900307
16753,0.9999466551806139
16754,0.9997053263029515
16755,0.9999814381043186
16756,0.9992090986416405
16757,0.9992906188261858
16758,0.9993303578821292
16759,0.9999654754349335
16760,0.4451562617660303
16761,0.9997089796997232
16762,0.689970737608728
16763,0.632457122570577
16764,0.9993465417440863
16765,0.9982468322173492
16766,0.7784880629638313
16767,0.9999215142949645
16768,0.995961411594394
16769,0.9999545679727314
16770,0.9988585744966536
16771,0.9845425967400473
16772,0.9850605258067683
16773,0.9630690343097358
16774,0.9999192313582415
16775,0.9989478913977368
16776,0.9960659787047602
16777,0.9421786961830819
16778,0.9996791000920279
16779,0.8950754338284687
16780,0.9971224469544725
16781,0.9999122076766
16782,0.9998665991645481
16783,0.995438703726969
16784,0.9999416007557943
16785,0.9999658733781922
16786,0.999962204243027
16787,0.9988852908579683
16788,0.9999539187331191
16789,0.9995060409088142
16790,0.9982322069180896
16791,1.9437930655584132e-4
16792,0.9985233166643825
16793,0.9935691783269157
16794,0.9836213044179238
16795,0.9999981843106239
16796,0.9879590591903565
16797,0.979846527041733
16798,0.9336176518363186
16799,0.9998635442934014
16800,0.9713216921910531
16801,0.996884986175593
16802,0.9993411102109452
16803,0.999943387068996
16804,0.9992041611753288
16805,0.9999359487043017
16806,0.9999595235127533
16807,0.9629808626118797
16808,0.9991976187505662
16809,0.9999069613832354
16810,0.8181270241924761
16811,0.9958170784791212
16812,0.9972811773983034
16813,0.9977544011817373
16814,0.9999838399823242
16815,0.9999726208376283
16816,0.9999838145755308
16817,0.9991498028779978
16818,0.9978610912464495
16819,0.9996472795970192
16820,0.9998125607844647
16821,0.9993194718789115
16822,0.9999936726066836
16823,0.9993941553660335
16824,0.9998859805467801
16825,0.9987243554909632
16826,0.9993551460467763
16827,0.925589139042748
16828,0.9919382143445902
16829,0.9997306794988291
16830,0.9999577178518299
16831,0.9584023335234365
16832,0.9999707810160983
16833,0.9999459384155319
16834,0.9310706063614116
16835,0.6501598567437935
16836,0.998817143186159
16837,0.9986922707214237
16838,0.9999989154281382
16839,0.997577569671153
16840,0.9995778058223007
16841,0.9995630318173169
16842,0.9980364482604164
16843,0.9622735862476905
16844,0.9995762984842514
16845,0.9999884214113424
16846,0.9738998901929949
16847,0.9645710167074356
16848,0.9997850972850217
16849,0.99722500194822
16850,0.9968123029008534
16851,0.99997218983272
16852,0.9997896927897091
16853,0.9904599311706805
16854,0.7784529956992097
16855,0.9995957787072377
16856,0.9964727864097572
16857,0.9776088584512265
16858,0.9924202833908266
16859,0.9952453008104024
16860,0.9998769648170889
16861,0.9969223523500326
16862,0.9992566232870481
16863,0.9981003100146009
16864,0.9999796857709194
16865,0.9999983446450292
16866,0.9997381769327901
16867,0.9996330464587934
16868,0.9976892445076596
16869,0.9995622146098122
16870,0.9988888280267313
16871,0.9998159738645658
16872,0.9997361132515887
16873,0.9991468762982421
16874,0.9978029961671916
16875,0.9998631301602778
16876,0.9998484531204218
16877,0.9503160568847293
16878,0.9998310861979994
16879,0.646510773804535
16880,0.9998367156353013
16881,0.9277034582745589
16882,0.9999851030909657
16883,0.9998451577162814
16884,0.9999895488823101
16885,0.9996776190538943
16886,0.9998007325902147
16887,0.9973109206434123
16888,0.999989972198341
16889,0.9725863425428625
16890,0.99680602632551
16891,0.998817143186159
16892,0.9998367306093758
16893,0.9990894776416461
16894,0.9526920826866366
16895,0.9098488626817431
16896,0.9945673033570098
16897,0.9999972846538058
16898,0.8985241479877437
16899,0.9999035439900497
16900,0.99909947072235
16901,0.999372867247261
16902,0.9808253690966267
16903,0.9915008530789243
16904,0.9730737080169978
16905,0.998072340561076
16906,0.9999729858226017
16907,0.993295828721852
16908,0.9740317804159839
16909,0.9152495810645768
16910,0.9950880432201011
16911,0.9998933867602016
16912,0.9147332142080404
16913,0.9973874461129967
16914,0.9999952085457866
16915,0.9498799760580892
16916,0.9988778880643688
16917,0.9999912878950775
16918,0.99726965658728
16919,0.9844322899350786
16920,0.9998935315147096
16921,0.9969448492176771
16922,0.9996787282678022
16923,0.9999693574195264
16924,0.9960523860406397
16925,0.999614141982531
16926,0.9999520543072945
16927,0.9957404700052246
16928,0.9997055113752654
16929,0.9988013287529219
16930,0.999986092788139
16931,0.9999753933409727
16932,0.9961570070135812
16933,0.9223409589949043
16934,0.999972511877443
16935,0.9999785576388032
16936,0.8256975773471169
16937,0.9999566100190195
16938,0.9987038900459179
16939,0.999928199281677
16940,0.9982468322173492
16941,0.9999711521367555
16942,0.9597167107091812
16943,0.9998697603102944
16944,0.9999747439100748
16945,0.9998362530606552
16946,0.9999925665081374
16947,0.945497409777174
16948,0.9999277653778502
16949,0.9672278001524877
16950,0.9998383964201647
16951,0.901275441854791
16952,0.9173354216027809
16953,0.9997648119285243
16954,0.9996745500055814
16955,0.9978801899285861
16956,0.9997979777171124
16957,0.9992458208913934
16958,0.9987170059418495
16959,0.9997799342685294
16960,0.7555225236430607
16961,0.9998800728744365
16962,0.9999749428461353
16963,0.9997931280957822
16964,0.9981709358360208
16965,0.9999853500293264
16966,0.9961617228093989
16967,0.9995346047114222
16968,0.9840315642954516
16969,0.998734931994265
16970,0.9993759003294472
16971,0.9999856899915857
16972,0.8817327358873107
16973,0.9999777598727594
16974,0.9622134761926049
16975,0.9999863445817867
16976,0.9686556729462166
16977,0.9335381166820023
16978,0.9989818295790238
16979,0.9999345798766712
16980,0.9999605245730184
16981,0.9999816892356342
16982,0.999838269343372
16983,0.9999871897702033
16984,0.9145847484990297
16985,0.9998034233127077
16986,0.9999864251565781
16987,0.9963815533432333
16988,0.9880413523571524
16989,0.9996828031934847
16990,0.9964841428157073
16991,0.9987022625931214
16992,0.9998313185399457
16993,0.9521078722367097
16994,0.9992895272362512
16995,0.683362099993223
16996,0.946231398800283
16997,0.9998697252543434
16998,0.8009632862599464
16999,0.9927437145597978
17000,0.9999337763545518
17001,0.9972225980940412
17002,0.9998315830551914
17003,0.9958499120302173
17004,0.9593734635162551
17005,0.9986694763118998
17006,0.9855907973727219
17007,0.9776746847726361
17008,0.9999994680922152
17009,0.9999785131756652
17010,0.9985633803009089
17011,0.9994913106148297
17012,0.9998857717977523
17013,0.9755751393806098
17014,0.9999234514081347
17015,0.9784109424048791
17016,0.9999931303906607
17017,0.999947594851926
17018,0.999965365251396
17019,0.9802772074004331
17020,0.9973999955208179
17021,0.9999877014970062
17022,0.9999828083836583
17023,0.9997459759351455
17024,0.9980665236589783
17025,0.9999481398394285
17026,0.9999854792675439
17027,0.9999891813208944
17028,0.9989839863556578
17029,0.999942949383039
17030,0.9999790836643797
17031,0.990669410988092
17032,0.6394233418585824
17033,0.9999946202539371
17034,0.9993655562151246
17035,0.9999382415319001
17036,0.1579184739572781
17037,0.9996361025201226
17038,0.9850207638671988
17039,0.9994754379848975
17040,0.992305396575928
17041,0.9991943244566885
17042,0.9998589569304107
17043,0.9999164710151327
17044,0.9950578046851043
17045,0.955956406617906
17046,0.9998003930052948
17047,0.9987962947384643
17048,0.9983104412627716
17049,0.9920506846367081
17050,0.9996060789975834
17051,0.9392323926033742
17052,0.9994452744476675
17053,0.9993109774949932
17054,0.9999590210876591
17055,0.9996868287763
17056,0.9956348204208749
17057,0.9999951628953697
17058,0.9997818252165188
17059,0.9978802066923886
17060,0.9989761270622386
17061,0.97710897706291
17062,0.1560209697898646
17063,0.9784887127725801
17064,0.9997132245527359
17065,0.41524720528757575
17066,0.9999202803251135
17067,0.9324933667104973
17068,0.9996956489807567
17069,0.9999262676339346
17070,0.9990264046399764
17071,0.999955508525794
17072,0.9991319411609005
17073,0.9994713952674975
17074,0.9898814145289623
17075,0.9992941880208339
17076,0.9919279686815434
17077,0.9994940770980932
17078,0.9998437106433509
17079,0.9998696538103359
17080,0.020830803050405616
17081,0.9990079199214204
17082,0.9999530611467341
17083,0.9990711419037533
17084,0.9995336388062617
17085,0.9999963212811555
17086,0.9997473182750337
17087,0.9962321305664557
17088,0.9985908268973751
17089,0.9999630331492447
17090,0.9892905650408317
17091,0.9995760707585423
17092,0.9999968479085634
17093,0.6435880145920898
17094,0.999983532098707
17095,0.9996942774067994
17096,0.9992905255530592
17097,0.9905862291622274
17098,0.9768395666966488
17099,0.9977532040031971
17100,0.9993075613028538
17101,0.9775652666760004
17102,0.9824074915762642
17103,0.9999326601149535
17104,0.8496680002240395
17105,0.9867958741626129
17106,0.9995630729036307
17107,0.9999913526366746
17108,0.999977193769374
17109,0.9999718346392361
17110,0.998222687180488
17111,0.9999091271753451
17112,0.9999903298106863
17113,0.9875971285934494
17114,0.9989052385498359
17115,0.9669133689065238
17116,0.9998994222233049
17117,0.9999815491899062
17118,0.9971616905590331
17119,0.9988215124560619
17120,0.716642265115117
17121,0.9999947339438623
17122,0.9981789183190863
17123,0.9981975836156568
17124,0.572286751009168
17125,0.9989268091273791
17126,0.3679999374455293
17127,0.9999686818764908
17128,0.9510472536727425
17129,0.999363934816067
17130,0.9998951854505338
17131,0.9999444280732653
17132,0.9998395766398116
17133,0.967362479313648
17134,0.9997888845138102
17135,0.9898292451873137
17136,0.9998494465016642
17137,0.8276700858766181
17138,0.8977791683848352
17139,0.27611389305775064
17140,0.9966612778399792
17141,0.9614534170676112
17142,0.999846082766901
17143,0.9996076567992283
17144,0.8452436688804649
17145,0.9999514647813844
17146,0.9993133966670962
17147,0.9906523080687926
17148,0.994162554076497
17149,0.9973261502080789
17150,0.9990435254903549
17151,0.9999970905138162
17152,0.7826144121450319
17153,0.9999131816861726
17154,0.9972502996501496
17155,0.999895758834671
17156,0.30566874459256094
17157,0.9926098080554855
17158,0.9974263537245308
17159,0.9999260633642495
17160,0.998838090309082
17161,0.9999319588421641
17162,0.9993572967137646
17163,0.9999778833045135
17164,0.7914131440442621
17165,0.9991153870909469
17166,0.7908750699007192
17167,0.9919143664861155
17168,0.9999901660957017
17169,0.9999573978795482
17170,0.9996739865559381
17171,0.999081887854701
17172,0.9999277284514091
17173,0.9979617878145811
17174,0.9997598574086123
17175,0.99928324246868
17176,0.9953674015478213
17177,0.9969428523902367
17178,0.9999459313590228
17179,0.999964612174715
17180,0.9999986754430084
17181,0.9998513319165403
17182,0.9804089018686922
17183,0.9926619403974143
17184,0.9987318653628624
17185,0.9952973900938219
17186,0.9715487384964505
17187,0.9991292210529129
17188,0.9999544192002418
17189,0.9999954772297076
17190,0.9999161051984841
17191,0.9997000119088827
17192,0.9961199342033815
17193,0.9999236494780405
17194,0.9999444462681076
17195,0.9909830507437484
17196,0.99972554990925655
17197,0.999848286985181
17198,0.9930145742302253
17199,0.9999377125700155
17200,0.9784852995689358
17201,0.7475852103684959
17202,0.9461781931410572
17203,0.9860753545698466
17204,0.9999344466703743
17205,0.9998666552769261
17206,0.9985098710959939
17207,0.988127241164045
17208,0.9976335309064017
17209,0.9947889769945669
17210,0.8180642732609464
17211,0.9999218924517909
17212,0.8968896357600995
17213,0.9999600631449518
17214,0.9899103951269116
17215,0.9557212488724152
17216,0.010088787801651065
17217,0.9943534277271849
17218,0.9596182422848006
17219,0.9941689191247428
17220,0.5727329050978223
17221,0.9782370477496235
17222,0.9997719759465945
17223,0.9804933634225053
17224,0.9945757010980398
17225,0.9995738873782556
17226,0.988165119680865
17227,0.9373556019799197
17228,0.9869540803135985
17229,0.9997821785716993
17230,0.9992374070239409
17231,0.998846646853137
17232,0.9998865742448665
17233,0.9815779512719344
17234,0.9900755651118629
17235,0.9227442415416454
17236,0.9867605994783156
17237,0.1274206745470621
17238,0.9999105604683117
17239,0.8352626545068842
17240,0.999870442386714
17241,0.7927010807815247
17242,0.9999789901835474
17243,0.11941086661166829
17244,0.4054757256660892
17245,0.9999542896723105
17246,0.9978270207419763
17247,0.9993922044293546
17248,0.9980302273381831
17249,0.999896439130216
17250,0.9999942511232224
17251,0.9996354636653534
17252,0.9995888739303771
17253,0.9899318907592948
17254,0.9997721458775533
17255,0.9705463723595161
17256,0.9997294729992027
17257,0.9999405956435157
17258,0.5475998768708614
17259,0.9998930662642237
17260,0.9998235456512689
17261,0.99379999342721
17262,0.9999467041380646
17263,0.9977519637949083
17264,0.9906544794728731
17265,0.9999800008015926
17266,0.9965519830261625
17267,0.9822420854663488
17268,0.9999932084202521
17269,0.9996485899931161
17270,0.9949818991216817
17271,0.99505570858438
17272,0.9981733085423247
17273,0.9999523017462624
17274,0.9996790150767919
17275,0.9964231928641561
17276,0.05676904263940732
17277,0.9999719740920037
17278,0.9999544078914232
17279,0.9958726529990035
17280,0.9913268112268013
17281,0.999911939867972
17282,0.9992422437199724
17283,0.9999678650817619
17284,0.9852408429330675
17285,0.9992536263600807
17286,0.9968620568968116
17287,0.9999900219432114
17288,0.9826917772600654
17289,0.9996009197839991
17290,0.999608862728411
17291,0.9999581052021689
17292,0.9999839205945233
17293,0.9983247082253626
17294,0.9999899405000939
17295,0.9682142885572791
17296,0.9982649981776395
17297,0.9988757408977793
17298,0.9999641378972934
17299,0.998172517833493
17300,0.9999291288198711
17301,0.9699522303449405
17302,0.9997823433974206
17303,0.9999558883521091
17304,0.9998147425314514
17305,0.9999919397364864
17306,0.9980918821287644
17307,0.9999232909773499
17308,0.9996237960778135
17309,0.9974727461296427
17310,0.9976517568251108
17311,0.999269219461866
17312,0.9998571157001676
17313,0.9999437569011085
17314,0.992020618406341
17315,0.9987969727204775
17316,0.9779355618044387
17317,0.9429028960304744
17318,0.8370143122857941
17319,0.9993208207069637
17320,0.999963750057531
17321,0.9989068214190373
17322,0.9947557106017566
17323,0.9954538907786694
17324,0.9994916626356263
17325,0.9999518254028888
17326,0.9636657096481666
17327,0.9997168448465266
17328,0.9997264210961327
17329,0.8931361435500851
17330,0.9992531781855011
17331,0.9987514906674765
17332,0.9991104217610813
17333,0.9964793949528453
17334,0.6912144248431881
17335,0.9993772567198419
17336,0.9991220670747929
17337,0.9621274763017863
17338,0.9934492801919956
17339,0.9996203207032527
17340,0.9993535277573258
17341,0.998439779652573
17342,0.9999109379128492
17343,0.9923070349512748
17344,0.982297706311889
17345,0.9995490929307368
17346,0.9995482922637856
17347,0.9997580858167252
17348,0.8314673401522193
17349,0.48825581885233094
17350,0.980355121704317
17351,0.9999009250983248
17352,0.9066560965030597
17353,0.9997195598672965
17354,0.999301237944379
17355,0.9966175729448509
17356,0.9978661439471079
17357,0.9970108081112524
17358,0.997184398460221
17359,0.9984017008817525
17360,0.9926124081674341
17361,0.9995264527028255
17362,0.999937151961225
17363,0.9998717652974574
17364,0.9929693904669892
17365,0.9998824962093715
17366,0.6103459330302412
17367,0.9721270270039244
17368,0.9960173115672096
17369,0.9850438993198762
17370,0.9999602998607052
17371,0.9959640210518882
17372,0.996914654638183
17373,0.9996482627544361
17374,0.9994747153179415
17375,0.9999685683734182
17376,0.9998424025862921
17377,0.9968311817522186
17378,0.9970971887597669
17379,0.9991128366182777
17380,0.9609576141894942
17381,0.9963058599194174
17382,0.9998235071809687
17383,0.9882272239945536
17384,0.996898423537444
17385,0.9803091276048445
17386,0.9998244019421764
17387,0.9999148599341005
17388,0.9999535729834184
17389,0.9953551086759935
17390,0.9946138326042187
17391,0.9998853745169325
17392,0.9504079268306541
17393,0.9649074206946516
17394,0.99802068996912785
17395,0.9984861762868994
17396,0.9976848151038195
17397,0.9316499390637273
17398,0.9713770344017973
17399,0.9997809546187733
17400,0.9985016467831632
17401,0.9993517610829157
17402,0.9999579991104188
17403,0.9998826853502402
17404,0.9995298743282819
17405,0.9951715673881032
17406,0.9999785011720168
17407,0.4421993726111737
17408,0.9963763623485199
17409,0.9710861869532061
17410,0.9957032005752685
17411,0.9998946837663482
17412,0.9651124291799069
17413,0.9999383941636216
17414,0.9990829798257351
17415,0.776222647541172
17416,0.9999298480361098
17417,0.9999810545008126
17418,0.9996270630963687
17419,0.9919383806071427
17420,0.9999331171671516
17421,0.9897003815094779
17422,0.9999263908658053
17423,0.9996562546746512
17424,0.9999592911267855
17425,0.9769880870889279
17426,0.9508588121382189
17427,0.9991360057347363
17428,0.9998978909101779
17429,0.9998804351893108
17430,0.9955843645336424
17431,0.9271617579695438
17432,0.8922178041180505
17433,0.9986564435469223
17434,0.9995065848732895
17435,0.9929718037585744
17436,0.9999776534178875
17437,0.9419548415477046
17438,0.9999240708998661
17439,0.9984531478022054
17440,0.9936200300643485
17441,0.9998810720206941
17442,0.9990874513607331
17443,0.9988896491596948
17444,0.9885478061898831
17445,0.9999539930330874
17446,0.9996301867677392
17447,0.9999656736760826
17448,0.9995582481162641
17449,0.9921537594595502
17450,0.9999278738865234
17451,0.9990112829286802
17452,0.8386741333309055
17453,0.9986838868402459
17454,0.9978577789268797
17455,0.9997140955752299
17456,0.9999898247745581
17457,0.9999810500792562
17458,0.9999858689392719
17459,0.9778130387687856
17460,0.9999820806558493
17461,0.14769082769001873
17462,0.02880548537356804
17463,0.9982392175108621
17464,0.999972045603158
17465,0.9988871089219359
17466,0.9962877045370394
17467,0.9996768091637559
17468,0.9985745176139453
17469,0.9947079663620148
17470,0.999886903190156
17471,0.9993382631468795
17472,0.8961406391406389
17473,0.9775251075884823
17474,0.9999364169033583
17475,0.5419068664430327
17476,0.9991960327679366
17477,0.999940501913575
17478,0.49556824736082916
17479,0.9999063643122856
17480,0.999709440022961
17481,0.999831177843517
17482,0.7993282445782619
17483,0.9978936769094571
17484,0.9939775487721972
17485,0.9977670728333715
17486,0.9966731393847986
17487,0.9987083251594335
17488,0.9999865298234554
17489,0.9999693104564629
17490,0.9979617770907675
17491,0.6214398195531196
17492,0.9435089090490698
17493,0.9710296962332783
17494,0.9848789047110597
17495,0.9997089762151623
17496,0.9999797824918675
17497,0.9999091826253351
17498,0.9942794929075289
17499,0.9926414508019618
17500,0.9999795268944933
17501,0.9999776756339158
17502,0.9998731031444115
17503,0.9882353009091582
17504,0.9659468763544137
17505,0.999902857216975
17506,0.9998553224062201
17507,0.9876222265940894
17508,0.9998558371080952
17509,0.9998684883077438
17510,0.9999691249976894
17511,0.9981283504472664
17512,0.6772728291196621
17513,0.987641708867055
17514,0.9999459087800195
17515,0.5452473170069018
17516,0.9980206878261263
17517,0.999983044833048
17518,0.9875441044262315
17519,0.9882885400669842
17520,0.9922521675112418
17521,0.9999080205930887
17522,0.9940739483300375
17523,0.9994853090136444
17524,0.999512549211942
17525,0.9931825764968292
17526,0.9991438684061653
17527,0.9995083789291773
17528,0.9981032742758149
17529,0.9130800762107161
17530,0.9999104417286021
17531,0.9939009561901948
17532,0.991666143622505
17533,0.9536412580492094
17534,0.9949410032411141
17535,0.9999273851362305
17536,0.9947058173463805
17537,0.9995220425125662
17538,0.9998808437071691
17539,0.9994162715941556
17540,0.9774207778561685
17541,0.9236931908395055
17542,0.9997738529308803
17543,0.999873311670169
17544,0.9918652269120293
17545,0.9999616279478634
17546,0.9963058599194174
17547,0.9999738833341923
17548,0.9992351096913057
17549,0.9998005674228635
17550,0.9979990752726702
17551,0.9999640693560685
17552,0.9982296914528975
17553,0.9999826668145771
17554,0.999957602449455
17555,0.9980721628028282
17556,0.09616033122431338
17557,0.9855891450889378
17558,0.998554069117096
17559,0.9401128170409863
17560,0.9482560406749528
17561,0.9999897199543282
17562,0.989572679032537
17563,0.9999895090563217
17564,0.9999575324238237
17565,0.9999834564353693
17566,0.9943182386535576
17567,0.9976430622647476
17568,0.9952649862100922
17569,0.9935549291948216
17570,0.9663517918174617
17571,0.9999671689522942
17572,0.9872769789313482
17573,0.9999177681698079
17574,0.21129341320782172
17575,0.9598456027395582
17576,0.9999216656400616
17577,0.999997412789746
17578,0.9999523628903405
17579,0.9898321432247302
17580,0.9725038801034379
17581,0.989472716972679
17582,0.999125950912885
17583,0.10450045486777967
17584,0.9950590459907311
17585,0.968131603731897
17586,0.9999035242011225
17587,0.9999681163103856
17588,0.9929497574326216
17589,0.427327663833807
17590,0.9998124767510752
17591,0.8944580516350726
17592,0.9999677516589078
17593,0.9898387933989893
17594,0.9997882079331132
17595,0.9999648334849622
17596,0.9964280340662812
17597,0.8663767514617073
17598,0.5363805485280628
17599,0.9993217830867327
17600,0.05117994694285135
17601,0.9932480444219581
17602,0.9999837388358505
17603,0.4164903103399802
17604,0.9999759031072549
17605,0.8995154634008231
17606,0.9998335407527817
17607,0.9939031008916268
17608,0.9998176205666808
17609,0.9923476674863645
17610,0.9999463655673181
17611,0.9959493930162615
17612,0.994032789941042
17613,0.9999471416652523
17614,0.9996995994658097
17615,0.9999777042978534
17616,0.9977061818949676
17617,0.9976593363920105
17618,0.9984372904631178
17619,0.9993668420525975
17620,0.9999364040557623
17621,0.9997153789719966
17622,0.9995628208798127
17623,0.99798966032281
17624,0.9989569382231618
17625,0.9999535205237878
17626,0.9998213363215928
17627,0.9739723579059283
17628,0.9999808246118991
17629,0.9999778415425533
17630,0.9985446296412335
17631,0.9999495215566065
17632,0.9999051736989112
17633,0.9994024388658554
17634,0.9840556764148863
17635,0.3223659087938907
17636,0.9472382733011913
17637,0.9963241285780509
17638,0.999797454189939
17639,0.9998048497804191
17640,0.9998749248517594
17641,0.9954002169945166
17642,0.9999971988934032
17643,0.9999378696496068
17644,0.9996265296203909
17645,0.999964789220764
17646,0.9983385105491837
17647,0.9990369638578634
17648,0.9997242700163317
17649,0.999996836589547
17650,0.9992724036317125
17651,0.9999236052123414
17652,0.9999652732664344
17653,0.9999743108658944
17654,0.9998928844742727
17655,0.9996582673094571
17656,0.9999884579851739
17657,0.9766742825448982
17658,0.9553906535383554
17659,0.9973618319417592
17660,0.9952965186671201
17661,0.99997067046535415
17662,0.9960637044924529
17663,0.9970286322250251
17664,0.9516491639122995
17665,0.9985831827443784
17666,0.9997980386062216
17667,0.9999432139347845
17668,0.9903936769884244
17669,0.9998350054896131
17670,0.9708410721864515
17671,0.9946428069897265
17672,0.985798723787099
17673,0.999931508167494
17674,0.9997460841377267
17675,0.9852325160325899
17676,0.9997523623718276
17677,0.9992499026185452
17678,0.7934546008533272
17679,0.7272492555131895
17680,0.9993911633240269
17681,0.9999269624113907
17682,0.9996947973131513
17683,0.9976838878622843
17684,0.9995209515529787
17685,0.999949567631958
17686,0.9960350242897276
17687,0.9998916861900591
17688,0.9984297073868822
17689,0.9733218836137063
17690,0.9997595250912513
17691,0.9995517997826888
17692,0.9716485474473189
17693,0.9997457745324417
17694,0.9408457243314912
17695,0.9997568329952958
17696,0.9999847886471191
17697,0.9998935876675865
17698,0.88785934210478
17699,0.9988310229852823
17700,0.999982669087864
17701,0.9993901912005301
17702,0.747340133082093
17703,0.9972386528043128
17704,0.9963095487506345
17705,0.8963236711239547
17706,0.9399182214985755
17707,0.9990989774003791
17708,0.9998936612021251
17709,0.9986032767306902
17710,0.9989886188025136
17711,0.9999857469063819
17712,0.9870242153985492
17713,0.9993643488287857
17714,0.9999706041756546
17715,0.9995372458919037
17716,0.994825416895556
17717,0.058229988098228366
17718,0.9884773431543784
17719,0.9988747673537639
17720,0.9996212249390771
17721,0.9991575248442387
17722,0.4083023105997985
17723,0.8884692389839165
17724,0.9995327483335467
17725,0.9926631272101368
17726,0.9988489486810016
17727,0.9997697186538588
17728,0.9992159475582608
17729,0.92499615155095
17730,0.9960038730177756
17731,0.9957637539147637
17732,0.9922201042604755
17733,0.9999314962595107
17734,0.9999765505325926
17735,0.9989850668389466
17736,0.9978211696111645
17737,0.9998072600187338
17738,0.9996860771028017
17739,0.9872092177476064
17740,0.8958611599080478
17741,0.9965317685767766
17742,0.005362462821631303
17743,0.9971024962088789
17744,0.9991060621047542
17745,0.9999847294947911
17746,0.9999934545048305
17747,0.9999659460237266
17748,0.9987839113930974
17749,0.9999415320936677
17750,0.9995127495394683
17751,0.9968261262360015
17752,0.9999425659608016
17753,0.9764088336432106
17754,0.9993156494600238
17755,0.62470050927471
17756,0.9910386837415537
17757,0.9987686177216769
17758,0.787130994131543
17759,0.9994885639467843
17760,0.9843082500695003
17761,0.8567925016204876
17762,0.9994654581645798
17763,0.47655405785072774
17764,0.9964190973883831
17765,0.9867123918421243
17766,0.9999242453326082
17767,0.9915892578813412
17768,0.9998202744541113
17769,0.9809777974402885
17770,0.9471847771085755
17771,0.998744169314959
17772,0.9995939280864533
17773,0.8805645777619002
17774,0.9882216355500492
17775,0.9991789146829133
17776,0.44736003593078044
17777,0.9997159791349457
17778,0.9838848253937774
17779,0.996706361608589
17780,0.9999812781346602
17781,0.9997812360112718
17782,0.9999840387855065
17783,0.9930366448186472
17784,0.8584127407085863
17785,0.9999621161160626
17786,0.9994555959408704
17787,0.9827437235404172
17788,0.9963000396985958
17789,0.9999768129857126
17790,0.999367656773711
17791,0.30567600378209747
17792,0.9784266904905384
17793,0.9330635897690778
17794,0.9997089460412252
17795,0.999066983689275
17796,0.9955899655474955
17797,0.9695994111546914
17798,0.9998719324183444
17799,0.9998166638655163
17800,0.9997037761558087
17801,0.9643995116612807
17802,0.9999950764967542
17803,0.9964956726226564
17804,0.18370949965715044
17805,0.9988170699546624
17806,0.9986920184994421
17807,0.9999617049307621
17808,0.9999049607574715
17809,0.9989199525365018
17810,0.9548075947519922
17811,0.9999284643385905
17812,0.36052746960107696
17813,0.9935787768477116
17814,0.9998078064379007
17815,0.998057715197036
17816,0.9976971852107781
17817,0.9999807351706195
17818,0.9983577978766625
17819,0.9962637395191074
17820,0.9997128550722234
17821,0.9984255599399863
17822,0.05063306041734466
17823,0.9740771106024732
17824,0.9993947540436797
17825,0.9999847894047382
17826,0.998556487386575
17827,0.9998874170736242
17828,0.9725038801034379
17829,0.702738403689556
17830,0.9535658324677015
17831,0.8820545151140607
17832,0.8218565072372023
17833,0.9980168658848164
17834,0.9810145581171528
17835,0.9739134119870407
17836,0.9994711358085104
17837,0.995549480608778
17838,0.9797733327838379
17839,0.9999279636407298
17840,0.9866541156771093
17841,0.9583867943729711
17842,0.9987779228376287
17843,0.9941060982046004
17844,0.9993111162500027
17845,0.9999296303589025
17846,0.9990689899658688
17847,0.9795747245097375
17848,0.9993641927236998
17849,0.9995094436664089
17850,0.9997793709461583
17851,0.9999114634360742
17852,0.9999461493189499
17853,0.9994890863448008
17854,0.9710009075548084
17855,0.9923653027952335
17856,0.775683626953635
17857,0.9899275544538081
17858,0.9983048903532232
17859,0.9313867284426708
17860,0.9999793246782208
17861,0.997520450112785
17862,0.9959502503355138
17863,0.999891367558636
17864,0.9979074733778479
17865,0.9999700130911041
17866,0.9982218686533135
17867,0.9990513395365841
17868,0.9999752207324926
17869,0.9949301658931654
17870,0.9949830937649142
17871,0.9984033557169978
17872,0.9999418623747014
17873,0.9995592874514739
17874,0.9998950469872308
17875,0.9995168348810409
17876,0.9825024752695336
17877,0.9946850514054697
17878,0.999882141594961
17879,0.9996293258927427
17880,0.9931494371260486
17881,0.9997006860091222
17882,0.9946932594433262
17883,0.9996859531447988
17884,0.9993780098613252
17885,0.9998592548173453
17886,0.992526760973361
17887,0.0255860147554889
17888,0.9711709780861727
17889,0.546232537920501
17890,0.9989821451772143
17891,0.9996624620819137
17892,0.9998673567810459
17893,0.9996617434066593
17894,0.9999218314708833
17895,0.9999946931942408
17896,0.7710530782159379
17897,0.9999233076505422
17898,0.999831766749512
17899,0.98828315430452
17900,0.9998288215813265
17901,0.9999042850953987
17902,0.999985069906429
17903,0.9997342725429567
17904,0.9991736651771499
17905,0.9996053792992295
17906,0.9999697177494749
17907,0.9999368406837222
17908,0.5714187387044807
17909,0.9999443255971
17910,0.9459856602147979
17911,0.9950778310507078
17912,0.9999788006525789
17913,0.9793909582452005
17914,0.9999935786953248
17915,0.9999113914669014
17916,0.999361116198381
17917,0.38674422678355475
17918,0.9996089124497021
17919,0.1979345397572651
17920,0.9944043498538147
17921,0.9999873773974041
17922,0.992708253339322
17923,0.9994309134852649
17924,0.9995545064873115
17925,0.9988017512124765
17926,0.9990119369594623
17927,0.9986830213088828
17928,0.9993740057183045
17929,0.9895332932128199
17930,0.9997032336289643
17931,0.999789977918376
17932,0.9999705189856093
17933,0.9999647491584754
17934,0.9999545814414732
17935,0.9999866557224582
17936,0.998299966346829
17937,0.9996574756045605
17938,0.9983331728424824
17939,0.9994667100667126
17940,0.9920304448170033
17941,0.9998848151950276
17942,0.9991359440255623
17943,0.9444322928663829
17944,0.9998714793801439
17945,0.9998978324492556
17946,0.9999279273099745
17947,0.99998613502506
17948,0.9999169617152788
17949,0.9503342368140125
17950,0.8996114130894481
17951,0.9989760139842766
17952,0.9996246683880555
17953,0.9970358240726707
17954,0.9987945064255199
17955,0.9999257732670478
17956,0.9999664548385967
17957,0.986241208458212
17958,0.7743770869109252
17959,0.99995207113265006
17960,0.9995374987149503
17961,0.992721354914171
17962,0.9987230080215277
17963,0.9999019142151047
17964,0.9996494568390614
17965,0.9984555597249033
17966,0.999742350852099
17967,0.9999491158276346
17968,0.9998633636443431
17969,0.9548667832538411
17970,0.9999139381881077
17971,0.9995939955771334
17972,0.9995326801207018
17973,0.992015673419619
17974,0.9996840660998213
17975,0.9431477210639481
17976,0.9998974598209697
17977,0.9999882253288735
17978,0.9999618334587311
17979,0.9972969855508906
17980,0.9996903677453453
17981,0.9990464424090489
17982,0.5187064189455785
17983,0.9998457201566595
17984,0.9999936742250163
17985,0.9978149316220097
17986,0.988504224416409
17987,0.9975319798377852
17988,0.9995599178139732
17989,0.9877896748551548
17990,0.9977303108011693
17991,0.9999743906160322
17992,0.9998385920931148
17993,0.9426612501839295
17994,0.9209116293135681
17995,0.8417933372187347
17996,0.9123096903524671
17997,0.9320405439953244
17998,0.9991615531183317
17999,0.9998741497612132
18000,0.9999887364314283
18001,0.9965138575209259
18002,0.9999801060097511
18003,0.9997688451333451
18004,0.9904642861291812
18005,0.9997774618947108
18006,0.996779480730416
18007,0.65901278743652
18008,0.9996261451516087
18009,0.9926093826075824
18010,0.9999782855062845
18011,0.9993056709484013
18012,0.7934244954015792
18013,0.9591441968443253
18014,0.999762795082959
18015,0.9999189585714997
18016,0.9584055470509366
18017,0.9993139365083562
18018,0.7061552179687175
18019,0.9906700320771202
18020,0.9994934241654644
18021,0.9994200065775185
18022,0.9994318254430297
18023,0.9995479538280934
18024,0.4693665094064747
18025,0.9999895509168603
18026,0.9999043701244048
18027,0.9999554803938725
18028,0.9942400744676098
18029,0.993674238607039
18030,0.9990924878263571
18031,0.9942057554619047
18032,0.9387506737809418
18033,0.9979811717952873
18034,0.99390837391294
18035,0.9706896224896553
18036,0.999909287414051
18037,0.9980190410157912
18038,0.993339159995116
18039,0.999663229618712
18040,0.9958031250411615
18041,0.9102516689655132
18042,0.9999698044899634
18043,0.9741454674777134
18044,0.999481414106835
18045,0.982352073131203
18046,0.9448062075021978
18047,0.9944352599667758
18048,0.9997056204420908
18049,0.9990623689606922
18050,0.9992447653590237
18051,0.9991755343346239
18052,0.9505922602066208
18053,0.9999684579579661
18054,0.9411782046692974
18055,0.9862810926135555
18056,0.9479516594734109
18057,0.9996154762336397
18058,0.9999755680445372
18059,0.9989398843040334
18060,0.9999872711374952
18061,0.9999463232500932
18062,0.4311561631775687
18063,0.9998705316002491
18064,0.997370402143778
18065,0.9986916422336105
18066,0.9998912547408985
18067,0.9995739197051311
18068,0.981088768585733
18069,0.9999083279670212
18070,0.9999083166486741
18071,0.9970863620069993
18072,0.9999669846319955
18073,0.9998606796279708
18074,0.9986370673185134
18075,0.9991396257059076
18076,0.99996993206218
18077,0.9994076631486065
18078,0.9999899847101053
18079,0.975689472412109
18080,0.9999007650644685
18081,0.9984707394377589
18082,0.9974446989805766
18083,0.9994885400837665
18084,0.9989186558057457
18085,0.9990711691610719
18086,0.926753442823047
18087,0.9999726261765822
18088,0.9854255983737817
18089,0.9753348610406951
18090,0.9999195177590754
18091,0.5041407315514219
18092,0.9952788154243601
18093,0.9973650777038301
18094,0.9977715741053557
18095,0.9999877293471864
18096,0.999980818249694
18097,0.9969306327980811
18098,0.9988035689107063
18099,0.9976105024521446
18100,0.9998873435401894
18101,0.9998663488639992
18102,0.9994345132828277
18103,0.9999502423290056
18104,0.999750186401841
18105,0.9983186373073653
18106,0.9999853751820886
18107,0.9997809434682403
18108,0.4536344163807809
18109,0.9997184597405356
18110,0.9900347065551265
18111,0.9998441439224859
18112,0.999636154664898
18113,0.9897428600159731
18114,0.9990949064664573
18115,0.9377745646832452
18116,0.985691756770068
18117,0.9994828103643835
18118,0.9999248243170766
18119,0.9992638039316255
18120,0.9932909480558783
18121,0.9992202165171943
18122,0.7310914595005613
18123,0.9996445536490379
18124,0.9999322504567681
18125,0.997580209554008
18126,0.9721827610653091
18127,0.9999361844184131
18128,0.9997568690512393
18129,0.999970353893905
18130,0.9936951571039362
18131,0.9995633729509523
18132,0.99998101759886
18133,0.9921546033005563
18134,0.9999928172780784
18135,0.9995769924065849
18136,0.9975856361832782
18137,0.987072721082922
18138,0.999954783548593
18139,0.9994317470767385
18140,0.9993585732939437
18141,0.9899232867430635
18142,0.9979550347670173
18143,0.9529598595881164
18144,0.9983291890749953
18145,0.9999924452197374
18146,0.9999038932033579
18147,0.9997372044079387
18148,0.48915637801769574
18149,0.9999623963412744
18150,0.9991784526916829
18151,0.9998435864363664
18152,0.9980717516049988
18153,0.999972675367812
18154,0.9983942110483179
18155,0.9999216659239907
18156,0.9999800623617968
18157,0.9999535242563024
18158,0.45304653026262015
18159,0.9999814180530815
18160,0.9565393918564385
18161,0.9963741633170955
18162,0.9972539275689746
18163,0.9999855116273245
18164,0.9993670243588157
18165,0.9902782043268712
18166,0.9999687138637505
18167,0.0647580180468388
18168,0.775397910567327
18169,0.9998195337292115
18170,0.9999739768362678
18171,0.998553704364547
18172,0.9991041971394617
18173,0.9990017700916582
18174,0.9998548764425221
18175,0.9988788804108497
18176,0.9999858437989217
18177,0.9999452670205962
18178,0.9998624453151409
18179,0.9982859697327804
18180,0.9999513627222619
18181,0.9013529525590366
18182,0.9219729355674599
18183,0.9999508079582174
18184,0.9994604036420033
18185,0.9991082350586459
18186,0.9996322653616629
18187,0.999980084208156
18188,0.8698596133762218
18189,0.9990789848031948
18190,0.9979426196945709
18191,0.6443773817159555
18192,0.9984458377779374
18193,0.9999362135178748
18194,0.9922219835747689
18195,0.9983187473688881
18196,0.9999856868630138
18197,0.9675027900760146
18198,0.9999781106886552
18199,0.999981953209443
18200,0.9990250890938445
18201,0.9999149887823222
18202,0.9992726868157863
18203,0.9992794428563936
18204,0.9999775017096355
18205,0.9999709785650635
18206,0.47340018410014006
18207,0.9969175734086743
18208,0.9974441392022907
18209,0.9922579505865715
18210,0.9954575213692695
18211,0.9858820968532441
18212,0.9998349745409798
18213,0.9987422444309654
18214,0.984576620942276
18215,0.9945945434431648
18216,0.995905404844758
18217,0.9860166232404218
18218,0.9996622320751731
18219,0.9999227198908647
18220,0.9998792638980117
18221,0.9999747151852727
18222,0.9968728111175671
18223,0.9966481235401264
18224,0.9751622700633338
18225,0.9997833508883457
18226,0.9413667724033662
18227,0.9992281185227362
18228,0.9989819068667933
18229,0.7960013706559173
18230,0.9997169358683344
18231,0.9464610449842719
18232,0.852086472850235
18233,0.9392731685390198
18234,0.9995865094390008
18235,0.9999397089539375
18236,0.9991163551291751
18237,0.9994231495688757
18238,0.9984699997527948
18239,0.9580202412785346
18240,0.9630578220257321
18241,0.99986608044575
18242,0.011844530428926378
18243,0.9987790828947893
18244,0.9999219404516912
18245,0.9998041483117736
18246,0.9936115283345093
18247,0.9995536233773363
18248,0.9951637527143841
18249,0.9999866624989752
18250,0.8910938354895048
18251,0.9989032098404513
18252,0.9773346929722191
18253,0.9999907910950029
18254,0.9999933965569281
18255,0.997376948312177
18256,0.999487838432101
18257,0.6098185568545459
18258,0.9999637618284095
18259,0.9999856807669484
18260,0.9997012994925804
18261,0.9999123633415778
18262,0.9974466042702603
18263,0.9033733584924635
18264,0.9999803298845086
18265,0.9821362099726147
18266,0.9999963491006564
18267,0.9993448237767782
18268,0.9959931450642834
18269,0.9999697567779715
18270,0.9992465496024245
18271,0.9995565181508775
18272,0.9995313654168241
18273,0.9921617486601503
18274,0.9999740742692808
18275,0.9513154058114612
18276,0.9951171406331668
18277,0.9997898786262528
18278,0.9986257860176244
18279,0.9743158764860564
18280,0.9911024655239885
18281,0.9982958199088767
18282,0.9904503771126074
18283,0.9884455445593634
18284,0.9998785307752244
18285,0.9998651110924025
18286,0.9934580675463949
18287,0.9964240194873623
18288,0.9991729687161093
18289,0.9999475204331129
18290,0.9999712930180574
18291,0.9981221496789711
18292,0.9966213228076272
18293,0.996027222344984
18294,0.9934066356083436
18295,0.9999230816289832
18296,0.9978821677375646
18297,0.2974934005655064
18298,0.9992757731249988
18299,0.1549443442454217
18300,0.9999518753431649
18301,0.9998960693040474
18302,0.9870242862098221
18303,0.9996735924097824
18304,0.9999035439900497
18305,0.9963430001994463
18306,0.9749670730847687
18307,0.8460801319763374
18308,0.995509306607323
18309,0.9995160900739631
18310,0.996589264037776
18311,0.9999065639010726
18312,0.7587342909996726
18313,0.6607990070238313
18314,0.9974979405027607
18315,0.9982544498239091
18316,0.99989178098147935
18317,0.9563662230168434
18318,0.9999929148965084
18319,0.9636424893654504
18320,0.9716631316519064
18321,0.9973540939442952
18322,0.9645542573745868
18323,0.9995994371688436
18324,0.9975497799738019
18325,0.9994326279444985
18326,0.9978071519331415
18327,0.5344317137894802
18328,0.9995951197837587
18329,0.9983695039488447
18330,0.9995401988485276
18331,0.9981821563322342
18332,0.8871986473949753
18333,0.99649496138913
18334,0.9986439224211032
18335,0.9986570144431384
18336,0.9961626731171922
18337,0.9996704684956926
18338,0.9953991536018311
18339,0.9999282399830491
18340,0.9984952741702581
18341,0.9998677142729393
18342,0.998777519414137
18343,0.9980349598515283
18344,0.9710497561119422
18345,0.9034860101195253
18346,0.8407304610184027
18347,0.999986891652853
18348,0.9987388760895456
18349,0.9850678292473692
18350,0.9953698584103616
18351,0.9954288768371097
18352,0.9999320667185325
18353,0.9933873079491428
18354,0.9892173952321779
18355,0.9989616415249358
18356,0.9996222269903324
18357,0.999908401682915
18358,0.951097653596955
18359,0.9985098710959939
18360,0.9977715741053557
18361,0.9999750043833259
18362,0.9742638223188093
18363,0.9993097354389129
18364,0.928136778036818
18365,0.9984448058241338
18366,0.9999236277762648
18367,0.1355212521912543
18368,0.9284684831659481
18369,0.9982816830722228
18370,0.9999823806758851
18371,0.9998513642198332
18372,0.9933768926330758
18373,0.9993651733837918
18374,0.9991051806640969
18375,0.9995839075182144
18376,0.9999052896699543
18377,0.9056605766739263
18378,0.9996001604129979
18379,0.9460785896235667
18380,0.9967998097096696
18381,0.9999748243494806
18382,0.999707514156415
18383,0.9999054744242815
18384,0.9999371568443992
18385,0.9994270918992034
18386,0.999659355021848
18387,0.9999289308378871
18388,0.996023021164892
18389,0.9996936276596596
18390,0.9999690130323902
18391,0.9943682983718928
18392,0.9411896352779241
18393,0.9994825613185413
18394,0.8536173968930437
18395,0.9915360489781432
18396,0.9977323439553311
18397,0.9973803231691908
18398,0.9997361132515887
18399,0.9962880871024313
18400,0.9978789659462248
18401,0.9992332711986335
18402,0.9990672437197642
18403,0.9999732741851446
18404,0.9989613715824945
18405,0.9956429288464229
18406,0.9903607126604161
18407,0.9999768480008367
18408,0.9987452963950622
18409,0.7379821941393736
18410,0.9968644787059554
18411,0.9999647841329636
18412,0.9998537292738335
18413,0.9939018804977484
18414,0.9985668518208121
18415,0.999939224047416
18416,0.8168312006803601
18417,0.999363812533506
18418,0.9992270005462985
18419,0.9875521406049257
18420,0.9993231965504575
18421,0.9991988218312522
18422,0.9852198557310855
18423,0.9977906790740052
18424,0.9997726717525506
18425,0.9560077528627907
18426,0.992486492836111
18427,0.9971767654559685
18428,0.9996690007708585
18429,0.9996352995012309
18430,0.9890094045820477
18431,0.9980130973129248
18432,0.9998577987766226
18433,0.9188801263256692
18434,0.9708514425790479
18435,0.9999757288606501
18436,0.9838538903722926
18437,0.9995184836421973
18438,0.9543408816716573
18439,0.9985609677095981
18440,0.9998590659455767
18441,0.9999926570463086
18442,0.9983312115683812
18443,0.9997740172673291
18444,0.9997668554792252
18445,0.8872029268179835
18446,0.9989913373404732
18447,0.9999435259114545
18448,0.9863158575539581
18449,0.9967395514690499
18450,0.9958639845116989
18451,0.999750702836032
18452,0.9921737935355021
18453,0.9648933842389178
18454,0.29174940088765294
18455,0.9998499282755822
18456,0.9999404225972015
18457,0.9999884961204605
18458,0.9973111859357496
18459,0.8893047071618886
18460,0.9765990204112143
18461,0.9999611472233885
18462,0.9968728111175671
18463,0.9999594565791348
18464,0.9999841369712088
18465,0.999663099574026
18466,0.9988600766382911
18467,0.9991724302193838
18468,0.937455885521469
18469,0.9991026650740678
18470,0.9979152690832311
18471,0.9999599744760109
18472,0.061223598844503666
18473,0.998351892557468
18474,0.9870670317994695
18475,0.9651955474997411
18476,0.9514459409118424
18477,0.9991329271884372
18478,0.8953073939182791
18479,0.9989192318592031
18480,0.9947934195211774
18481,0.9999780019829297
18482,0.9996595227462346
18483,0.873629999324137
18484,0.9939205854480804
18485,0.47956554755484504
18486,0.99997277317812
18487,0.9999688380576318
18488,0.9865757898156791
18489,0.998429852106908
18490,0.9980068474891594
18491,0.9968826837675819
18492,0.9992280435186072
18493,0.9993902159039201
18494,0.9999717163950689
18495,0.9989817276563819
18496,0.999504696219974
18497,0.99989803273303
18498,0.9989844401540042
18499,0.9921919413589718
18500,0.9989881581516638
18501,0.9915137153229598
18502,0.9447736016292804
18503,0.9985284782951579
18504,0.9999117498440478
18505,0.9879927606995675
18506,0.24741471436314738
18507,0.9998825899332514
18508,0.9992633160552724
18509,0.9999446417588577
18510,0.9993238499744931
18511,0.8922178041180505
18512,0.9976162663510629
18513,0.9846213877675211
18514,0.9964340960107461
18515,0.9979797895717647
18516,0.9999128222045032
18517,0.9995808372153826
18518,0.982244356878565
18519,0.9571389592981149
18520,0.998737733874136
18521,0.8651779319889346
18522,0.9988976641163186
18523,0.9998041332859741
18524,0.9997320685719745
18525,0.9990533186023525
18526,0.9847357449897252
18527,0.9999627414951281
18528,0.9997728757908441
18529,0.9999438186573228
18530,0.9999756387225854
18531,0.9982409332045838
18532,0.999810400090949
18533,0.9931904405032341
18534,0.9937561104073295
18535,0.9993688417257098
18536,0.9997973641945472
18537,0.7118224518112136
18538,0.9998190553362201
18539,0.9836941580726046
18540,0.8261856612660614
18541,0.998778551849462
18542,0.994954891789498
18543,0.9616323378078755
18544,0.9997104738408997
18545,0.9991050521916188
18546,0.995904140486523
18547,0.9998590038472833
18548,0.997101735392173
18549,0.09051794042952775
18550,0.9870819401482438
18551,0.9963909285319097
18552,0.9900214802876875
18553,0.9991164583096614
18554,0.9951179151458184
18555,0.9998826479372588
18556,0.995982178362721
18557,0.9913354795614313
18558,0.9950648561111698
18559,0.9998921406250392
18560,0.9970087359918678
18561,0.9999486710248313
18562,0.9953988354983623
18563,0.9921345559623898
18564,0.996918484842281
18565,0.9981003728257027
18566,0.9700030409535972
18567,0.925223383361309
18568,0.9906990746673977
18569,0.9958910278019169
18570,0.9994283139546155
18571,0.9995514769532
18572,0.9993859470352962
18573,0.99853261596526
18574,0.9999693834097458
18575,0.9999555129471638
18576,0.9889325943850266
18577,0.999963336625115
18578,0.9801847179196992
18579,0.9985739881880725
18580,0.9984250886802594
18581,0.9970451572883386
18582,0.9984224341220698
18583,0.9999763184481965
18584,0.9915153572356827
18585,0.9999869562545504
18586,0.9845579822540413
18587,0.8734389497305625
18588,0.998900072622654
18589,0.9999956327770824
18590,0.9999690101250509
18591,0.9993476193578114
18592,0.9985067161876966
18593,0.9999638414344163
18594,0.9932052762104207
18595,0.9999704276108026
18596,0.9684875722744057
18597,0.994814398498973
18598,0.7809051432996722
18599,0.9899049046878958
18600,0.9958647411647974
18601,0.9994809930719938
18602,0.9996367393833134
18603,0.9995147319346065
18604,0.9980743266078683
18605,0.8915853850748864
18606,0.9868322812451945
18607,0.99944896086848245
18608,0.9999047403771654
18609,0.9996904759965839
18610,0.9997925108327482
18611,0.9882737931944977
18612,0.9999051338611706
18613,0.9999690409897596
18614,0.9993493760505222
18615,0.9999873340998213
18616,0.9992985470914512
18617,0.9991282168799535
18618,0.9997556733419992
18619,0.9999732142415556
18620,0.9968575438433853
18621,0.9999181732015504
18622,0.9981340163107714
18623,0.8431395532467058
18624,0.991916002155783
18625,0.9999595161131776
18626,0.9776912369266677
18627,0.9957440130673004
18628,0.999819394492784
18629,0.9999339214204477
18630,0.9998543568907412
18631,0.9990544523653124
18632,0.9775034613820753
18633,0.9907615334848139
18634,0.9996357302513479
18635,0.9992270002111031
18636,0.9998616710688204
18637,0.9777377758815782
18638,0.9990478238332743
18639,0.9999849245414536
18640,0.9995579671901408
18641,0.9383884546787193
18642,0.9989482178440481
18643,0.9999551126195092
18644,0.9976187939575242
18645,0.9976833454994366
18646,0.6768812806222962
18647,0.9780226506819073
18648,0.999975655867377
18649,0.9997372144518791
18650,0.9999660142972389
18651,0.9999809833056629
18652,0.9637574801265016
18653,0.9807429963200098
18654,0.9910435026050453
18655,0.9931001011128651
18656,0.9876566428779672
18657,0.9985149616544514
18658,0.9921446170301155
18659,0.9995962475987165
18660,0.9998364982863303
18661,0.9994048647917027
18662,0.9999141885197833
18663,0.9095763910084176
18664,0.6492223674290181
18665,0.6823982345104955
18666,0.976102630863294
18667,0.9981686191259702
18668,0.9699959474292432
18669,0.98426215201139855
18670,0.9997146406149421
18671,0.9981670551576034
18672,0.9998762982962451
18673,0.7521609566042571
18674,0.999384771281376
18675,0.9999845492871747
18676,0.9988090043243797
18677,0.9641807122937138
18678,0.9998255213582667
18679,0.9973034949503753
18680,0.6399815296004114
18681,0.9996715460695946
18682,0.999486627181343
18683,0.999146217606081
18684,0.9987240608851434
18685,0.9463892768477837
18686,0.9999378343560623
18687,0.9999954062924985
18688,0.9987454720997625
18689,0.21241515820915963
18690,0.9999167887338167
18691,0.9999399951942487
18692,0.9985061295075748
18693,0.9989434274529772
18694,0.9999777713983808
18695,0.959689093245695
18696,0.9930064183322056
18697,0.9794592897188088
18698,0.9999865111846009
18699,0.9985016467831632
18700,0.9994916152192417
18701,0.9987860492843803
18702,0.9909158842590761
18703,0.9998740928547966
18704,0.92164172709085
18705,0.9999745586476328
18706,0.9999807928768174
18707,0.999992709235303
18708,0.9992080981027809
18709,0.9996663085512105
18710,0.9942137144009715
18711,0.9999920288622574
18712,0.9999984257958486
18713,0.9807491392309426
18714,0.9999871312943768
18715,0.9999849470633986
18716,0.999446313966605
18717,0.9963946180017232
18718,0.9999240674224288
18719,0.998693762494027
18720,0.9707011124275678
18721,0.9999781354263942
18722,0.9998307614532954
18723,0.9999611034043019
18724,0.9999712902199321
18725,0.9994445865314538
18726,0.9991675632720015
18727,0.9982977867316818
18728,0.9998298312682878
18729,0.9992484672127901
18730,0.9959110003724878
18731,0.9963604800240339
18732,0.928281658409198
18733,0.33805033973357496
18734,0.9922653918942536
18735,0.9888266637442545
18736,0.9977781545123509
18737,0.9635915802844666
18738,0.9999329540032785
18739,0.9971801373759053
18740,0.9996413402340761
18741,0.9257041298734661
18742,0.9632099372183357
18743,0.9874395806350137
18744,0.998219598164408
18745,0.27919773300113243
18746,0.9830795732177373
18747,0.9999343765204005
18748,0.9999687136182416
18749,0.9821784918244421
18750,0.9999715713088119
18751,0.9995839719179095
18752,0.9999794629483517
18753,0.9991573069904002
18754,0.999978599689005
18755,0.9292598815428251
18756,0.9919374177870033
18757,0.9999735847289256
18758,0.9999121190368175
18759,0.9626231734782639
18760,0.9999851375919295
18761,0.9993172848787633
18762,0.4060084802484336
18763,0.9996219438417946
18764,0.9993321253171622
18765,0.9999691956066754
18766,0.9999776573969149
18767,0.974200771366674
18768,0.9997717736103956
18769,0.9973835698343946
18770,0.9999789414178015
18771,0.9999414932002051
18772,0.981301794930841
18773,0.998984596332992
18774,0.9944324658475774
18775,0.9920622840120535
18776,0.9989654276354012
18777,0.9683152462297439
18778,0.9835305530853845
18779,0.9995455290025109
18780,0.999718180411141
18781,0.9998286829008299
18782,0.9997704972820722
18783,0.9989640390106018
18784,0.9989650277660959
18785,0.999724756351172
18786,0.9984572071234656
18787,0.9993903359839984
18788,0.9971610127328683
18789,0.9773887134792831
18790,0.9947267475863573
18791,0.9945414287164552
18792,0.9998525065173901
18793,0.9999597095286589
18794,0.9994523162282359
18795,0.9999458622900629
18796,0.999793743805103
18797,0.9990661709201931
18798,0.924334689928752
18799,0.00805321718903722
18800,0.4136657423530694
18801,0.9995533992410965
18802,0.9775439617982753
18803,0.9990669463757509
18804,0.9825878657403759
18805,0.9999591961777615
18806,0.8754561929116889
18807,0.6705079045719651
18808,0.9762043230973364
18809,0.9974980579088455
18810,0.9881623955694867
18811,0.9998645081334016
18812,0.9997934897242725
18813,0.9968921114927427
18814,0.999962290212129
18815,0.9999587207232752
18816,0.9961407788876602
18817,0.9484860261515559
18818,0.9998842804504788
18819,0.9854498377144767
18820,0.9992074963640831
18821,0.9915811888195387
18822,0.9983452044525353
18823,0.828920280594908
18824,0.4740186540185038
18825,0.9999279993542876
18826,0.9774087777167397
18827,0.9968672043832416
18828,0.9955596878048146
18829,0.9989303097603711
18830,0.9999567694279292
18831,0.9999405523348692
18832,0.9989560851724454
18833,0.9999954928791661
18834,0.9998624962469829
18835,0.9955317052319737
18836,0.9999717665367048
18837,0.07742815962237205
18838,0.9995836393403624
18839,0.9998009342306826
18840,0.9999358394851602
18841,0.999985845154301
18842,0.9892762748121996
18843,0.9999971075736256
18844,0.9997468565855627
18845,0.9987782019163975
18846,0.9999296803040756
18847,0.9999656770945055
18848,0.9996954528992393
18849,0.9999725733485172
18850,0.9999300619616699
18851,0.9713918886218763
18852,0.9997212370423796
18853,0.9998512081012975
18854,0.9907169365751447
18855,0.9997320603699522
18856,0.9992399656062876
18857,0.9989206931675366
18858,0.9980120918112894
18859,0.9885568126333388
18860,0.9987053456882975
18861,0.9650158590520788
18862,0.9993591749141287
18863,0.8127955912274466
18864,0.9999151248900022
18865,0.9995743187833954
18866,0.9997061008513046
18867,0.9973442617000049
18868,0.9998666631178564
18869,0.9975634725005066
18870,0.9995251254018342
18871,0.9860208442676012
18872,0.999527504359164
18873,0.9998622782601179
18874,0.999685219607045
18875,0.9999947355431982
18876,0.9907090135496667
18877,0.9999571614431201
18878,0.9984608826847424
18879,0.9991896996978397
18880,0.775397910567327
18881,0.9998974881564554
18882,0.9969716292308906
18883,0.9988145019780501
18884,0.9982688890229616
18885,0.9910277479202525
18886,0.9985685229587755
18887,0.9852512470782605
18888,0.9998898167119343
18889,0.9945801577218295
18890,0.9963935555044111
18891,0.9998418645232411
18892,0.9974437591937237
18893,0.999902028009768
18894,0.9961107989487761
18895,0.9714159555022212
18896,0.9974656851501943
18897,0.5903872356078844
18898,0.37665237802994306
18899,0.9996912276389736
18900,0.9994250994063762
18901,0.5519460817393742
18902,0.8947304993156507
18903,0.999728834975476
18904,0.9650121397469511
18905,0.9906390336000724
18906,0.9868071982033833
18907,0.9988158917363431
18908,0.9999135679017136
18909,0.9654469409255367
18910,0.6648578420050999
18911,0.9997771446580944
18912,0.9979547672952089
18913,0.9999593806839946
18914,0.6941119960892815
18915,0.8456583202031399
18916,0.9786350204103949
18917,0.999762795082959
18918,0.9601104086510398
18919,0.9873598299219598
18920,0.9973796077627632
18921,0.9824945178701607
18922,0.9999590071572203
18923,0.9999316672098544
18924,0.999622966667674
18925,0.9928667702866164
18926,0.999568317284594
18927,0.9963513705471814
18928,0.9999456305391827
18929,0.9997718768731956
18930,0.25193448076580355
18931,0.910367423775137
18932,0.9983693720153404
18933,0.99035072813706
18934,0.9964217441574098
18935,0.061463544857801325
18936,0.9887655978749127
18937,0.9987543492206147
18938,0.9999443292754818
18939,0.9991328060868705
18940,0.9997529344151562
18941,0.9995538430759665
18942,0.979584029070136
18943,0.9999176098159686
18944,0.999998202407857
18945,0.94788165958796
18946,0.9999916477064636
18947,0.9183147604602027
18948,0.9997789477375054
18949,0.9954416953928861
18950,0.9986443681884355
18951,0.9998045090846539
18952,0.9964365936486899
18953,0.969847998524734
18954,0.9999443427458735
18955,0.9951651403146822
18956,0.9999278752070365
18957,0.9999596130674023
18958,0.9999902996118473
18959,0.9878363358780748
18960,0.9548117338059359
18961,0.9998841722289794
18962,0.7348227782712224
18963,0.9999155303607344
18964,0.9987962705501275
18965,0.9947231236875896
18966,0.9993991098078931
18967,0.9760363219105358
18968,0.9999060220051037
18969,0.9987907323533621
18970,0.9895091400342498
18971,0.989629414048418
18972,0.9999246585986363
18973,0.9983310139679495
18974,0.9070061334809473
18975,0.9981518899285771
18976,0.9958110756686799
18977,0.9996857610912351
18978,0.9997000222233169
18979,0.9982586496695525
18980,0.9998497212437676
18981,0.9999289972164583
18982,0.9989688734708402
18983,0.9999811462996258
18984,0.9951725166473194
18985,0.9998191155347941
18986,0.9997694313313565
18987,0.9991696726592472
18988,0.9931842141369889
18989,0.9999861374353649
18990,0.9993779111978847
18991,0.7919263946101422
18992,0.43515705783828784
18993,0.965305045106341
18994,0.9796731032423014
18995,0.9990207067387997
18996,0.831620489536661
18997,0.9867680175359714
18998,0.9993740223065666
18999,0.9989157047512092
19000,0.9997607436532582
19001,0.9503236098305804
19002,0.9999837933991274
19003,0.9916620624268517
19004,0.9999033286763358
19005,0.9998641546404845
19006,0.9957826479116229
19007,0.9219543826116205
19008,0.9963058599194174
19009,0.9958002815681773
19010,0.9577083399374818
19011,0.9974671780840169
19012,0.9997183999813261
19013,0.9997716201639731
19014,0.9999768497273966
19015,0.9999716431017456
19016,0.9614091117760823
19017,0.9933181128428571
19018,0.9993717230636341
19019,0.9898740724849664
19020,0.9999829203403624
19021,0.9994235695566324
19022,0.9766466841337577
19023,0.9997903422169143
19024,0.9981481997320385
19025,0.9999853043684285
19026,0.9997301472297181
19027,0.9999940316812546
19028,0.9984826361448705
19029,0.9995136883132203
19030,0.9986291189725697
19031,0.973304204578757
19032,0.9751471247997899
19033,0.9882629270491766
19034,0.9997145427463793
19035,0.9967704096527522
19036,0.9999975562861433
19037,0.9940742515727505
19038,0.9954721314143385
19039,0.9969709030160809
19040,0.9998953629510385
19041,0.9999435233978122
19042,0.9849888543011204
19043,0.9999608553727097
19044,0.9995541725370113
19045,0.029875487924325563
19046,0.9936482959509109
19047,0.99792535691988
19048,0.9999822299852472
19049,0.9999453704589325
19050,0.999442648356783
19051,0.9996294284754467
19052,0.9707503962786034
19053,0.9998068136082995
19054,0.9992670601119882
19055,0.9999513707208084
19056,0.9984565047950233
19057,0.9997160833440925
19058,0.5608915717647132
19059,0.9976481389953794
19060,0.7340642228511043
19061,0.9998509912209186
19062,0.9974899445433
19063,0.9560531780535801
19064,0.9999690046677603
19065,0.9992352367999955
19066,0.9998600617066323
19067,0.9848312187412934
19068,0.9999733058349572
19069,0.9998236254061007
19070,0.3572099092422524
19071,0.9995118966457608
19072,0.9999271935062407
19073,0.9995645440860899
19074,0.9809988441781597
19075,0.9998500034008966
19076,0.999276025040658
19077,0.6269275939608121
19078,0.9849519795093641
19079,0.9999012695225395
19080,0.9976504915089742
19081,0.9978527748003374
19082,0.9643089224441066
19083,0.9999625713977439
19084,0.9902618645401421
19085,0.9993523315783148
19086,0.9962071280033025
19087,0.9956685081918567
19088,0.9701754769245404
19089,0.9941896365796339
19090,0.8567127861748647
19091,0.9999605870612215
19092,0.9990386781446835
19093,0.9987636433978281
19094,0.9989061994819446
19095,0.8717010833923031
19096,0.9822780570661442
19097,0.9647574323181866
19098,0.9959978086711286
19099,0.9509038393796759
19100,0.9969102759281918
19101,0.9869141739244457
19102,0.8142409744192789
19103,0.9999216466220391
19104,0.9994868443110171
19105,0.9999967466282524
19106,0.999971023767037
19107,0.9712372016516833
19108,0.9998381540323685
19109,0.9987794381867534
19110,0.9899422858235203
19111,0.9999753217314462
19112,0.9976729018126729
19113,0.9993332922651763
19114,0.9999365441233774
19115,0.9997134519427667
19116,0.9998601678195488
19117,0.9999596053391638
19118,0.987906545078452
19119,0.9999799067791342
19120,0.9654029469523364
19121,0.999256382897538
19122,0.9554930984734815
19123,0.9627988367294023
19124,0.9991834068138878
19125,0.9999545705476559
19126,0.9792393753686626
19127,0.9989992039259202
19128,0.9885104263172432
19129,0.9995718373045004
19130,0.9987842281680148
19131,0.9997861292775088
19132,0.9999879124660767
19133,0.999836855465275
19134,0.9999893839778319
19135,0.999984815302535
19136,0.999536662859136
19137,0.9997302870667238
19138,0.990759938758473
19139,0.976085747031253
19140,0.9999545241204939
19141,0.9990728393639253
19142,0.9951273697104459
19143,0.9700823042697434
19144,0.9999328080170113
19145,0.9999418158807873
19146,0.9760309938501611
19147,0.9999186875364959
19148,0.9996956377290817
19149,0.9995499996558033
19150,0.9999674080608353
19151,0.991839493378084
19152,0.9989301895323041
19153,0.9997993062591315
19154,0.9991551421198348
19155,0.9952671869439235
19156,0.9999378486676468
19157,0.9993399622546549
19158,0.9999096870177568
19159,0.9695564939542117
19160,0.9999836751089186
19161,0.9900623850737427
19162,0.9983112482502337
19163,0.31653198148261086
19164,0.9511705889529145
19165,0.9990994076060089
19166,0.9909286754739364
19167,0.9991772192482485
19168,0.9934840396896716
19169,0.9992481998752879
19170,0.9953876679952797
19171,0.9451251755939731
19172,0.9690711586332209
19173,0.9874038049616559
19174,0.999212092576498
19175,0.9998523716915461
19176,0.9977588822034003
19177,0.9998140937959831
19178,0.9988705054870635
19179,0.9997342837147833
19180,0.9986713769872676
19181,0.9999325335391143
19182,0.9323051020015568
19183,0.997040131243924
19184,0.9929975499939235
19185,0.999716387146844
19186,0.9994885639467843
19187,0.9991917782761668
19188,0.999891231738056
19189,0.9994583790064419
19190,0.9568517188765016
19191,0.8757525665852738
19192,0.9996880227236973
19193,0.9987030725660742
19194,0.9985699733228909
19195,0.9632531787082061
19196,0.9994088555714639
19197,0.9990631963025263
19198,0.9998630677508061
19199,0.9991035616675839
19200,0.9965786463896203
19201,0.9999666947156594
19202,0.9999919367876737
19203,0.9999642414054417
19204,0.9999789083819373
19205,0.6694744528920457
19206,0.9979913949315619
19207,0.99935464634265
19208,0.998530310974375
19209,0.9995115355906623
19210,0.9998353108949922
19211,0.9989456779452862
19212,0.9998067901721758
19213,0.9975784306603338
19214,0.9961114045551814
19215,0.8385940491735758
19216,0.9983706001451701
19217,0.9713316806486567
19218,0.9982322646897809
19219,0.9995803626838874
19220,0.9976616378724388
19221,0.999488729756073
19222,0.9969623670315486
19223,0.9998093249215702
19224,0.999976599350245
19225,0.9990789045111059
19226,0.9995887115833417
19227,0.9998642303870161
19228,0.9996126058204283
19229,0.9999641290036096
19230,0.9994112726939988
19231,0.9999386655512889
19232,0.9991256306264988
19233,0.9993574053278855
19234,0.9969366610391085
19235,0.9711435319588764
19236,0.9315948874942428
19237,0.9994412468539424
19238,0.9789191560400116
19239,0.9508963805593692
19240,0.9997471362617473
19241,0.9989984656708394
19242,0.9999333100165763
19243,0.9998293424410031
19244,0.9959909180118443
19245,0.9975255908257381
19246,0.9946595133113144
19247,0.9906598277740298
19248,0.9981715038887147
19249,0.9996880008820785
19250,0.9992433055437304
19251,0.9897337925658463
19252,0.9990646258019026
19253,0.6638347788410683
19254,0.9617882982323194
19255,0.9878559337290435
19256,0.9999819153822729
19257,0.9998456583693296
19258,0.9832216489121024
19259,0.9980857897509476
19260,0.9469228425342455
19261,0.8569989480908363
19262,0.9060157822503976
19263,0.9997136996739419
19264,0.9996781300972315
19265,0.9984564715257592
19266,0.9995077141356901
19267,0.9997568678440135
19268,0.3523386565103134
19269,0.9982592375108237
19270,0.9917655145913254
19271,0.9999787094936029
19272,0.9825544787326305
19273,0.9998488770981576
19274,0.9998669976174682
19275,0.9997955519196017
19276,0.9993671499056365
19277,0.9968842403915584
19278,0.9767612530177637
19279,0.9978897953537649
19280,0.9995352947439419
19281,0.9995314666246323
19282,0.999052301031276
19283,0.6742251385465656
19284,0.9341806195563311
19285,0.9964992571497133
19286,0.9985159175226721
19287,0.988968345181442
19288,0.9999248501212984
19289,0.9970670712058036
19290,0.9616506701955447
19291,0.9441283731283218
19292,0.9998123053819633
19293,0.9960453259301633
19294,0.9999755652733789
19295,0.9972518778518074
19296,0.9996637389108554
19297,0.7075707736353387
19298,0.9998538154711107
19299,0.9994923294173187
19300,0.9999981953271361
19301,0.9991716558327013
19302,0.7107095501298814
19303,0.9999310144093979
19304,0.9519411221453592
19305,0.9994687243531069
19306,0.999962990457514
19307,0.9999619080183623
19308,0.9996136240002476
19309,0.08627709006576184
19310,0.9984078426551236
19311,0.9987391530768681
19312,0.9999577126872244
19313,0.9984831742072646
19314,0.9951759647893109
19315,0.9999959335047762
19316,0.9960122654061709
19317,0.8433636709919041
19318,0.9994680327601623
19319,0.9995924152002276
19320,0.9998208190565443
19321,0.9985109232411178
19322,0.9999849352537145
19323,0.9444404444860777
19324,0.9999132520823311
19325,0.996252875782324
19326,0.39807046306860283
19327,0.8687187073802246
19328,0.9992251006740424
19329,0.9961712485380633
19330,0.9635992782543896
19331,0.9993144371760098
19332,0.9860865541788236
19333,0.9949142407554571
19334,0.9997864205846889
19335,0.9721078612918497
19336,0.9995205164970937
19337,0.99996043337527
19338,0.03943482965643435
19339,0.9979440699834138
19340,0.9989485820769792
19341,0.9999622646907056
19342,0.9896297024833386
19343,0.9997014528035861
19344,0.7958707049330473
19345,0.9999667384237124
19346,0.9903416256091935
19347,0.9999718202712475
19348,0.9999966315773452
19349,0.996110954503574
19350,0.08494494384366748
19351,0.9997848091746797
19352,0.9997892446618913
19353,0.9922524514978872
19354,0.9999806777332936
19355,0.9996300604239663
19356,0.9999051392244839
19357,0.9739779823011511
19358,0.867915771655583
19359,0.9995151634426178
19360,0.07827096160138663
19361,0.8886830247121661
19362,0.9999852150044947
19363,0.3595087790566638
19364,0.9394176233993125
19365,0.9996753454955308
19366,0.999975311976573
19367,0.9998842775504236
19368,0.5993107518418935
19369,0.9993368570107426
19370,0.9953853993089746
19371,0.9279144427187357
19372,0.9991860342602203
19373,0.6532079451904358
19374,0.9994489355574463
19375,0.9991762929023049
19376,0.9757604098857502
19377,0.981417144420444
19378,0.9999513583539578
19379,0.9999058727596729
19380,0.9996205979253511
19381,0.9982464943902385
19382,0.9987015586760783
19383,0.9970913208827389
19384,0.2557356496917703
19385,0.9981206068744454
19386,0.9478717694460413
19387,0.9998908183764798
19388,0.9995115383459777
19389,0.9982896441045114
19390,0.6050285202481294
19391,0.9999914621555203
19392,0.9996703237826282
19393,0.9740592215136489
19394,0.999877702614589
19395,0.995891018099009
19396,0.9999157329354553
19397,0.9996095344916743
19398,0.9995857228884582
19399,0.9995689613955129
19400,0.999470603937081
19401,0.9998914311852872
19402,0.9998518545132933
19403,0.9999436400115577
19404,0.9963392064368586
19405,0.9965449950612102
19406,0.9999418566792356
19407,0.9999713424742698
19408,0.9911288920907784
19409,0.9999131890814236
19410,0.9991051127238422
19411,0.9997891634671586
19412,0.9862140135873225
19413,0.9999612874999206
19414,0.9998251101477477
19415,0.9999632836995839
19416,0.725045928826311
19417,0.9996675346754789
19418,0.999931130119846
19419,0.9999920454144942
19420,0.8329733191587211
19421,0.9731433518009516
19422,0.9999652490768823
19423,0.9996952566158949
19424,0.9998254867288774
19425,0.9554189147441248
19426,0.9855720611979615
19427,0.9996367390413154
19428,0.999467770097399
19429,0.8128585978191277
19430,0.9995328614272426
19431,0.9951115948910253
19432,0.8232024588729966
19433,0.9607269452178818
19434,0.9996536862759893
19435,0.9903176472945386
19436,0.7477604689805681
19437,0.9983620648505005
19438,0.9994077926635883
19439,0.9922521675112418
19440,0.9998990097557414
19441,0.9996905257025078
19442,0.9998945685137492
19443,0.9999719095383754
19444,0.9981020107216396
19445,0.9999906575962798
19446,0.9998053649204139
19447,0.9997941790872719
19448,0.999985715437151
19449,0.9942157822370276
19450,0.9994981979920631
19451,0.9992840859411888
19452,0.9877125899931987
19453,0.9995028158525692
19454,0.9999485558542892
19455,0.9999740993173643
19456,0.999100684505657
19457,0.9993506101819976
19458,0.999005442670514
19459,0.9968306063143179
19460,0.9994570624909614
19461,0.9555050527605046
19462,0.8968999384941807
19463,0.9927919814581815
19464,0.9999743374996983
19465,0.999795875500571
19466,0.9958927673777561
19467,0.9847249389159822
19468,0.9998351726523307
19469,0.9997233399307206
19470,0.9968236482562025
19471,0.9999966436215834
19472,0.9998182040990898
19473,0.8181270241924761
19474,0.9999628816351775
19475,0.9528301497137457
19476,0.9999271197560217
19477,0.9999924019468723
19478,0.8750150912514294
19479,0.999977836100935
19480,0.9965719561468168
19481,0.9999849245414536
19482,0.9998781745569578
19483,0.9983700629287056
19484,0.9987725089688325
19485,0.9995071558754505
19486,0.9932375738205818
19487,0.9993454159378518
19488,0.9999753706022213
19489,0.8764965195192707
19490,0.9999362748540204
19491,0.9948441392010802
19492,0.9998319563546215
19493,0.9993552426820623
19494,0.3006095266992625
19495,0.9989703057688906
19496,0.9542902088734774
19497,0.9496128873207315
19498,0.9953271065260076
19499,0.9994791800168227
19500,0.982830654020097
19501,0.9999688273362253
19502,0.9999877427973765
19503,0.9980026188619173
19504,0.9991986959371171
19505,0.9881285975112168
19506,0.9990844906517722
19507,0.9993349156105451
19508,0.999978840927846
19509,0.999132790166358
19510,0.9875489210971096
19511,0.9987629369772767
19512,0.9940571067482078
19513,0.9981568258765542
19514,0.9891516802175054
19515,0.9992836569516659
19516,0.9301727234165825
19517,0.9985957730167833
19518,0.997960784024555
19519,0.9999652424374289
19520,0.9803699286618016
19521,0.7384467802781881
19522,0.9996800535669162
19523,0.9999737134984273
19524,0.9999275159095389
19525,0.9996582036626985
19526,0.9505104970030924
19527,0.9999475334814558
19528,0.995927835028048
19529,0.8954331993087639
19530,0.9939651528600103
19531,0.9999869067019749
19532,0.6910422843401914
19533,0.9994027403881248
19534,0.9997008820493555
19535,0.9954246497366892
19536,0.7584736985478917
19537,0.9998226132789233
19538,0.9906897046963413
19539,0.9979866282895284
19540,0.9989281034788224
19541,0.519223438302189
19542,0.9998232536710144
19543,0.999107644394258
19544,0.9999618756662135
19545,0.9999850181139797
19546,0.9999091637885383
19547,0.9994832388306104
19548,0.9933978857704053
19549,0.8461316836286885
19550,0.5161476184704499
19551,0.9995672792169814
19552,0.9998018087693648
19553,0.9999798641294984
19554,0.9996485545467344
19555,0.9133805820201677
19556,0.9934888747105111
19557,0.9999432614018854
19558,0.9974651066446206
19559,0.9942067579128253
19560,0.9746545900471006
19561,0.998793286482297
19562,0.9998042578196794
19563,0.9981616846588276
19564,0.9976446364389364
19565,0.9994824290390925
19566,0.49046683823262494
19567,0.9999085679887656
19568,0.5818223078539076
19569,0.9988978626110111
19570,0.9986266752311769
19571,0.9993614844741255
19572,0.9940072136519232
19573,0.963507154371227
19574,0.9932148467279063
19575,0.9300724233194705
19576,0.999950297029118
19577,0.9856938711326496
19578,0.9999323429565516
19579,0.9997141380093254
19580,0.9327631438184132
19581,0.9999080705659888
19582,0.9990561296547209
19583,0.9986529927539438
19584,0.0842578487823902
19585,0.9969863481960427
19586,0.9927420878299698
19587,0.9997087822640957
19588,0.9989067048963254
19589,0.9962887266563158
19590,0.9991358265565333
19591,0.9996118716732335
19592,0.9999821312492368
19593,0.9980080249975095
19594,0.9991923899681476
19595,0.9665544625261765
19596,0.9966213228076272
19597,0.7812316148430977
19598,0.9997746772970801
19599,0.9989643617691655
19600,0.999350656161772
19601,0.9997263396796207
19602,0.9999731874924187
19603,0.9996433109106818
19604,0.9984998272442008
19605,0.9999120855044784
19606,0.9991917652284895
19607,0.9246114881976994
19608,0.948325441166849
19609,0.9975214334496703
19610,0.9987488237954298
19611,0.8532296438185162
19612,0.3887776482657258
19613,0.999873162051525
19614,0.999528205612346
19615,0.9992308470570629
19616,0.9993421988130426
19617,0.9995574006866459
19618,0.9999775767459502
19619,0.999919455647455
19620,0.12066998701041902
19621,0.9960518290361547
19622,0.9999449518212684
19623,0.9999416110848243
19624,0.9997352506462636
19625,0.9998326216248157
19626,0.9995941533310173
19627,0.9997905155889675
19628,0.9994039808056978
19629,0.9999879355498649
19630,0.998895659920417
19631,0.9999520478828662
19632,0.9924471459251242
19633,0.9992449542662033
19634,0.9998551263229867
19635,0.9336002354290036
19636,0.999457027516272
19637,0.9270063190693488
19638,0.9896666758570936
19639,0.9876693506393387
19640,0.9994113324675203
19641,0.999814568697766
19642,0.9975244668727915
19643,0.9994926322716815
19644,0.2443463035306438
19645,0.9897432939127326
19646,0.9957979660793133
19647,0.9545654095526084
19648,0.9999481554752863
19649,0.9776157067240451
19650,0.9954793074052729
19651,0.9999767201407636
19652,0.9255410220041487
19653,0.9997007932320496
19654,0.9179290467558054
19655,0.9948433746564633
19656,0.9999715643719678
19657,0.9999458538856884
19658,0.999931069138419
19659,0.9995244919115438
19660,0.9991332546695393
19661,0.9978478119535592
19662,0.9993760109646049
19663,0.9992459440310753
19664,0.9994070492943062
19665,0.5730652115043923
19666,0.9941476151606803
19667,0.9996968988921308
19668,0.9998116661354917
19669,0.9997962677730468
19670,0.973840771032769
19671,0.9999797912527287
19672,0.9983255896893327
19673,0.9991361822871392
19674,0.9998852742409113
19675,0.999960378252813
19676,0.9999464126100558
19677,0.9961205367472286
19678,0.9895547235198557
19679,0.999890668492766
19680,0.9817046581399739
19681,0.999992780399688
19682,0.9999726313709465
19683,0.9996445964249299
19684,0.9996781544737872
19685,0.9997027496869791
19686,0.9919658698451461
19687,0.9849095854917428
19688,0.9997506357742197
19689,0.9480342596786888
19690,0.6819848828790773
19691,0.995664259803973
19692,0.9999528732035948
19693,0.9986888360891637
19694,0.9998897403210995
19695,0.0013042091382315909
19696,0.9945118183891245
19697,0.7247074319582331
19698,0.9994141101592077
19699,0.9919082430082865
19700,0.9853836724673152
19701,0.9994754538087545
19702,0.989305332911461
19703,0.9998772252553239
19704,0.9982959830866652
19705,0.9735813098798656
19706,0.9947326966237443
19707,0.9980111603667209
19708,0.7525567736134497
19709,0.954043651519086
19710,0.8179251954826071
19711,0.9991578846994013
19712,0.9999345425764468
19713,0.9683646420495222
19714,0.02725455931803131
19715,0.9999970848411196
19716,0.23241100350607602
19717,0.9999893435192512
19718,0.9996343730998509
19719,0.9984816985514663
19720,0.9942422828657638
19721,0.9999411440872464
19722,0.9957666774136311
19723,0.9965945999435236
19724,0.9286521696091282
19725,0.9768350096478489
19726,0.9999724693581965
19727,0.9922280907229354
19728,0.9995593887483772
19729,0.9554449667736568
19730,0.16868729303790314
19731,0.015957058785617886
19732,0.999775329576844
19733,0.9996917514813075
19734,0.9999914910298315
19735,0.9999728168788572
19736,0.7035366285018183
19737,0.9993028212314188
19738,0.9999863665730859
19739,0.9966811437241525
19740,0.9996672836862914
19741,0.9997075610586039
19742,0.9999199670510632
19743,0.9997059880215341
19744,0.998107972745428
19745,0.9999514915247434
19746,0.92695735159428
19747,0.819924021562106
19748,0.9998780398512692
19749,0.9992967249778494
19750,0.9994267646308242
19751,0.9997370884680625
19752,0.9307854482991106
19753,0.9994976037631972
19754,0.9998728922482364
19755,0.014467313297216058
19756,0.38095592783633053
19757,0.9854619334596576
19758,0.8990747317908313
19759,0.9996466263371884
19760,0.9979045324173456
19761,0.9159505094809046
19762,0.9904837243601271
19763,0.9998532652007021
19764,0.999969285893112
19765,0.9993354160201371
19766,0.9967109179880215
19767,0.9998508599766601
19768,0.9998799996806647
19769,0.9999693470740051
19770,0.9952421227538522
19771,0.9792647902125414
19772,0.9999815138658712
19773,0.9999656506281779
19774,0.9503837246349129
19775,0.9996913336089243
19776,0.6529908146932301
19777,0.9999932022071621
19778,0.9999887601640474
19779,0.9999501659642748
19780,0.9998092807928709
19781,0.9924541709450392
19782,0.012216637667463321
19783,0.9996311199741948
19784,0.9999739854542533
19785,0.9989705667663847
19786,0.9999856369174923
19787,0.9999893998506605
19788,0.9977871093817994
19789,0.0010241254262360621
19790,0.9971089471116181
19791,0.9999504049925511
19792,0.9999645699491676
19793,0.9832502000574304
19794,0.9998899784662798
19795,0.9990737903646392
19796,0.9998904385986224
19797,0.9864123263319392
19798,0.44995856165422826
19799,0.06264937879448226
19800,0.9803369293326291
19801,0.9999033125566045
19802,0.9999021898245978
19803,0.9996473701751916
19804,0.8583056379450761
19805,0.9999400961477672
19806,0.9860866818390093
19807,0.999813112591184
19808,0.946751425315038
19809,0.9808516516857293
19810,0.9999826353528649
19811,0.9509855536936721
19812,0.6437384368844282
19813,0.9654070565159367
19814,0.9999506450954092
19815,0.9946259109884811
19816,0.9980309435536087
19817,0.9995605739936824
19818,0.9992751216360243
19819,0.999962172522712
19820,0.9997909538709445
19821,0.9999732823067631
19822,0.9998312668151921
19823,0.9999755894309458
19824,0.1087344804849444
19825,0.9993014462868713
19826,0.9227468387353457
19827,0.9997599229500043
19828,0.9973953227848489
19829,0.9881334297201717
19830,0.9998912055543913
19831,0.981133811380669
19832,0.620972076191659
19833,0.9922948281008127
19834,0.999455815070632
19835,0.9990262028054905
19836,0.970510638099279
19837,0.9927339676840929
19838,0.999975059103802
19839,0.9999795897869684
19840,0.9998925610881361
19841,0.9988169828017689
19842,0.9706553530991582
19843,0.9983478279438452
19844,0.9997861878515891
19845,0.9996322653616629
19846,0.9999766607639251
19847,0.9911828658393315
19848,0.9991251240428204
19849,0.8982714032644802
19850,0.9347558685880131
19851,0.8749769716279144
19852,0.9970313051623931
19853,0.9855662656130798
19854,0.9999826173922585
19855,0.9986046007028572
19856,0.20826617742184025
19857,0.9963170070855629
19858,0.9279161194750235
19859,0.9749395478674369
19860,0.9999272416378944
19861,0.9997993182253583
19862,0.960115656766348
19863,0.05080225852105999
19864,0.9840959043810877
19865,0.9999131539939469
19866,0.9991831258311994
19867,0.9997115584962534
19868,0.9692613804390002
19869,0.9766062576197535
19870,0.9697232780234472
19871,0.9997882089469218
19872,0.999689503422645
19873,0.9998038515423227
19874,0.9998961566526449
19875,0.9999796180217665
19876,0.981417328503975
19877,0.974677638082641
19878,0.9932378983963861
19879,0.9986748166096137
19880,0.9992505183196765
19881,0.9985941194261414
19882,0.9803011789768614
19883,0.995354281657063
19884,0.9993661186970719
19885,0.9717598173064121
19886,0.9997004787568144
19887,0.8066245962918094
19888,0.9613133168963501
19889,0.9994448113584158
19890,0.9998084854030184
19891,0.996502148357982
19892,0.6267699289617745
19893,0.9999495462424757
19894,0.9993671499056365
19895,0.8337727470711099
19896,0.9849645443004408
19897,0.9991925527157943
19898,0.99975414378978
19899,0.9999710603272731
19900,0.9973592588927949
19901,0.8683749573597594
19902,0.9993145644330661
19903,0.999835327017999
19904,0.9999103116536535
19905,0.9996749275910894
19906,0.9968082596888158
19907,0.9934441441690703
19908,0.9721422265562035
19909,0.8895714968183447
19910,0.9986247759020326
19911,0.2648290525869549
19912,0.9983892082864553
19913,0.9903873485745931
19914,0.9988404403438015
19915,0.9969089071725971
19916,0.9998300735215323
19917,0.9857390182249774
19918,0.998803977288985
19919,0.9795701388422248
19920,0.9142850198145405
19921,0.999971905718529
19922,0.9992233369751247
19923,0.9999239130543361
19924,0.999778341284392
19925,0.9988029945862882
19926,0.9939415822996244
19927,0.9999766561415246
19928,0.9994560319416801
19929,0.9996891216487498
19930,0.8850940343290754
19931,0.9131451828061162
19932,0.9999875571899409
19933,0.9996917323628561
19934,0.9999623536904143
19935,0.9997258848238231
19936,0.9999434693392658
19937,0.9999338419425697
19938,0.9996449420231367
19939,0.9803572633938568
19940,0.9995237440425035
19941,0.9992329899643414
19942,0.9783441115223553
19943,0.5751579580725635
19944,0.9671270789461833
19945,0.9991019611830363
19946,0.9999180600665695
19947,0.9999216281295349
19948,0.9999360107745465
19949,0.7164521722817297
19950,0.8554805682718969
19951,0.996661969304098
19952,0.9989275770093649
19953,0.1949937110534118
19954,0.9995226736914377
19955,0.9999729393938392
19956,0.9968707313178181
19957,0.7491090378935478
19958,0.9505104970030924
19959,0.9966145019885898
19960,0.9998697167181777
19961,0.9277034582745589
19962,0.6020268634750073
19963,0.9999302800293435
19964,0.9947750628998716
19965,0.9993257936484367
19966,0.9979450433920695
19967,0.9990775985584059
19968,0.9922073558327327
19969,0.9993944853966715
19970,0.9999667332068551
19971,0.9997769879775332
19972,0.9994085545663433
19973,0.9992217589840398
19974,0.9955738787890139
19975,0.9997589082871969
19976,0.9999099657201508
19977,0.7442319720168854
19978,0.9994302221595689
19979,0.8864630407992029
19980,0.9999014629067605
19981,0.9999842276879639
19982,0.9905089168914198
19983,0.9482560406749528
19984,0.999985424180576
19985,0.999890704971458
19986,0.9999121147483945
19987,0.9998941510159783
19988,0.9987777811160387
19989,0.9999619190851479
19990,0.7406515999112147
19991,0.9967245024087835
19992,0.8809992044038215
19993,0.9996878093365879
19994,0.9945292350101742
19995,0.9999260400605944
19996,0.9844519082826629
19997,0.970129648559006
19998,0.999996946716256
19999,0.9716643997876175
20000,0.9998062150844818
20001,0.9994809425259468
20002,0.9999980265042185
20003,0.9996541912979902
20004,0.9994321492077645
20005,0.9999798810252997
20006,0.9999807263797951
20007,0.9990283922005723
20008,0.9999740672973813
20009,0.9999704466969984
20010,0.999986321421619
20011,0.999490204882945
20012,0.9998180704792641
20013,0.9829443863695052
20014,0.9999333268706057
20015,0.9988003651714744
20016,0.9353514938553971
20017,0.9969529255185837
20018,0.9999538568857589
20019,0.9990542247463318
20020,0.9998386580819809
20021,0.9999734195652837
20022,0.9998810263204431
20023,0.9998589463185065
20024,0.9996087091304308
20025,0.9632305280174389
20026,0.9988672870279486
20027,0.9999172736327897
20028,0.9999595809937664
20029,0.9991506386023777
20030,0.9999799010067736
20031,0.9995040794796822
20032,0.9999002245551872
20033,0.999979980153558
20034,0.9998889163598167
20035,0.7029695445704168
20036,0.9998296547065831
20037,0.9977493152391648
20038,0.9990861363799289
20039,0.9977832897439559
20040,0.999260845483266
20041,0.7403759601904424
20042,0.7288968204204279
20043,0.9991248625676273
20044,0.9912892408764373
20045,0.987762574749228
20046,0.9646419913972196
20047,0.6926119080229625
20048,0.9998399179608122
20049,0.9960483991584416
20050,0.1704442592028775
20051,0.9999749177537295
20052,0.9525594098039827
20053,0.9999335754800358
20054,0.999710481020926
20055,0.994498125066559
20056,0.9999454722152776
20057,0.8731448290742854
20058,0.987666315797787
20059,0.9952724827997851
20060,0.9960912784368531
20061,0.30065216041189474
20062,0.9629187944210793
20063,0.9999773514973778
20064,0.9978851219755285
20065,0.999816830900174
20066,0.9995785687471769
20067,0.9998588684710322
20068,0.9991170535603894
20069,0.9999976249241381
20070,0.9998009177812982
20071,0.9900357391544048
20072,0.9996030073437693
20073,0.9965715309246308
20074,0.9434012942072058
20075,0.9999420238646929
20076,0.9672835870505868
20077,0.9989534553942288
20078,0.9999761286002976
20079,0.999945512387954
20080,0.9996747849069862
20081,0.995029441299012
20082,0.9968368778397431
20083,0.9999451370922853
20084,0.9988301479180494
20085,0.9995679227334644
20086,0.9999850948380784
20087,0.9999866785305496
20088,0.9999753983930653
20089,0.4897799648330571
20090,0.9996538480864023
20091,0.9992687933510686
20092,0.9939304604177647
20093,0.8645087331245992
20094,0.9997335542266
20095,0.6070054481416534
20096,0.9976519267390238
20097,0.9989532853763686
20098,0.9916871173626467
20099,0.9931852988875338
20100,0.9999794555183139
20101,0.9996521311011136
20102,0.9999593376121086
20103,0.9999216838331979
20104,0.9962128394867816
20105,0.9962180895779201
20106,0.9983942964401815
20107,0.9996541614397554
20108,0.9998583796205364
20109,0.941462943494162
20110,0.9994611935034857
20111,0.9984705822872793
20112,0.9979133540350331
20113,0.9999084496861239
20114,0.9955998922212935
20115,0.9969907497455852
20116,0.9999488979929985
20117,0.9650339394679623
20118,0.9152055856676465
20119,0.999950478468098
20120,0.9999562058653192
20121,0.9892693570350961
20122,0.9998477145172247
20123,0.99801727883415
20124,0.999803867670025
20125,0.9990907946224954
20126,0.9800555189118934
20127,0.9883618378486588
20128,0.9991115962301579
20129,0.9999172670516823
20130,0.9584496837797217
20131,0.9884271561445276
20132,0.9999533386246433
20133,0.9999847651485736
20134,0.647946474446999
20135,0.9302587889244287
20136,0.9972509531917613
20137,0.9999216046344327
20138,0.9999795751808432
20139,0.9999577205867558
20140,0.9995191680690095
20141,0.9456236224720272
20142,0.9999968516140075
20143,0.9954359083478654
20144,0.9997032076844103
20145,0.9951897980281744
20146,0.9986526339654666
20147,0.9998124489564643
20148,0.9990586708946018
20149,0.9997007628203362
20150,0.9668835762864566
20151,0.9997509482624632
20152,0.9998663567903812
20153,0.9794766895432616
20154,0.9978917341374369
20155,0.9995389023535701
20156,0.9991004946722178
20157,0.9999924439542385
20158,0.9983763800078677
20159,0.9996787748957334
20160,0.9999775705117219
20161,0.9910029410791338
20162,0.9999635559590779
20163,0.6679636313552417
20164,0.9818759308829136
20165,0.9990502458197563
20166,0.9516963373086443
20167,0.9999500732563896
20168,0.9734940738744703
20169,0.9999973841806459
20170,0.9963239234098622
20171,0.9991822174599243
20172,0.9995148949184662
20173,0.999973853546975
20174,0.999943964404724
20175,0.9753193942635224
20176,0.9909863982531043
20177,0.9998391040042381
20178,0.875706895592352
20179,0.9325686467734619
20180,0.9993093577526085
20181,0.993346453925621
20182,0.9997736849007628
20183,0.9999756973466399
20184,0.9999820260464456
20185,0.9991544958071952
20186,0.998509912321454
20187,0.9999793197254115
20188,0.9990709428725892
20189,0.999731888376801
20190,0.999969188516876
20191,0.9999011313714905
20192,0.9981255680309864
20193,0.9987786196234474
20194,0.9682469288316913
20195,0.6868060607337946
20196,0.9429614524574811
20197,0.9994119653300008
20198,0.9981639545700494
20199,0.9990824013682187
20200,0.9993600426293443
20201,0.986854856817726
20202,0.7612900386287109
20203,0.9992756678656931
20204,0.9997379921999409
20205,0.999945946814848
20206,0.9999816438735253
20207,0.9955912182309038
20208,0.9999548169020325
20209,0.998792291244452
20210,0.9992392798897339
20211,0.9753796747303247
20212,0.9997397501137956
20213,0.9977383277314792
20214,0.9267863086747711
20215,0.9989314295953128
20216,0.9997970830857751
20217,0.9989582346663233
20218,0.9999670783167343
20219,0.9999712335378579
20220,0.8585782323357926
20221,0.9999899847324564
20222,0.9999906441854663
20223,0.9681354497913945
20224,0.9992618680699358
20225,0.9447876350764572
20226,0.9992049723516553
20227,0.9999711214335375
20228,0.95861014812913
20229,0.9995294066316828
20230,0.9383259172517296
20231,0.9547277311544278
20232,0.9921807111520923
20233,0.9993179368770894
20234,0.9999051053930114
20235,0.999660006681448
20236,0.9996841922339159
20237,0.9988594924175567
20238,0.6383635234241959
20239,0.9985102847532589
20240,0.9887025769602028
20241,0.9997810319321567
20242,0.9945989036132559
20243,0.9731198776938731
20244,0.9999824099602638
20245,0.9991642160463432
20246,0.9999430658354791
20247,0.9993348411590037
20248,0.5359899437343976
20249,0.9999204122175348
20250,0.99860390374737
20251,0.9990883083580924
20252,0.9999760142109264
20253,0.999856911118241
20254,0.996902817390962
20255,0.9944885150446741
20256,0.999853653852267
20257,0.5910788761885261
20258,0.9999692810609986
20259,0.9999867178985593
20260,0.9978749415568027
20261,0.9866223961474593
20262,0.9984840376859355
20263,0.9946093033429683
20264,0.9940393787758743
20265,0.9985661121601334
20266,0.961030327241112
20267,0.9999983019904104
20268,0.9574793638673689
20269,0.9902979692861421
20270,0.9999558529959505
20271,0.9889309188203621
20272,0.9987655583008253
20273,0.9985874107788296
20274,0.9934578696246473
20275,0.991065504836066
20276,0.9998331962860493
20277,0.9855264689222779
20278,0.8411275593213696
20279,0.9999812703960446
20280,0.9995672589186917
20281,0.9999459823048715
20282,0.9988936896694078
20283,0.9998257908459293
20284,0.9996152854106347
20285,0.9989757384080786
20286,0.9997619351319277
20287,0.9996561402216211
20288,0.7883702659113843
20289,0.9992724001128868
20290,0.9875756205089289
20291,0.9992327827378995
20292,0.9861955935310247
20293,0.9917850505099952
20294,0.9979757459207431
20295,0.4396635337349584
20296,0.9966445682673404
20297,0.9997974575338645
20298,0.9423670912252112
20299,0.9976184207125471
20300,0.9996818525545829
20301,0.9979869414988346
20302,0.9983227513565198
20303,0.9987323049457656
20304,0.9710657507439369
20305,0.9998696983297853
20306,0.9469747721201572
20307,0.990370565281635
20308,0.9999803354651486
20309,0.9848991272268508
20310,0.999715712601197
20311,0.9971020019812499
20312,0.9934024194799441
20313,0.9993492734493696
20314,0.9984569005995368
20315,0.9994966757390538
20316,0.9999930906574409
20317,0.9961123788929119
20318,0.9917712138980309
20319,0.9998256372116778
20320,0.6037371613321191
20321,0.9569172446400758
20322,0.9899601367210511
20323,0.9996429927091488
20324,0.9996437230222504
20325,0.9906054067375876
20326,0.995382153613956
20327,0.9999850671261163
20328,0.9993512361955738
20329,0.9856400716666515
20330,0.9997993661339376
20331,0.9997935888466949
20332,0.9823192448225067
20333,0.9786394050206357
20334,0.9999488979929985
20335,0.9999568993361625
20336,0.9992120622070269
20337,0.38679707219864823
20338,0.9995732615432061
20339,0.9046875486473935
20340,0.9996441665140214
20341,0.9978032691691182
20342,0.9752189430555115
20343,0.9968252924851857
20344,0.9879995216096487
20345,0.9462424321938414
20346,0.9151673830183277
20347,0.9977905590057803
20348,0.9999615844278144
20349,0.9993968491955315
20350,0.9999750828571528
20351,0.9999860031589626
20352,0.9984421409568595
20353,0.9933803268678223
20354,0.9999977870057302
20355,0.8438217814292208
20356,0.9922557398775774
20357,0.9999643973585511
20358,0.9802023954166503
20359,0.9876901064083958
20360,0.9709516601394946
20361,0.999967721672653
20362,0.9997112632237851
20363,0.9999534505279434
20364,0.9962057060000765
20365,0.9995691713788318
20366,0.9889309188203621
20367,0.9985901057426434
20368,0.9620594148275462
20369,0.9859001043816152
20370,0.8559231283862305
20371,0.9997247812211059
20372,0.99718178543687
20373,0.9752361409182319
20374,0.9994784417232917
20375,0.9993302655503115
20376,0.9999036895802943
20377,0.9999783150726191
20378,0.9976518579828791
20379,0.9936253398068419
20380,0.9955396793926039
20381,0.9999932541578767
20382,0.9998958973806223
20383,0.9634674959919208
20384,0.9995745624735827
20385,0.9977715741053557
20386,0.8360879698359229
20387,0.9998741769314009
20388,0.9876927281840813
20389,0.9999873133030406
20390,0.9992967075662833
20391,0.9978840985322351
20392,0.9999272552930188
20393,0.9993877207639666
20394,0.997384708122866
20395,0.9999616885092096
20396,0.999988934705996
20397,0.8978621922038345
20398,0.9996885601922996
20399,0.9999890686638786
20400,0.999319266147088
20401,0.9147976568834044
20402,0.9999210825444839
20403,0.9912970851368829
20404,0.9999454120286997
20405,0.9999965033467912
20406,0.9924450630582897
20407,0.9980748074519528
20408,0.9986537839177643
20409,0.9994903575635571
20410,0.9999747973277923
20411,0.986442590731132
20412,0.9991329944644645
20413,0.9854473338434725
20414,0.9999119873188018
20415,0.9993501083959186
20416,0.7520996119921594
20417,0.9993963845218363
20418,0.9999792310188912
20419,0.999989855988483
20420,0.9999914821200496
20421,0.9251881172011922
20422,0.14354679721104152
20423,0.9979974598631354
20424,0.9956689223770278
20425,0.658531120501694
20426,0.9887270768802994
20427,0.9999780403985759
20428,0.9999883097516109
20429,0.9996650593681812
20430,0.9039933256332424
20431,0.988269109520319
20432,0.9998971508575365
20433,0.9999947025361587
20434,0.9993237460069522
20435,0.9292598815428251
20436,0.9951701687669765
20437,0.9902737293981655
20438,0.9519543019223243
20439,0.9983184165500343
20440,0.9994303313916623
20441,0.9832270888645533
20442,0.9980698209247297
20443,0.9997606126773856
20444,0.9999812042833631
20445,0.9998105219945473
20446,0.9982072100422296
20447,0.24544917026464483
20448,0.9984155369287548
20449,0.9977657885666991
20450,0.9996085201015035
20451,0.9816302353635967
20452,0.9984484822193498
20453,0.99991601067503455
20454,0.9802098119851897
20455,0.995536165251361
20456,0.9999089813253579
20457,0.9998936836743699
20458,0.9990288861311128
20459,0.9890535384542194
20460,0.991981956785357
20461,0.926061849828945
20462,0.9923653027952335
20463,0.9884664019525898
20464,0.9996711849918587
20465,0.9999807105677727
20466,0.965621296987377
20467,0.9782768872330295
20468,0.9999296059890248
20469,0.9985932995377248
20470,0.9472876321164452
20471,0.9995278661499963
20472,0.9905560678388191
20473,0.9997662478490363
20474,0.9993014824864076
20475,0.9999914260439412
20476,0.9983346465743752
20477,0.9999446531520735
20478,0.27851251411422323
20479,0.9997912584000872
20480,0.9997088613719217
20481,0.999696464916255
20482,0.9999528138218984
20483,0.9999353502755077
20484,0.9911655754009812
20485,0.9992401948996912
20486,0.9157647922169608
20487,0.9999787170285178
20488,0.9996363160271076
20489,0.9420282334626133
20490,0.9999959408636785
20491,0.7904941891332132
20492,0.9838661687676442
20493,0.9972257698913712
20494,0.18796818081691127
20495,0.9999722126993148
20496,0.9999549106059017
20497,0.999382600886841
20498,0.9999921952465699
20499,0.9960765579466307
20500,0.9978032693281152
20501,0.9995965375742679
20502,0.658801219014031
20503,0.9930300656949423
20504,0.9999850718819301
20505,0.9797131477242779
20506,0.9101328181328214
20507,0.9972033829554389
20508,0.8913312212982708
20509,0.9994666564284354
20510,0.9870193724996711
20511,0.96938661927045
20512,0.9971367050115035
20513,0.9986299911113228
20514,0.9999785242399406
20515,0.9942167418220034
20516,0.9996305629073634
20517,0.8878100553211135
20518,0.9962509820537344
20519,0.9770609111379688
20520,0.9012161999678
20521,0.9896158789915539
20522,0.9972337957519631
20523,0.9996830842216472
20524,0.9890315152459216
20525,0.9999851195317202
20526,0.9999209072678876
20527,0.9999885290914139
20528,0.9974712230413557
20529,0.9998438195801553
20530,0.9994931175334755
20531,0.9971478084228287
20532,0.9999361663510808
20533,0.9964191710437259
20534,0.9999704347768126
20535,0.9996449033210908
20536,0.9813533964381626
20537,0.9982592375108237
20538,0.9981218168383252
20539,0.9997677887149827
20540,0.9844676449343344
20541,0.9974394159558269
20542,0.999927995451924
20543,0.9996523196153317
20544,0.9989950716642167
20545,0.9996508937334037
20546,0.9996633410358176
20547,0.9999680086574603
20548,0.9988076076162818
20549,0.9983115081964792
20550,0.9999746880480929
20551,0.9444322928663829
20552,0.9985865774679696
20553,0.9975218783376106
20554,0.9912521159385808
20555,0.9214340814018197
20556,0.28639144775251407
20557,0.9967533786138921
20558,0.9998281647732962
20559,0.9969306327980811
20560,0.9935820272135468
20561,0.9142841005595941
20562,0.9993330289576717
20563,0.8631461449595942
20564,0.9973527021640126
20565,0.9405578312371843
20566,0.9999769906725334
20567,0.11903920540902167
20568,0.9979393701269633
20569,0.9274004140743093
20570,0.9904256617142118
20571,0.9935137394146207
20572,0.999025493137856
20573,0.8965424197800425
20574,0.9973384932343737
20575,0.9867520565556116
20576,0.9994853304357189
20577,0.9999433079826335
20578,0.9993326089467166
20579,0.9999972454985177
20580,0.999990592516454
20581,0.999676109274481
20582,0.4731229819865031
20583,0.9979019723990449
20584,0.9636401508291678
20585,0.9973605697798591
20586,0.9996073583335171
20587,0.9999184158824604
20588,0.9997308429953543
20589,0.055865120443193035
20590,0.9999812589277984
20591,0.9990213110483956
20592,0.9893410855990821
20593,0.9952461089956278
20594,0.9999397976040963
20595,0.9999762603255886
20596,0.9998054053496546
20597,0.999971862076158
20598,0.9991042837882395
20599,0.9962471765694539
20600,0.9998601566449384
20601,0.99990311736508
20602,0.9979937895850451
20603,0.9999567577546449
20604,0.9986764888585915
20605,0.9998023266980143
20606,0.9995200294771145
20607,0.9809209669984535
20608,0.9999524467625996
20609,0.9981706657741594
20610,0.9999757952825702
20611,0.9880575361432284
20612,0.9793162122349884
20613,0.8917815807690368
20614,0.9998059242377998
20615,0.9999729298614639
20616,0.9999879221308775
20617,0.9994768450218227
20618,0.32216310500637796
20619,0.9985363380613737
20620,0.9999790746476434
20621,0.9968544066654413
20622,0.9897504686685745
20623,0.9938873594183583
20624,0.9944544344836429
20625,0.9991052040117596
20626,0.9979532234777333
20627,0.9990969462002075
20628,0.9994597084952909
20629,0.9981223832968873
20630,0.9145953631299073
20631,0.9880543649071603
20632,0.9853282124402786
20633,0.5360107067312733
20634,0.9993994847319129
20635,0.9999353473953818
20636,0.999970113610227
20637,0.9722324104538748
20638,0.9594901343719869
20639,0.998692337611924
20640,0.9989901502396544
20641,0.7711422422582256
20642,0.9539088271451558
20643,0.9999562343831053
20644,0.9994512560236052
20645,0.9387940013196159
20646,0.9999656254120614
20647,0.9997800688352355
20648,0.9962372198931861
20649,0.9988284656879568
20650,0.9983076404834599
20651,0.9983520021342538
20652,0.9997252650548915
20653,0.9999760856645484
20654,0.33888134733161135
20655,0.9848138061779617
20656,0.9803776205713198
20657,0.9999221514989405
20658,0.9979367762517983
20659,0.9999946455394603
20660,0.999984494532513
20661,0.9994283754691456
20662,0.9925965724806856
20663,0.9742597096950698
20664,0.9826254417210202
20665,0.9999758504118579
20666,0.7802993074412183
20667,0.9545939631755663
20668,0.999926875891785
20669,0.999926837900262
20670,0.9965289543949524
20671,0.9999176541244559
20672,0.9922296134029471
20673,0.9996901258438582
20674,0.9989569603472277
20675,0.9981418762282424
20676,0.9999731422733397
20677,0.9988989625792702
20678,0.9991116305887108
20679,0.6129265103555211
20680,0.9998854090100691
20681,0.9999689814622645
20682,0.9999427874370062
20683,0.8903431749080706
20684,0.9362613208164223
20685,0.9869477211940353
20686,0.9999716614695584
20687,0.9996232091125649
20688,0.962857240189932
20689,0.9997970965277724
20690,0.9999699583971032
20691,0.9803772706627722
20692,0.9999891572714734
20693,0.9999561910275755
20694,0.9999909037876292
20695,0.999978497859702
20696,0.17060663876582846
20697,0.9895988549874315
20698,0.9961332831262235
20699,0.9700840877407095
20700,0.9996354767308826
20701,0.9954267740865776
20702,0.9962500131243055
20703,0.9986292722462736
20704,0.9855690141134766
20705,0.9994933949354093
20706,0.9994769862203512
20707,0.9365449776627808
20708,0.9870273129936395
20709,0.9999815564902038
20710,0.9998672192116984
20711,0.9817015819456312
20712,0.9999178169905751
20713,0.9998903929624549
20714,0.9999835143815146
20715,0.9987170059418495
20716,0.9998524954837094
20717,0.9999993302196827
20718,0.9434855249883896
20719,0.9427521814823696
20720,0.9979244984205278
20721,0.9735420710565097
20722,0.999640932486636
20723,0.9999540521746495
20724,0.4217164896064823
20725,0.9995012094704985
20726,0.9933214979704318
20727,0.9748248019073459
20728,0.9402437598814002
20729,0.9930412860914795
20730,0.3842588880514306
20731,0.5177672860938998
20732,0.9990131576262673
20733,0.9955317665699244
20734,0.903596986513405
20735,0.9998634674571842
20736,0.9988090043243797
20737,0.9999559832090869
20738,0.9999850187597156
20739,0.9998441973981607
20740,0.07036806260671825
20741,0.9934481782325227
20742,0.12369991720595934
20743,0.998705843511686
20744,0.9977334795033539
20745,0.9989456779452862
20746,0.9994193023912904
20747,0.999925249260169
20748,0.9999833412929917
20749,0.9999083933340233
20750,0.9940378360905145
20751,0.9995979540113324
20752,0.9991712756743357
20753,0.9918107710042394
20754,0.998345693250994
20755,0.9994672985906625
20756,0.9996124624781277
20757,0.8902502525194258
20758,0.9938990159704231
20759,0.9670084454158756
20760,0.9560102136931559
20761,0.9964059650433212
20762,0.9679700998657338
20763,0.9996391314363424
20764,0.9982436947577352
20765,0.9999387973481005
20766,0.9999699655462957
20767,0.9990374903476861
20768,0.9997685090434842
20769,0.999982578562618
20770,0.9697232780234472
20771,0.9882621139166256
20772,0.990500395495092
20773,0.9999488242671182
20774,0.9996582805279811
20775,0.999672764545204
20776,0.9993914090052262
20777,0.9416845267235682
20778,0.9990351249835604
20779,0.06675539516742539
20780,0.9973601931234268
20781,0.999914198275806
20782,0.9990149204916289
20783,0.9997370884680625
20784,0.9997604801613424
20785,0.9982324525163014
20786,0.9998267511433498
20787,0.9866908370735566
20788,0.9995806860752194
20789,0.9933019177233068
20790,0.9996324712770375
20791,0.9990870994761325
20792,0.9950590263102282
20793,0.99985913622868
20794,0.9994848791980687
20795,0.9981577160975856
20796,0.9824357937137688
20797,0.9984994368444553
20798,0.9169826929522941
20799,0.9986365030277623
20800,0.9967449517912587
20801,0.9845577270987254
20802,0.9997452985046069
20803,0.9999755602588988
20804,0.999562930344995
20805,0.999727109010076
20806,0.9842111821278429
20807,0.9999951952355357
20808,0.97126796924666
20809,0.9991680314477217
20810,0.9952763709989993
20811,0.8364452292331137
20812,0.6256291001054883
20813,0.9733404042074177
20814,0.9996362463933273
20815,0.9738613637829924
20816,0.9999228416028603
20817,0.9997869831875796
20818,0.9978469887803051
20819,0.9999854056368832
20820,0.9970833432586804
20821,0.9990370345190255
20822,0.9879980769818029
20823,0.9995634942103068
20824,0.9939982985226901
20825,0.9927335134826143
20826,0.9992686824974188
20827,0.9997246098857822
20828,0.9996090816581303
20829,0.91484287520925
20830,0.9888112956856172
20831,0.9948441392010802
20832,0.9990329164700523
20833,0.9996309881595755
20834,0.5458340031365663
20835,0.9997597307208613
20836,0.9995125545074814
20837,0.9765121887831002
20838,0.9999377737689765
20839,0.9989080498703871
20840,0.9989207834352527
20841,0.9956627702331
20842,0.997344630915722
20843,0.9998123213163201
20844,0.9972706145489536
20845,0.9554211818827468
20846,0.851866062209148
20847,0.9999467732711793
20848,0.9988881462094058
20849,0.9838760830165634
20850,0.9998198557582676
20851,0.9877832495637704
20852,0.6128138857637321
20853,0.9997300021716836
20854,0.999385177027763
20855,0.9997513934126531
20856,0.9996214406709552
20857,0.98550369114356
20858,0.9992824018793479
20859,0.9997953726326428
20860,0.9961476762049054
20861,0.9977588201149586
20862,0.9966447562737064
20863,0.7796248552259195
20864,0.996628301254313
20865,0.7812316148430977
20866,0.9999811800880352
20867,0.9981107809698705
20868,0.9968220514063988
20869,0.9998549455794601
20870,0.9968161622102126
20871,0.3743029273351626
20872,0.9999669087440406
20873,0.9999661539014052
20874,0.9999369668446839
20875,0.9999339022187665
20876,0.9894432903915692
20877,0.9991462647222192
20878,0.9464632449364788
20879,0.9883928807741894
20880,0.9904256617142118
20881,0.9988550276035214
20882,0.9998216953332579
20883,0.9999679215356556
20884,0.9951057850547415
20885,0.9996439215829718
20886,0.8281200392400803
20887,0.9999573089511975
20888,0.8248981791246832
20889,0.9986990174237743
20890,0.9419055045117035
20891,0.5872515976101832
20892,0.9998749683007867
20893,0.9998043860352287
20894,0.9979298400384635
20895,0.9989573981447281
20896,0.9997969611701463
20897,0.8759263468107624
20898,0.99980280313361225
20899,0.9999029768529779
20900,0.9890806365435292
20901,0.9984520491332441
20902,0.9996141123051429
20903,0.9999476508381405
20904,0.12466621868048701
20905,0.9999163862909275
20906,0.8920106180094275
20907,0.9854603626474441
20908,0.9982745870105301
20909,0.9999418915040833
20910,0.9999685044513927
20911,0.9328312665671201
20912,0.9906993722875231
20913,0.9584023335234365
20914,0.999864883466156
20915,0.9999807142949295
20916,0.9982563107162551
20917,0.9916746301480007
20918,0.9994873767935877
20919,0.6158693906738987
20920,0.9987524978849023
20921,0.9897482156958235
20922,0.9980214395879063
20923,0.9998947908898482
20924,0.999062593593189
20925,0.9589263152157147
20926,0.9997523825067558
20927,0.9746857895793672
20928,0.9995601582766855
20929,0.9994267646308242
20930,0.9907573091329918
20931,0.9961141001898517
20932,0.9999324202994162
20933,0.9994816917022041
20934,0.13449897706984412
20935,0.9997663971633022
20936,0.9998425075964114
20937,0.9970620271019769
20938,0.9998636031917892
20939,0.9977587437589905
20940,0.9966024638984082
20941,0.9998788892701931
20942,0.9979830265026622
20943,0.9999714482374258
20944,0.9998650823842182
20945,0.9913503444794913
20946,0.999324310671942
20947,0.9999543686518431
20948,0.9999713837425408
20949,0.9997364092423829
20950,0.9998126847610489
20951,0.9999878984122864
20952,0.9706628554027724
20953,0.2420958080501554
20954,0.7538625665006491
20955,0.9995383052843474
20956,0.9991509440853974
20957,0.5862936865767441
20958,0.9958455147468511
20959,0.9999351665929045
20960,0.9988420312225766
20961,0.05949785747194036
20962,0.9996847882095733
20963,0.9429294745181649
20964,0.9452906585473353
20965,0.9982764077142696
20966,0.9999686818764908
20967,0.9999277068859244
20968,0.741560831478933
20969,0.9697527321630647
20970,0.9737497630981881
20971,0.999803400452718
20972,0.9992238290063279
20973,0.9771415225441495
20974,0.9954958711587838
20975,0.9999612078935418
20976,0.9989222157056965
20977,0.9991578846994013
20978,0.9998770360171585
20979,0.9972381157837398
20980,0.5298570888375088
20981,0.716442149083083
20982,0.9997026520067865
20983,0.9973445345388281
20984,0.9999485031110661
20985,0.998856838327172
20986,0.9999938464435842
20987,0.9998912386539401
20988,0.9999492044988365
20989,0.9999108342973664
20990,0.9667334352624267
20991,0.999984631747747
20992,0.9963254540349082
20993,0.9970238922028196
20994,0.999853865335043
20995,0.9850350789644248
20996,0.998001807081533
20997,0.9988912258843682
20998,0.9955560213898463
20999,0.8287948872189205
21000,0.9939772723218425
21001,0.9999457356443501
21002,0.9878434840395268
21003,0.9767084384225037
21004,0.9420733632256227
21005,0.9994850394877635
21006,0.9999459019617521
21007,0.9999679993181686
21008,0.9999538677033535
21009,0.9999809415468722
21010,0.9998597051764536
21011,0.9913210537098349
21012,0.9997562134758442
21013,0.9999423379974184
21014,0.9998963936810715
21015,0.9992454044381718
21016,0.999730807901114
21017,0.9027997543615995
21018,0.9881510689202595
21019,0.9999268416098139
21020,0.9830474455235346
21021,0.9998527791378898
21022,0.9984110035171527
21023,0.999861180190223
21024,0.98790239031448
21025,0.9994662790013726
21026,0.9954763468764496
21027,0.9979267907930355
21028,0.9960261037612715
21029,0.998868619668252
21030,0.9999246313728163
21031,0.9482375552156918
21032,0.9998898725270439
21033,0.9999899452952664
21034,0.9937883462471915
21035,0.8110671814212412
21036,0.8688890465673765
21037,0.9999774797552907
21038,0.9999901999924834
21039,0.9910117911152776
21040,0.9998324237352031
21041,0.9996305306849954
21042,0.9999704609702479
21043,0.9279623003005785
21044,0.9992086982577614
21045,0.9999533937306628
21046,0.999406984540965
21047,0.9998603391422618
21048,0.9956586532880036
21049,0.9059050145746785
21050,0.9964326125209874
21051,0.999990175051243
21052,0.999881470194186
21053,0.6792930425299271
21054,0.9977520623645069
21055,0.25335067778873677
21056,0.9995057156874856
21057,0.9999699838673632
21058,0.9651130121805098
21059,0.9920678005483159
21060,0.9969187772830634
21061,0.999688195620485
21062,0.999954713918935
21063,0.9999508300450252
21064,0.9999318062255742
21065,0.9690845748270128
21066,0.9996061707203896
21067,0.9954404616463552
21068,0.9999302690269932
21069,0.9951689455511639
21070,0.9999929282220661
21071,0.999956540328405
21072,0.9996862155972291
21073,0.9923215206570158
21074,0.9998279001034509
21075,0.9402029928352265
21076,0.999966958824214
21077,0.9901723933477206
21078,0.9999804321437689
21079,0.9999988182492037
21080,0.9997398951847348
21081,0.9999001241758262
21082,0.9960673524804426
21083,0.9983709350973624
21084,0.9952760356974604
21085,0.9999589367776518
21086,0.9895906996058659
21087,0.9994581434394472
21088,0.9999792694963923
21089,0.9999065808723391
21090,0.9946193083788232
21091,0.9989233041438458
21092,0.9999865827046052
21093,0.9999730681299882
21094,0.9998258530729367
21095,0.9987785558402765
21096,0.9999705614969999
21097,0.940499523350703
21098,0.9969814756565819
21099,0.9990829798257351
21100,0.9881206584350141
21101,0.9998790297647562
21102,0.43590001483850205
21103,0.9990641306897737
21104,0.9172141241020458
21105,0.9997596833807051
21106,0.835656260310849
21107,0.9993026724814655
21108,0.9999791552523
21109,0.996367480513793
21110,0.9999800355276222
21111,0.9971864076242819
21112,0.9992958271051928
21113,0.7906154485857483
21114,0.998487843060666
21115,0.999977587296833
21116,0.9995832086685905
21117,0.99990700596006
21118,0.9997198661511416
21119,0.999947647898302
21120,0.9999539333839925
21121,0.8746974960909628
21122,0.9993938731185484
21123,0.9825465554326352
21124,0.9970328375145903
21125,0.9938253802791674
21126,0.9327565608495356
21127,0.9982148797585372
21128,0.9999711368605131
21129,0.9997502020194697
21130,0.9406649434247267
21131,0.9959214711331219
21132,0.9999889450342926
21133,0.9999829385734594
21134,0.9994017179910687
21135,0.9926609169227665
21136,0.9999550510041161
21137,0.9999972124880379
21138,0.9996037900133541
21139,0.8902182587176974
21140,0.999614909747051
21141,0.9995234928516107
21142,0.9890358934962892
21143,0.9175913394109966
21144,0.9879174888070038
21145,0.9987099702612028
21146,0.9991557735992774
21147,0.9996204777288812
21148,0.12902816142660128
21149,0.997965889816072
21150,0.9779152685994713
21151,0.9975045228331998
21152,0.9998961325298731
21153,0.9986292380647984
21154,0.9992320038463657
21155,0.9998361370445845
21156,0.89002099280199
21157,0.9061986991488588
21158,0.9392907474056982
21159,0.9025400667807412
21160,0.9999666824140647
21161,0.9999989833991646
21162,0.9893412562465099
21163,0.9983181083469609
21164,0.9996760450307961
21165,0.8436984929423086
21166,0.9999667885281435
21167,0.9994126956210007
21168,0.9971657650496106
21169,0.9993944949049445
21170,0.9993182269807158
21171,0.9951104996434753
21172,0.9992599987077037
21173,0.9992064905460831
21174,0.9996519455910732
21175,0.9898694648052269
21176,0.9997934075788412
21177,0.9990178233806664
21178,0.999851229291534
21179,0.7795183892291062
21180,0.9860006867375537
21181,0.9815910955769891
21182,0.965295488618098
21183,0.9996192301712595
21184,0.9994493111925229
21185,0.9995690686179711
21186,0.9431279114899556
21187,0.7935712443101847
21188,0.9777659161913168
21189,0.9999827208171956
21190,0.9999238000553968
21191,0.47668770439510444
21192,0.999975332681181
21193,0.9991618810847628
21194,0.9999082158243482
21195,0.999012105372191
21196,0.9982259759350784
21197,0.9816995322544521
21198,0.9986203201968872
21199,0.9516198514072935
21200,0.9998013614535883
21201,0.9993640443303541
21202,0.9983039935144317
21203,0.9986732095553028
21204,0.99963184691859
21205,0.9519610189138668
21206,0.9999682990007722
21207,0.9913580685374871
21208,0.9978290478930818
21209,0.8941759947926528
21210,0.9996809266869436
21211,0.9181343558573454
21212,0.9995329987805368
21213,0.9950978703968503
21214,0.9997973309892296
21215,0.9962280557917356
21216,0.9952134554539979
21217,0.9989301412423072
21218,0.9998359860994508
21219,0.9968053840571096
21220,0.9999947573605134
21221,0.9994599248212905
21222,0.9992233032504231
21223,0.9962156826135089
21224,0.943109818164365
21225,0.7508924941540138
21226,0.999555897073818
21227,0.9843922115671497
21228,0.9986237606770665
21229,0.9982170167713159
21230,0.9990429353105691
21231,0.9972323831628381
21232,0.9996468570373354
21233,0.9502588558101998
21234,0.9998894774761583
21235,0.9739033374584356
21236,0.8932094155489733
21237,0.9963414092245566
21238,0.9999633863534648
21239,0.9925979445507436
21240,0.9995274757589578
21241,0.9996235158029348
21242,0.9985550426771509
21243,0.8846935797420012
21244,0.99983877616140715
21245,0.9992818523712838
21246,0.9984859234956687
21247,0.9907770093946263
21248,0.9997228260259684
21249,0.9999871574249677
21250,0.9405811746280135
21251,0.9898306785005749
21252,0.7610083684815955
21253,0.9999822624754362
21254,0.9999253234459825
21255,0.999550951744246
21256,0.9999463420569324
21257,0.9901004326521009
21258,0.9991527065698147
21259,0.9915195916943431
21260,0.9993930847581591
21261,0.9989431585006995
21262,0.9639720991278419
21263,0.9999955987088733
21264,0.9975919379064822
21265,0.9999348495841703
21266,0.9999165630857775
21267,0.9999801852256721
21268,0.9991903414047438
21269,0.999905265774986
21270,0.9839276155847725
21271,0.999949335787711
21272,0.9999291860585309
21273,0.9156009065249324
21274,0.9985937216544434
21275,0.9988415627897251
21276,0.9997029528766115
21277,0.989501325405972
21278,0.9999446699389435
21279,0.9999661949369099
21280,0.9970542821804405
21281,0.9999561383571686
21282,0.9996132491966114
21283,0.9995838093160393
21284,0.9879917256578432
21285,0.9937374342806439
21286,0.9985281493978043
21287,0.9999841641628391
21288,0.9998039048006361
21289,0.9988964571101168
21290,0.9360207896216348
21291,0.9997204961656627
21292,0.99865354834897
21293,0.9999302301771461
21294,0.9999690869633253
21295,0.9998792597417896
21296,0.9904644372355449
21297,0.9666652756742706
21298,0.9957686069258778
21299,0.9999015923152033
21300,0.9998990306629391
21301,0.9853583441702145
21302,0.9921382041995589
21303,0.881688218614809
21304,0.999917395353854
21305,0.9999708392712376
21306,0.9993501237383827
21307,0.999980220669835
21308,0.9714838134591233
21309,0.9999718346392361
21310,0.8337614579748965
21311,0.9995559556124106
21312,0.9996521311011135
21313,0.9999776756339158
21314,0.998294120307006
21315,0.99773967754188
21316,0.9996336615335701
21317,0.9868344715888325
21318,0.9999121083888692
21319,0.9999821497654912
21320,0.9994120351111371
21321,0.9997457581656236
21322,0.7425045649679975
21323,0.037527456000772536
21324,0.7879737530007199
21325,0.9999429210433295
21326,0.9777007603004028
21327,0.9716469105577227
21328,0.9951484907799422
21329,0.9999809259452018
21330,0.9934104662188016
21331,0.9931791568049865
21332,0.8805645777619002
21333,0.999250219219288
21334,0.9959239181325733
21335,0.9996860858336379
21336,0.9041319056681664
21337,0.956481458296347
21338,0.9854549393168439
21339,0.9948989601501388
21340,0.9965641236260835
21341,0.9986382211717447
21342,0.9992452859144662
21343,0.990210879520844
21344,0.9616558800455844
21345,0.9995147076681885
21346,0.9998919122294694
21347,0.9984673435841012
21348,0.9845376491883044
21349,0.995622065335185
21350,0.9995462038314097
21351,0.9996526073088283
21352,0.9999993295493038
21353,0.9923813114807434
21354,0.9992418742032521
21355,0.9885972847773803
21356,0.9994727440525675
21357,0.998894022107992
21358,0.9991190381918783
21359,0.9937640698854135
21360,0.9999707730996279
21361,0.9998522734650175
21362,0.9978338947098231
21363,0.9999985764078263
21364,0.9998990909764167
21365,0.9987290185265141
21366,0.9962441433026322
21367,0.9628936065224433
21368,0.9999661756445054
21369,0.7672504827273606
21370,0.999555128858935
21371,0.9999875543865678
21372,0.9996976765069714
21373,0.9998712654783961
21374,0.9998442876752339
21375,0.9994671465583711
21376,0.9999965970008893
21377,0.9999165031383846
21378,0.9243516762765145
21379,0.9999199049685142
21380,0.7647851882397676
21381,0.9897895688549235
21382,0.9995133309214186
21383,0.998993260880017
21384,0.1532131921978527
21385,0.9864306996148725
21386,0.9999957570215908
21387,0.9997212920114925
21388,0.9907549442929321
21389,0.9998856930138053
21390,0.9996356549515465
21391,0.9947764571810854
21392,0.9999782407248886
21393,0.99808060200387
21394,0.999983971060059
21395,0.9991162753133135
21396,0.9986193217076935
21397,0.9998674129001438
21398,0.9875090105547543
21399,0.9999797830637754
21400,0.9973387763183499
21401,0.9999666220981976
21402,0.7346767528340009
21403,0.12980930399579316
21404,0.9860460785644843
21405,0.9983833595874482
21406,0.999210517773997
21407,0.9997723390647976
21408,0.999344726771274
21409,0.9998818095425516
21410,0.9983846321161419
21411,0.9997142939261267
21412,0.9993047429567085
21413,0.8749548172400365
21414,0.9991412139147
21415,0.9999502647935943
21416,0.9977669357321932
21417,0.9992472320942202
21418,0.9992447044225768
21419,0.9994874574343847
21420,0.9999121385692347
21421,0.999671614109907
21422,0.9995643512865143
21423,0.9950354523787178
21424,0.9994111849435967
21425,0.9999082949101925
21426,0.9569495656364289
21427,0.9859005751216326
21428,0.9977476502229178
21429,0.9896495338590806
21430,0.5804361014150172
21431,0.9992374488206396
21432,0.9994071557650842
21433,0.9999590013782538
21434,0.9998819710630757
21435,0.9994867361428929
21436,0.9292052388502641
21437,0.9999824183102359
21438,0.999713233080225
21439,0.9999990815486426
21440,0.999660308644445
21441,0.9991656935971339
21442,0.9998795440084228
21443,0.9983172374093949
21444,0.9999744801830135
21445,0.9999677614813838
21446,0.9999822220981398
21447,0.9999513644912706
21448,0.998677227751542
21449,0.996341673386028
21450,0.9989687699402744
21451,0.9999002556266858
21452,0.9833337191709492
21453,0.9999343538010187
21454,0.9994426287566086
21455,0.9817575827350385
21456,0.9998983101820667
21457,0.9908564840554973
21458,0.9992966512825551
21459,0.9995369867564867
21460,0.9999028654707987
21461,0.902203370371457
21462,0.9946892953616727
21463,0.9999319083406838
21464,0.9837837524707833
21465,0.9999665835751466
21466,0.9227015570402016
21467,0.9994394106437691
21468,0.9993664086731652
21469,0.9996003284486649
21470,0.6901367321102574
21471,0.9996439244990479
21472,0.9995264143212774
21473,0.9845638932228785
21474,0.9998092706670879
21475,0.960656217558575
21476,0.9637481507794671
21477,0.9999775855379643
21478,0.99989493314887
21479,0.9975521645661037
21480,0.9995165088966818
21481,0.9922412684293781
21482,0.9999610561198525
21483,0.9967867314215364
21484,0.9998899330346057
21485,0.9277218605481192
21486,0.9992285536504357
21487,0.943109818164365
21488,0.9999778860638282
21489,0.9978202400658324
21490,0.09701872974478869
21491,0.9993933708830707
21492,0.9964028525277941
21493,0.9828218846774733
21494,0.9958611674746227
21495,0.9999074672778133
21496,0.9999948786793331
21497,0.9941566459609916
21498,0.9783718552380954
21499,0.9998774293110879
21500,0.983020093007415
21501,0.9918424640717249
21502,0.8494390424230193
21503,0.9997832053785028
21504,0.9693733691721355
21505,0.9902054064087781
21506,0.9993986655322651
21507,0.9999856957236147
21508,0.9999626202554909
21509,0.9987248811102987
21510,0.9997929993253425
21511,0.9984747035046528
21512,0.9993042514326843
21513,0.9997885320303973
21514,0.9519885873380068
21515,0.9999836334571939
21516,0.9417850530111874
21517,0.999964127921524
21518,0.9999589610632013
21519,0.9998357626218419
21520,0.9975209228864151
21521,0.9998069838761618
21522,0.7705368458066123
21523,0.39225015423357557
21524,0.9999223165691589
21525,0.987846339939643
21526,0.9975786272222729
21527,0.9998742352756315
21528,0.9993008458870625
21529,0.9999064241674792
21530,0.9992471763644885
21531,0.999008231522
21532,0.04229245414436588
21533,0.9996045275023647
21534,0.9994004105469277
21535,0.9816362396631307
21536,0.999563813315856
21537,0.7517138239858283
21538,0.9499747445866065
21539,0.9995372458919037
21540,0.9994201086408206
21541,0.9967557190819263
21542,0.9993220906539455
21543,0.9690651405367421
21544,0.9999815330623985
21545,0.6209196421395652
21546,0.9994997922222469
21547,0.9996157368009106
21548,0.9998045877549835
21549,0.9987446566860967
21550,0.9998147425314514
21551,0.9977195449500046
21552,0.9982404943606606
21553,0.9990907336624225
21554,0.9999751383283239
21555,0.5824816233808571
21556,0.9995577841683294
21557,0.35950395920274997
21558,0.8954406343635843
21559,0.9979274116673021
21560,0.9996666313619004
21561,0.9996641725815365
21562,0.9979683468028379
21563,0.9996104325844518
21564,0.9988353914456419
21565,0.9668708961594024
21566,0.9977963283213859
21567,0.5375602075009103
21568,0.9995843892294151
21569,0.9966588730569859
21570,0.8696488483552794
21571,0.9994957290126901
21572,0.9996956564287972
21573,0.9990989312378717
21574,0.5309259387557683
21575,0.9999352095877493
21576,0.9991626089963891
21577,0.9776603488488901
21578,0.9997413037882775
21579,0.38386905909269964
21580,0.9978952587029722
21581,0.999972732625092
21582,0.8985090337166777
21583,0.22299433789185533
21584,0.9998780398512692
21585,0.9975406963323347
21586,0.9997576924877994
21587,0.9997460838507491
21588,0.9721916886007446
21589,0.8902679014528656
21590,0.999875588321545
21591,0.9854829065319823
21592,0.9989181975027502
21593,0.9999111429845604
21594,0.8091086568096189
21595,0.9998157746158342
21596,0.9991679724344962
21597,0.9999852896698534
21598,0.9043463238274909
21599,0.7590726553781495
21600,0.9463617479423262
21601,0.7672977161853943
21602,0.7973523381488085
21603,0.9976741568854384
21604,0.9743903116862775
21605,0.4216939715380725
21606,0.9931149241019829
21607,0.9999953323637443
21608,0.9999730194498473
21609,0.9971634162987464
21610,0.9973505678611905
21611,0.9896355195329607
21612,0.9991847819886738
21613,0.9999207952772285
21614,0.36951467131037924
21615,0.9995077416836894
21616,0.9997188699678572
21617,0.9997589162857677
21618,0.9999982208161188
21619,0.9964495301933577
21620,0.9958504726186883
21621,0.9941972347565964
21622,0.9990534176712622
21623,0.9948441392010802
21624,0.9999334894643301
21625,0.999946817306905
21626,0.996943541124347
21627,0.9988208153973077
21628,0.9999653007633874
21629,0.998480017132717
21630,0.23172883839999403
21631,0.9999812732033856
21632,0.9999630697881562
21633,0.9983830398123518
21634,0.9994903313737489
21635,0.9855560840273055
21636,0.9969373639862531
21637,0.9996751478814038
21638,0.9946723237965367
21639,0.9969363430949755
21640,0.9996432483707267
21641,0.9969623670315486
21642,0.9909131008977438
21643,0.6947450577101629
21644,0.9996853962498841
21645,0.9992994823514223
21646,0.9961087062738826
21647,0.9984856248307378
21648,0.9994475923803331
21649,0.9994868950196717
21650,0.6190724269593381
21651,0.9353115433254776
21652,0.9987535537799653
21653,0.9761562157581846
21654,0.9998529608357778
21655,0.9995166646896028
21656,0.9982148797585372
21657,0.9778175514601971
21658,0.9646435728987017
21659,0.9988187629251369
21660,0.9996113423137685
21661,0.9992576068875113
21662,0.9997803494124756
21663,0.9850031625074012
21664,0.9999977507519501
21665,0.9949013485255961
21666,0.9999705895149279
21667,0.9999713976093989
21668,0.9996050295124239
21669,0.9594193525689625
21670,0.9997383790164838
21671,0.9996563717784734
21672,0.9997254871848937
21673,0.9999427947259361
21674,0.2927271745735835
21675,0.989774561576678
21676,0.9999910045789268
21677,0.9995353717271909
21678,0.9997467451300222
21679,0.8017706087534288
21680,0.9980498423692987
21681,0.9999806308358385
21682,0.9999635831828705
21683,0.9968386070164724
21684,0.999978229639211
21685,0.9996298539595783
21686,0.9916256793252277
21687,0.9992416330998378
21688,0.9999457105519627
21689,0.9999973276561984
21690,0.9993048664535953
21691,0.999440917528435
21692,0.999973157506709
21693,0.9993260503459321
21694,0.9999819435254392
21695,0.9991917652284895
21696,0.9998034899503767
21697,0.9999366410426219
21698,0.9994223930637237
21699,0.9997472745499013
21700,0.9999687331767123
21701,0.8830184206653895
21702,0.9999084304986836
21703,0.9962603181040924
21704,0.9452091519296736
21705,0.997204654592168
21706,0.9962492355641975
21707,0.9590894873638834
21708,0.3473020323551434
21709,0.9982018914994334
21710,0.9998730904678845
21711,0.9993014228696019
21712,0.9995148714927429
21713,0.9999074821462821
21714,0.9999426543584808
21715,0.9679879168145442
21716,0.9947870838422375
21717,0.9997847699168632
21718,0.9993437858179303
21719,0.9300502350483647
21720,0.9997762222690133
21721,0.9963643437738878
21722,0.9249404640216592
21723,0.9992201778746636
21724,0.9999235169394931
21725,0.9965882946721382
21726,0.9985530057423385
21727,0.9922170921287803
21728,0.999975101383583
21729,0.9927271584084704
21730,0.999767802493149
21731,0.9995643061148298
21732,0.9997525134877714
21733,0.9936897968291505
21734,0.9961275444005186
21735,0.9977375702899555
21736,0.9996154905316007
21737,0.9954742555245862
21738,0.9956164719192643
21739,0.999957619493843
21740,0.9975377740842022
21741,0.9905705833836318
21742,0.9994814989022597
21743,0.999067261555252
21744,0.9803910917531746
21745,0.9994990620824965
21746,0.9999752409444265
21747,0.956782206390228
21748,0.9965160686182309
21749,0.9997137395328876
21750,0.9999456792441144
21751,0.990279932080804
21752,0.9998418584712591
21753,0.998817143186159
21754,0.9909986982769496
21755,0.9987779235823174
21756,0.8225754412920365
21757,0.8922178041180505
21758,0.9991455172533744
21759,0.9898155163524209
21760,0.9983658349597396
21761,0.9995812368770725
21762,0.9939052007914693
21763,0.9997647114280537
21764,0.9999870214792167
21765,0.8029134539461084
21766,0.9993402173112369
21767,0.9998789461330228
21768,0.9999787993865414
21769,0.9786383998960705
21770,0.9994270978074106
21771,0.9999823199921143
21772,0.8874453651108094
21773,0.9969175274946005
21774,0.9998602298657192
21775,0.9903783418492402
21776,0.9997772727340853
21777,0.17012750223550094
21778,0.3125189269829036
21779,0.9999519100371096
21780,0.9999942287953082
21781,0.9998660504779265
21782,0.997348053018098
21783,0.9910281376654765
21784,0.9991093956741722
21785,0.9999621382062673
21786,0.9844841769469107
21787,0.9997061008513046
21788,0.9999866876199244
21789,0.9989621828634898
21790,0.9785396769172993
21791,0.9779727894512159
21792,0.9999607018126063
21793,0.9999602412964697
21794,0.26986225609619374
21795,0.9999900986137126
21796,0.9992387314674621
21797,0.9999925823400772
21798,0.99997252008587445
21799,0.9980124680191397
21800,0.9977881883786202
21801,0.9975773604268032
21802,0.18823153984492433
21803,0.9995061898429932
21804,0.9985102505750895
21805,0.9911013150667994
21806,0.9993017246198418
21807,0.8897935094250272
21808,0.9643954567950093
21809,0.9999549650558126
21810,0.9656146180903283
21811,0.9999774528058276
21812,0.9861416727539137
21813,0.9988670550113562
21814,0.9784148204355975
21815,0.9996059535354862
21816,0.9984181925660092
21817,0.9996361449949936
21818,0.4190696401216282
21819,0.9996181261314522
21820,0.9994607853567539
21821,0.9991317032772457
21822,0.9893641236823142
21823,0.999267094815472
21824,0.984245695060447
21825,0.999826240613629
21826,0.9999046918049006
21827,0.9978533104553594
21828,0.986082003320065
21829,0.9994727440525675
21830,0.9937577353204008
21831,0.6820015946253513
21832,0.9966920742820317
21833,0.9998719635792501
21834,0.9968444765098355
21835,0.9987396174343875
21836,0.9983308791615324
21837,0.9997058943515877
21838,0.9999944877595766
21839,0.9999578249223023
21840,0.9998189240134011
21841,0.9998952029580417
21842,0.9645634797365276
21843,0.978156152725587
21844,0.8425883875636125
21845,0.9999688338116965
21846,0.9975165223994352
21847,0.9967858868251261
21848,0.9929466387549196
21849,0.9997097607449142
21850,0.9942980349462901
21851,0.9999584348013023
21852,0.999495371161714
21853,0.999910174938146
21854,0.9991531553985237
21855,0.9964973303160204
21856,0.9996465912293847
21857,0.999522230270961
21858,0.9999796548041016
21859,0.8633332798821185
21860,0.9986747721260354
21861,0.999971349864148
21862,0.9999945676281615
21863,0.9775286919979491
21864,0.9999938529584649
21865,0.9995377822960941
21866,0.9997974969041378
21867,0.9996378471056226
21868,0.9932148467279063
21869,0.99390837391294
21870,0.9989222157056965
21871,0.9998791375093559
21872,0.9625262834945664
21873,0.9980536724817952
21874,0.9999897778148558
21875,0.9998446578011542
21876,0.9994681517256564
21877,0.9995987604697111
21878,0.9914823618551568
21879,0.999898192009497
21880,0.986612842426849
21881,0.9982909062203373
21882,0.9991849119538593
21883,0.9990998966015684
21884,0.98426215201139855
21885,0.9999804487755601
21886,0.9905427845815373
21887,0.9943912474156665
21888,0.9392731685390198
21889,0.9998060431495158
21890,0.9680237830300525
21891,0.9999435838182187
21892,0.9997410871445178
21893,0.9948108596580226
21894,0.9999650179104297
21895,0.9740271510790167
21896,0.9990682759661258
21897,0.9795693747170658
21898,0.9992159714164843
21899,0.9999128202609583
21900,0.9417506433045689
21901,0.9987043688080391
21902,0.12029291219616356
21903,0.978103300565016
21904,0.999805091477473
21905,0.08261429836090224
21906,0.9342153081769897
21907,0.9730438434790333
21908,0.9634017527708718
21909,0.9939702639899584
21910,0.9990132093155459
21911,0.9996122088060106
21912,0.9935456485073373
21913,0.9994427522330692
21914,0.9992117505877677
21915,0.9983898596554256
21916,0.9999609450573261
21917,0.9930474742437
21918,0.9989101967620551
21919,0.9992223335228387
21920,0.9984949692514186
21921,0.9816915618266748
21922,0.9993355440287623
21923,0.9921876503022912
21924,0.8095797382104931
21925,0.9999704174978893
21926,0.9970066806805025
21927,0.9433560956893412
21928,0.9877510233544982
21929,0.9998816023475212
21930,0.9248864709079927
21931,0.9999349093097373
21932,0.9841965081811245
21933,0.99518632726631
21934,0.981803851514292
21935,0.6223029689316016
21936,0.23324427185565633
21937,0.9992407581258779
21938,0.7083130838173448
21939,0.9909799184215937
21940,0.9970314338066351
21941,0.9999281755601085
21942,0.9999347914362667
21943,0.9985629692328473
21944,0.998629677411377
21945,0.9990119369594623
21946,0.9999856849338895
21947,0.9983310139679495
21948,0.9998793616021051
21949,0.9997762819643468
21950,0.9999670077996012
21951,0.9994548144956785
21952,0.9997945750617366
21953,0.999555128858935
21954,0.9882150854941778
21955,0.7989375813529669
21956,0.9999959606721341
21957,0.9975546507404468
21958,0.9984515641028971
21959,0.9962235159134912
21960,0.9420055441396634
21961,0.9984633947117961
21962,0.9758926124287236
21963,0.49953766905731023
21964,0.9922854981207809
21965,0.998015497021616
21966,0.9979600272403666
21967,0.9908377790576764
21968,0.9999604809260179
21969,0.9997001921289443
21970,0.9999563871271155
21971,0.9804699563979123
21972,0.7430327488152219
21973,0.999838575971916
21974,0.9999767247844259
21975,0.989198869258273
21976,0.9994215945518028
21977,0.9978299113425108
21978,0.9895404911104242
21979,0.9980633065151131
21980,0.9990864411475193
21981,0.9845331852471487
21982,0.672686319029437
21983,0.999954629755062
21984,0.9994463112992871
21985,0.9496235489734366
21986,0.9997428434193005
21987,0.9999418038089308
21988,0.9994427522330692
21989,0.99969961711623
21990,0.9941090786127976
21991,0.9996709497181466
21992,0.9999462338167603
21993,0.9987425736443217
21994,0.9999790142944501
21995,0.9844164148570785
21996,0.9994915559863166
21997,0.30035177977587324
21998,0.9958260240466431
21999,0.9995031491300616
22000,0.9995286212607881
22001,0.5991823872317108
22002,0.8638459427230377
22003,0.999945302699598
22004,0.9913124178405402
22005,0.34678397872563727
22006,0.9999699953654105
22007,0.978257283811981
22008,0.9991314897294937
22009,0.9987799350373447
22010,0.9997215701196459
22011,0.997901136715419
22012,0.9999221424903864
22013,0.9995901042262054
22014,0.9551607554841347
22015,0.9999691501449536
22016,0.9990737475719182
22017,0.9950769017286231
22018,0.9826528829396718
22019,0.999651862071537
22020,0.9981565450331292
22021,0.999971151866307
22022,0.9998631892919396
22023,0.9996076182338532
22024,0.9998725976353653
22025,0.999960529696737
22026,0.9619803871229583
22027,0.9998207850707129
22028,0.989501325405972
22029,0.5224300369189556
22030,0.9993671199393579
22031,0.9952563314912802
22032,0.7555843740369222
22033,0.99742356792521
22034,0.9986514911920233
22035,0.9999349669020015
22036,0.9938088102285318
22037,0.9935828213255521
22038,0.9998754581266865
22039,0.9999730811220754
22040,0.9983391955286298
22041,0.9010083081528412
22042,0.9999848254055456
22043,0.9999914398468485
22044,0.9974246902025191
22045,0.9994977552368224
22046,0.9962595174379764
22047,0.9516311285347668
22048,0.9991614757736739
22049,0.9689344994848289
22050,0.9916260691568763
22051,0.9999764637368992
22052,0.9963465417800016
22053,0.9998006211376896
22054,0.9994375590428801
22055,0.999064605030322
22056,0.9997345356254278
22057,0.9990866777709188
22058,0.9958497764842549
22059,0.45056579297027854
22060,0.9937416737881346
22061,0.9918743844733298
22062,0.9639644050927272
22063,0.9968078240482835
22064,0.9999291419958005
22065,0.9487416253290161
22066,0.9999113752055995
22067,0.845420988893666
22068,0.9996900316006209
22069,0.9983613959028457
22070,0.9912307104499523
22071,0.9998258542051301
22072,0.9168708608633641
22073,0.9996043021727906
22074,0.9987017955251367
22075,0.9999317858688317
22076,0.9995094801878409
22077,0.9952800483397138
22078,0.9903741708399929
22079,0.11468507616464378
22080,0.9990308933642683
22081,0.999975122001884
22082,0.9996961827926348
22083,0.9995031590415554
22084,0.9063591257991129
22085,0.6280633015431708
22086,0.9997550124253769
22087,0.8710722744758478
22088,0.99986759129659
22089,0.9976708319186077
22090,0.9807346738503553
22091,0.999676245295475
22092,0.9975163025325121
22093,0.994449159756044
22094,0.9997664731616723
22095,0.9998533800297372
22096,0.9946193083788232
22097,0.9993090104678327
22098,0.99742039587121
22099,0.9977428582416582
22100,0.9999859731960768
22101,0.9999182208129587
22102,0.9998505121120752
22103,0.9999880950852882
22104,0.9999370126660512
22105,0.9998440213078285
22106,0.9968947077287234
22107,0.9997154577360293
22108,0.9999876465894907
22109,0.9971902139039347
22110,0.9989654612429248
22111,0.9642283413371902
22112,0.9981703113366872
22113,0.9973472681741293
22114,0.9999302360698856
22115,0.9997621410915349
22116,0.9999817257868084
22117,0.9962052766416403
22118,0.9996469904929234
22119,0.9973064501096673
22120,0.9996687790337208
22121,0.987841814038593
22122,0.9953900077951623
22123,0.9994683597387398
22124,0.9308099663887697
22125,0.427920278649022
22126,0.6384909611701806
22127,0.9949809521089509
22128,0.9998993591195887
22129,0.999981374503298
22130,0.9984146822360268
22131,0.9999845305512044
22132,0.9971797174287308
22133,0.980486091041074
22134,0.9919009202222789
22135,0.999651924787003
22136,0.9953992932447522
22137,0.9999326423372916
22138,0.989303294034132
22139,0.9872769945491968
22140,0.9991085818966773
22141,0.9999778116102416
22142,0.9994801577255338
22143,0.9998865625131693
22144,0.8562585320701581
22145,0.9999784921838624
22146,0.9999791856827349
22147,0.9990436149025753
22148,0.9998192445336528
22149,0.9864450225610147
22150,0.991230894599784
22151,0.9973307877381029
22152,0.9655541929219817
22153,0.9995488673731868
22154,0.9997904107048462
22155,0.9998747220649822
22156,0.9999513334043018
22157,0.9891484592011399
22158,0.9970044617989741
22159,0.9969775319810638
22160,0.9857636878502166
22161,0.9995286529972153
22162,0.9998845659259804
22163,0.9999384769228168
22164,0.9881804815713181
22165,0.9997921582108868
22166,0.9999638976935221
22167,0.9519812714004169
22168,0.9997315802103407
22169,0.9999616090989035
22170,0.8987020429395368
22171,0.997918107479829
22172,0.9997620960715313
22173,0.9738491737730792
22174,0.9968117568465265
22175,0.999012105372191
22176,0.9918299328697798
22177,0.9977367183801124
22178,0.993319074703243
22179,0.9791105544462341
22180,0.9994853090136444
22181,0.9904238124241566
22182,0.999784395166545
22183,0.992499885349784
22184,0.9965720074046072
22185,0.9998110955439786
22186,0.9998571197695609
22187,0.9999094323163729
22188,0.9999579315395949
22189,0.9998573948900803
22190,0.9904158154983104
22191,0.9634787324188552
22192,0.9969255021209513
22193,0.9999919661448978
22194,0.9999637684471382
22195,0.9999897253762329
22196,0.9993724865246734
22197,0.9948649210747832
22198,0.998954012111891
22199,0.9997435884589803
22200,0.9999726297210545
22201,0.9995220038963963
22202,0.9980954978526352
22203,0.9999589986243606
22204,0.9995938013464171
22205,0.9703346790174959
22206,0.7106398618986366
22207,0.997490850806986
22208,0.9974063537488933
22209,0.9826173429896428
22210,0.9999153247200981
22211,0.9922125927828308
22212,0.8734884755493274
22213,0.9999749530954062
22214,0.28968998393660306
22215,0.9998609624901889
22216,0.9997975544930291
22217,0.9968280307014695
22218,0.9998392514701215
22219,0.9996269935616093
22220,0.9997951030707748
22221,0.6821863691349572
22222,0.999860647794861
22223,0.9873882875438973
22224,0.9893315159410637
22225,0.9999213933648867
22226,0.7483571548338027
22227,0.9995289527047703
22228,0.9990297391773665
22229,0.9956245918068853
22230,0.9969612038957048
22231,0.9982883541132153
22232,0.9983546414153751
22233,0.9946402333991325
22234,0.9675371236304283
22235,0.9954013246232584
22236,0.9999731182675788
22237,0.98810926264767
22238,0.9733218836137063
22239,0.9661501708170303
22240,0.9962836160483116
22241,0.9999848330578176
22242,0.994606889395086
22243,0.9999755705420716
22244,0.9981877118674096
22245,0.9777487401374385
22246,0.9627013539808741
22247,0.487764499765478
22248,0.9990535439896394
22249,0.9994976753244253
22250,0.9991070471392197
22251,0.9998742112980608
22252,0.9999315992139154
22253,0.9731891027961153
22254,0.9999082816712745
22255,0.9683646420495222
22256,0.2157149789747319
22257,0.9998646977056519
22258,0.9999721757036775
22259,0.9992974091980965
22260,0.9965144611634801
22261,0.6608372358766635
22262,0.9514101615087713
22263,0.9999015329616294
22264,0.9993502614033916
22265,0.999745854611798
22266,0.9988378457245927
22267,0.9975453357021048
22268,0.9987324479763534
22269,0.9998237821826782
22270,0.9334032342531944
22271,0.9527098226753566
22272,0.99968103565581
22273,0.9999188900247773
22274,0.9766125424548827
22275,0.8047647147626517
22276,0.9971907821076491
22277,0.9997847219641717
22278,0.9983245334652008
22279,0.9730181863810687
22280,0.9977639323823893
22281,0.9998894562798784
22282,0.9998511336767933
22283,0.9977905590057803
22284,0.9957249774975808
22285,0.9969178514929988
22286,0.9996123907888806
22287,0.9997222135181071
22288,0.9992527861426369
22289,0.2892969215165943
22290,0.999327892758637
22291,0.9754846517746694
22292,0.9999927584100675
22293,0.9767914012594321
22294,0.9861808197759662
22295,0.5820319152346592
22296,0.99666689428967
22297,0.5506038158557053
22298,0.9948254844301015
22299,0.9989295502416489
22300,0.995930159688223
22301,0.9898728155071866
22302,0.9978730261897881
22303,0.999858748117493
22304,0.9999768594794276
22305,0.9519759801835858
22306,0.9994595144633783
22307,0.9996036712040407
22308,0.9995780589239492
22309,0.9999528406497608
22310,0.999947957208534
22311,0.9994604147556393
22312,0.8850385311010484
22313,0.9994060764533017
22314,0.9994388598674047
22315,0.9188358799994375
22316,0.9999753525990627
22317,0.9999559612445978
22318,0.9982141544107891
22319,0.965772029398162
22320,0.9998037136849347
22321,0.9999859254448769
22322,0.9950915183151687
22323,0.9999986172323747
22324,0.9987210261387971
22325,0.9997042639719511
22326,0.9162837584319821
22327,0.99998444627476335
22328,0.9999710208659458
22329,0.9999252974538337
22330,0.9999532988198753
22331,0.9777857634309359
22332,0.9952325791875994
22333,0.9991885854313498
22334,0.9998272643292301
22335,0.9880108846083206
22336,0.9988712229532627
22337,0.9843029811765465
22338,0.994745243908675
22339,0.991978942586326
22340,0.9994165505419292
22341,0.9921058950146686
22342,0.9856951396666268
22343,0.9999762758198985
22344,0.9998157290457592
22345,0.9805260530588181
22346,0.9999672179778205
22347,0.872896254792219
22348,0.9936542003803073
22349,0.9999327088350398
22350,0.9999991756278087
22351,0.9907665036127716
22352,0.9996768629716121
22353,0.9998823307401309
22354,0.89271088883712
22355,0.9999363920718876
22356,0.997553477912131
22357,0.9928765853395823
22358,0.9950339689064422
22359,0.9996409451308497
22360,0.999937586688475
22361,0.9999873410183694
22362,0.9918007324956559
22363,0.9995524525714692
22364,0.9964661660233973
22365,0.9940974654682532
22366,0.9974647761212577
22367,0.999171867271127
22368,0.8615709356650506
22369,0.9999089450224596
22370,0.9094838457307154
22371,0.8811368708337095
22372,0.9935142350092933
22373,0.9998388560544097
22374,0.9999822672065227
22375,0.9999456730169173
22376,0.8614154534716107
22377,0.998988087464961
22378,0.9844004208109575
22379,0.9964272516000269
22380,0.9999828228691796
22381,0.9970629909151912
22382,0.9998626899709785
22383,0.998975145334197
22384,0.999824482991823
22385,0.9965775740213029
22386,0.999248716016035
22387,0.9999438967776103
22388,0.9998860340523812
22389,0.9975862494059422
22390,0.9993050907794712
22391,0.9999725382773833
22392,0.9961228632340752
22393,0.999982440290828
22394,0.9945122054496108
22395,0.9987051655328154
22396,0.9997809545688269
22397,0.9750277865404219
22398,0.9987557224785871
22399,0.9987500927056566
22400,0.9998283632904605
22401,0.6363930941426604
22402,0.9999621747869414
22403,0.9968806149776278
22404,0.9999782281161234
22405,0.996946379166879
22406,0.9977283226489102
22407,0.9996419561736326
22408,0.9920920966782256
22409,0.9995974204106142
22410,0.9999163763160853
22411,0.978314978716018
22412,0.999982077984637
22413,0.9641545146843882
22414,0.9991635988020453
22415,0.9904861532795375
22416,0.9958080427065473
22417,0.9913718105503692
22418,0.9999542702806732
22419,0.9999414576358117
22420,0.9999828897755969
22421,0.9047048176169773
22422,0.9999905234491886
22423,0.9998850813583153
22424,0.9999369594859095
22425,0.18804931007103637
22426,0.9941375358719613
22427,0.9988447337137041
22428,0.9988195462503195
22429,0.9998687235045721
22430,0.9999655685689348
22431,0.9999150420288072
22432,0.9985545915619248
22433,0.9999397896811627
22434,0.9997758974025042
22435,0.9568517188765016
22436,0.9406432185843916
22437,0.9992447653590237
22438,0.9993190669098465
22439,0.920729408955173
22440,0.9837931436444756
22441,0.9994953974155415
22442,0.9998012065858182
22443,0.9999910902623921
22444,0.9999883116279968
22445,0.9956485205926738
22446,0.9273328719318396
22447,0.5751068154258473
22448,0.9969734756091352
22449,0.8853915684853099
22450,0.9765034924148459
22451,0.9999573874169341
22452,0.9988448509419435
22453,0.9510173067011006
22454,0.9899491253743251
22455,0.9977716593320182
22456,0.9999702259978883
22457,0.9895091400342498
22458,0.9184944724859146
22459,0.9570091124228375
22460,0.99877096983308
22461,0.9966697647812094
22462,0.9823257065111651
22463,0.6929694141549414
22464,0.9999356230766872
22465,0.9999570550037813
22466,0.9996341708153337
22467,0.9994963760393796
22468,0.9972366355297795
22469,0.9868506487015652
22470,0.9999456291442946
22471,0.9986484049820633
22472,0.6175156308685942
22473,0.9969780152374665
22474,0.9995891937751714
22475,0.993198725869687
22476,0.9997597436694261
22477,0.890592442430634
22478,0.997133028829179
22479,0.9995392690328011
22480,0.9674291699867202
22481,0.9999705523483395
22482,0.9999779925614752
22483,0.9999756931796493
22484,0.9999134189875516
22485,0.983979174051173
22486,0.999904417529659
22487,0.9444633388171692
22488,0.7512882820350693
22489,0.9713612493507106
22490,0.9999082163513328
22491,0.9990271115952718
22492,0.9987955742296158
22493,0.9763697010533213
22494,0.9993801191561639
22495,0.913822472136686
22496,0.9736802956141568
22497,0.9969721192348956
22498,0.9997870552505123
22499,0.9999591320509683
22500,0.99675747465732
22501,0.9922521675112418
22502,0.9999701566463441
22503,0.9924836276089724
22504,0.9858492768031507
22505,0.9999361282410534
22506,0.9987586116201972
22507,0.8179870465071372
22508,0.9394891982898277
22509,0.9999543332881615
22510,0.9997407081763948
22511,0.9997681745080172
22512,0.9577175974834846
22513,0.9997068573279612
22514,0.9999616501484538
22515,0.9995941533310173
22516,0.9999669672600988
22517,0.9999547335144021
22518,0.9900159899345727
22519,0.9988739296840006
22520,0.06964456605871024
22521,0.9998226027060769
22522,0.9998786030542999
22523,0.3738697959293936
22524,0.9994281098932465
22525,0.9958849492793936
22526,0.9985296150806985
22527,0.8199172686259036
22528,0.9701917512919241
22529,0.9999507047364973
22530,0.9999586537604517
22531,0.9967383020340358
22532,0.6720064724078529
22533,0.9958254715355076
22534,0.9998525815653737
22535,0.9999889882788517
22536,0.9949916252525144
22537,0.9998107537735434
22538,0.9999901412371677
22539,0.9996646425237764
22540,0.9999840735440791
22541,0.9795553286241915
22542,0.9999190928943619
22543,0.9999172199427858
22544,0.9990191849121862
22545,0.9999929229274307
22546,0.9386336563537453
22547,0.9999763405641889
22548,0.9997809318330965
22549,0.9998850664107661
22550,0.971131550104526
22551,0.9979169440891896
22552,0.9999897769230971
22553,0.9970540889135755
22554,0.9997917138712346
22555,0.08481467199504257
22556,0.9170773888354956
22557,0.9992596633151093
22558,0.992777692202662
22559,0.999803279993307
22560,0.9993764975532375
22561,0.999999161960156
22562,0.9999637452305918
22563,0.2609126714937614
22564,0.9936103382663419
22565,0.9999716270227763
22566,0.9963059669134507
22567,0.9892850911994012
22568,0.9993310831185459
22569,0.9982626587066157
22570,0.99999860469397
22571,0.9981436461166848
22572,0.9946954719855448
22573,0.9989094887609394
22574,0.9918685781950665
22575,0.9952797933520721
22576,0.9872694390313561
22577,0.9723783834605286
22578,0.9999655251781193
22579,0.9480403507593873
22580,0.9986685141861011
22581,0.9934009363545525
22582,0.9999402044363386
22583,0.9392907474056982
22584,0.9999925930240665
22585,0.9565787560038516
22586,0.9949338353501006
22587,0.9993080510026079
22588,0.7932143274852492
22589,0.9419938923397411
22590,0.9993251734539039
22591,0.9983584307162637
22592,0.9954672835821727
22593,0.9999895333106706
22594,0.9996094956958004
22595,0.9968687612986414
22596,0.9898074976629989
22597,0.94673236099624
22598,0.9898884605319439
22599,0.9934262902006542
22600,0.9990130955773013
22601,0.9999486607661251
22602,0.9885343699940881
22603,0.9999873364646306
22604,0.9997770212662234
22605,0.9992552716410528
22606,0.9999183216161402
22607,0.9995207180488362
22608,0.9992755680931653
22609,0.9999785188752107
22610,0.9985099522755035
22611,0.9933777566143521
22612,0.999905758058236
22613,0.9999781631627447
22614,0.7340463373419617
22615,0.9993885690900002
22616,0.9994860103455151
22617,0.999873311670169
22618,0.9989881581516638
22619,0.9999761523354038
22620,0.9999716265100714
22621,0.9995918171894266
22622,0.9999987607721118
22623,0.9998464698738302
22624,0.9996037201104995
22625,0.9991836668269403
22626,0.9997526690959385
22627,0.9968277919665772
22628,0.9995222955067327
22629,0.9999930577480532
22630,0.9809923297110588
22631,0.9990404507200799
22632,0.9997153881342612
22633,0.9948650540441447
22634,0.9935505757090374
22635,0.9994676256869646
22636,0.9996759829295601
22637,0.9999439816444569
22638,0.9999971825058034
22639,0.9979387945114163
22640,0.959931279355891
22641,0.9999577123975679
22642,0.9955902686223261
22643,0.9987155932662195
22644,0.9999227182916437
22645,0.9992464081775172
22646,0.9942070557952573
22647,0.9976298366412547
22648,0.9990013319370913
22649,0.998190097799591
22650,0.9992387805135992
22651,0.9999234514081347
22652,0.9999474702738951
22653,0.9999234175700947
22654,0.9993688172107968
22655,0.9989294304386036
22656,0.9757326275839396
22657,0.999425084814173
22658,0.9998097755232479
22659,0.7851396423684859
22660,0.9999517661268502
22661,0.999854355697004
22662,0.9991294977637629
22663,0.9393501988032515
22664,0.9997548494158284
22665,0.8539420642503698
22666,0.96612739296271
22667,0.9993675897913004
22668,0.9995460282293074
22669,0.9959433823749299
22670,0.9997137170356438
22671,0.9923219500602085
22672,0.999301522476828
22673,0.9990581594605874
22674,0.9955742275634732
22675,0.99997237264677
22676,0.9999423677862742
22677,0.9882162382153057
22678,0.993771498508665
22679,0.992612796955412
22680,0.9998595222058789
22681,0.9959637630947872
22682,0.9998028229587976
22683,0.9996812322973094
22684,0.9999777661405069
22685,0.9915720656608552
22686,0.8364136035829366
22687,0.9983320271588035
22688,0.9987423238243186
22689,0.9985043137612437
22690,0.24726458402790089
22691,0.9993578877116495
22692,0.9976915150997893
22693,0.9558277888796528
22694,0.9997204511869738
22695,0.9969064635194337
22696,0.9999617114558873
22697,0.9987173279846252
22698,0.9997207430131824
22699,0.9993561552962694
22700,0.9999740703084633
22701,0.9973497589183046
22702,0.9997055039318641
22703,0.9994482261389769
22704,0.999306780307601
22705,0.9916744512086886
22706,0.9995239996209676
22707,0.9962449156648702
22708,0.9995657769227592
22709,0.9840015087490201
22710,0.10572763133750572
22711,0.9973071901917454
22712,0.9999580330037938
22713,0.9988730041749162
22714,0.9918578147518007
22715,0.9999984914125322
22716,0.9989215954555196
22717,0.9997714546143408
22718,0.9999865342552533
22719,0.11180018987825378
22720,0.996030960802852
22721,0.9999283969441136
22722,0.999346589889677
22723,0.9997026981196072
22724,0.9996247215334538
22725,0.03259064297212361
22726,0.9979587415779537
22727,0.9983937958085726
22728,0.989512516852239
22729,0.9999262676339346
22730,0.9845261841505685
22731,0.9998469744919831
22732,0.9999806413664715
22733,0.9992328531501863
22734,0.999989330319067
22735,0.9942674971996542
22736,0.1736199149990367
22737,0.9982088063086513
22738,0.9998861511566944
22739,0.9996315580712678
22740,0.999527311817264
22741,0.999989001975351
22742,0.9985334711072559
22743,0.992883030646554
22744,0.9797950150942907
22745,0.99979404767481
22746,0.9999981473682372
22747,0.9997924362016622
22748,0.9993371973813874
22749,0.9995216302417331
22750,0.999450109224303
22751,0.9935788656592496
22752,0.9970293432099867
22753,0.9999817546146952
22754,0.9735816993849199
22755,0.9002246923886934
22756,0.999421678549115
22757,0.9994354747846046
22758,0.9742733361713894
22759,0.9993065333838012
22760,0.987499502356676
22761,0.9998367509982702
22762,0.9998550550085864
22763,0.9960844449260067
22764,0.9962571651033177
22765,0.9806382513171894
22766,0.9048913281004771
22767,0.9998771628774882
22768,0.9992015021682195
22769,0.9805318825679341
22770,0.9998837721339103
22771,0.9834444010694066
22772,0.9787473907401195
22773,0.9999553928185515
22774,0.9958430162911311
22775,0.9883387473336579
22776,0.9989818295790238
22777,0.8594006859435737
22778,0.9993488693352913
22779,0.9999552404888435
22780,0.9994398609195336
22781,0.9997245988926923
22782,0.9985860340537844
22783,0.9858526657819878
22784,0.9971972523195265
22785,0.9880762951671311
22786,0.9999623285523996
22787,0.9998991267220496
22788,0.9798197650794187
22789,0.9999490277324882
22790,0.8854865230766672
22791,0.9975534223995397
22792,0.9855555138740186
22793,0.9986759498911341
22794,0.9908592591249221
22795,0.9543520572244547
22796,0.8489183511314644
22797,0.9976113783073334
22798,0.9730882756211376
22799,0.9990713596235314
22800,0.7459771996200347
22801,0.9998631707671535
22802,0.9999907772697206
22803,0.9844519082826629
22804,0.9999072105625648
22805,0.9715077853441367
22806,0.998818884614975
22807,0.9828562029103506
22808,0.9991764032855954
22809,0.989183053554612
22810,0.9182257717448534
22811,0.9992577367627716
22812,0.9995090218227647
22813,0.9997485962927221
22814,0.99995407763467
22815,0.9998113137098561
22816,0.9991024550555616
22817,0.9983550104286633
22818,0.9993979976893334
22819,0.9999619408241481
22820,0.9845917186139502
22821,0.999993600020102
22822,0.928981045569462
22823,0.9996059138831408
22824,0.9940596091735266
22825,0.9828249898740544
22826,0.9996308635325725
22827,0.9995404356399449
22828,0.9999593390428245
22829,0.9186016217190582
22830,0.9994901459038562
22831,0.9996664952231042
22832,0.9929144514027101
22833,0.9548061003696524
22834,0.9520523301352339
22835,0.9999203238216308
22836,0.9995708735340622
22837,0.999983370231024
22838,0.999942489024759
22839,0.9968158748337327
22840,0.9269441092118674
22841,0.9997218394680418
22842,0.9999629596240754
22843,0.9999548897111502
22844,0.9977111349470679
22845,0.9990750333604135
22846,0.9968567794933196
22847,0.993226172694801
22848,0.7936674989064652
22849,0.9977943534964293
22850,0.9997361926310027
22851,0.9992823663569695
22852,0.9998385109272405
22853,0.9926612436598561
22854,0.9955658118788149
22855,0.9880899693333635
22856,0.8415373505805483
22857,0.9923616865502023
22858,0.9963430001994463
22859,0.9998026409905568
22860,0.4613042238495452
22861,0.7634397420932163
22862,0.9999647133626682
22863,0.9978401956296189
22864,0.9999622636446567
22865,0.9973534048195172
22866,0.9999667140635946
22867,0.9993737422934064
22868,0.9923798301642766
22869,0.9999435598939423
22870,0.9970438313591006
22871,0.9999733825950515
22872,0.9607732598959882
22873,0.9942675092727198
22874,0.9998860403920848
22875,0.9974253189740798
22876,0.9998125411922104
22877,0.9927137346368484
22878,0.9987083251594335
22879,0.9988250817237593
22880,0.9559122529944019
22881,0.9999588958640426
22882,0.9999840241451466
22883,0.9967533786138921
22884,0.9913377984754956
22885,0.3995014126460428
22886,0.7261584408778128
22887,0.999948287987315
22888,0.9883128880361702
22889,0.9890795173528114
22890,0.999902933530308
22891,0.910166179929597
22892,0.9998493030186701
22893,0.9982203728031329
22894,0.9999853090471753
22895,0.9999920841247826
22896,0.9990288032129007
22897,0.999668188345282
22898,0.9984529999178283
22899,0.9940546536507593
22900,0.9997468565855627
22901,0.9999723973562955
22902,0.9970401307599415
22903,0.9967621456658973
22904,0.9999614620238162
22905,0.9999218948207068
22906,0.9387776211247391
22907,0.9992456031753534
22908,0.9996792039457353
22909,0.9999338514604896
22910,0.9988720418717743
22911,0.999997682969258
22912,0.6229013283874283
22913,0.9999434252985601
22914,0.9986987542931239
22915,0.9914167436031713
22916,0.9990061313840075
22917,0.9997968062339851
22918,0.9994028285981656
22919,0.5773759950904537
22920,0.999975909878904
22921,0.9905269914647306
22922,0.8958602435640958
22923,0.9998383420361782
22924,0.9936755320713937
22925,0.9988261132502564
22926,0.9927813163172926
22927,0.9987989627027127
22928,0.9952360017774154
22929,0.9999818473180334
22930,0.9858660553780907
22931,0.9992651309611963
22932,0.6638342214444705
22933,0.9998057460149706
22934,0.9969490565328557
22935,0.9544916610650854
22936,0.9632531787082061
22937,0.9995864721805453
22938,0.9998602284117039
22939,0.9998430116726079
22940,0.9999938335156994
22941,0.9986082309041391
22942,0.9947070588284914
22943,0.9990811650907919
22944,0.9996838703725334
22945,0.9995455577860342
22946,0.9873801809018464
22947,0.9995849832537195
22948,0.9985819066710819
22949,0.9974746608098848
22950,0.9970448745315765
22951,0.9990137417209479
22952,0.999960777132634
22953,0.9981768909259991
22954,0.5858411213972039
22955,0.9974084310039388
22956,0.9910131410405876
22957,0.999986223265859
22958,0.9863979679246332
22959,0.9999671951982222
22960,0.9999895659537672
22961,0.9999690062800727
22962,0.5380097149068023
22963,0.9710066327929028
22964,0.7869057227805399
22965,0.9989889036354995
22966,0.9959373792034538
22967,0.4871746623600112
22968,0.47002582946450794
22969,0.9999793383644773
22970,0.9725471967311433
22971,0.7152813306740335
22972,0.9998892102220496
22973,0.9999221424903864
22974,0.9997143545299271
22975,0.9995293169689458
22976,0.9999963059677969
22977,0.9972348083829222
22978,0.9709507370500772
22979,0.966335869922488
22980,0.027187141840536378
22981,0.998744368314448
22982,0.9987068728511942
22983,0.8986062093504028
22984,0.9934050362458645
22985,0.9994852899188221
22986,0.9986500321005983
22987,0.9976305755495336
22988,0.9993867547557398
22989,0.9992121995756711
22990,0.9887041481354268
22991,0.8103288967704134
22992,0.8668593167850259
22993,0.9999397053482006
22994,0.9999754665470351
22995,0.9958744267592997
22996,0.9996865676647231
22997,0.9994094979627135
22998,0.9999918929892397
22999,0.9409472694968528
23000,0.9964758801550041
23001,0.9998883956591954
23002,0.9992800608105895
23003,0.9997879881585159
23004,0.9991315890812709
23005,0.9994183840712413
23006,0.9990417822448338
23007,0.999569350992191
23008,0.92794465718069985
23009,0.8782354431195069
23010,0.9977824991557586
23011,0.9999872418815574
23012,0.9998556379008204
23013,0.9977899688614411
23014,0.9999919276139652
23015,0.9593760684954362
23016,0.9995138617122996
23017,0.9998312208948947
23018,0.999584567173126
23019,0.9999666506466124
23020,0.9949679543556262
23021,0.9848647074698466
23022,0.9985084256071571
23023,0.9999631613146508
23024,0.9329395275058702
23025,0.8734884755493274
23026,0.9995527184327866
23027,0.999522107639107
23028,0.9984808470698845
23029,0.9995826415735037
23030,0.9984919054593154
23031,0.8776991079845308
23032,0.9945225209389789
23033,0.9999664530586915
23034,0.9835003397627035
23035,0.9988499473245729
23036,0.9908592591249221
23037,0.9999483761936292
23038,0.9999254029739784
23039,0.9995792028259276
23040,0.9946607068976073
23041,0.9956456216186319
23042,0.992439214682237
23043,0.4304731501750083
23044,0.9998054788649539
23045,0.9997322807688626
23046,0.9998927796713274
23047,0.9211701722576726
23048,0.9974186689390311
23049,0.8210465581558373
23050,0.9294729875389917
23051,0.9999494748710241
23052,0.9982992979623049
23053,0.9996575644384555
23054,0.9999241851616726
23055,0.9993759003294472
23056,0.9999845090077251
23057,0.9996498433885196
23058,0.9998685016928947
23059,0.9992012174439361
23060,0.9999179674582653
23061,0.8657771675246564
23062,0.9999631269887956
23063,0.9968443212566762
23064,0.9970016534362504
23065,0.9999162995662821
23066,0.9426110861787188
23067,0.41841914196474544
23068,0.9981644278611016
23069,0.8803642052355772
23070,0.9989505572454407
23071,0.9999847649260417
23072,0.9998384671690953
23073,0.9999504296224544
23074,0.9999788001299154
23075,0.9958126923476862
23076,0.9999940241748879
23077,0.9999645584632275
23078,0.9991008022574533
23079,0.8866795152308331
23080,0.9998281647732962
23081,0.9994647996093091
23082,0.9997925943592626
23083,0.98886925430848
23084,0.971641219879092
23085,0.9998667746253835
23086,0.988396310655898
23087,0.9999892372551381
23088,0.9999795907734714
23089,0.9666757377597935
23090,0.9998530057264022
23091,0.9982436909452217
23092,0.9999756683078656
23093,0.9995436120102238
23094,0.9974097280361518
23095,0.9981075528170104
23096,0.9997970713646003
23097,0.9987067225264866
23098,0.9965519644367719
23099,0.9887900717899343
23100,0.9997824168528787
23101,0.9994690275854103
23102,0.9999788735604564
23103,0.9515323563047325
23104,0.9998403153560023
23105,0.6334681109869522
23106,0.9999773965652919
23107,0.9997966018944275
23108,0.9922554335059909
23109,0.9792287376677964
23110,0.9992911054494062
23111,0.7807738764937595
23112,0.998207183267106
23113,0.9999861363567505
23114,0.9999042779525423
23115,0.9986146341227863
23116,0.9992678246092604
23117,0.8158512458054986
23118,0.9923956701643921
23119,0.9992341892531762
23120,0.9994949271568045
23121,0.9546169104085882
23122,0.9988742353969675
23123,0.6087053287105494
23124,0.9999000681978499
23125,0.9995707524439525
23126,0.9998358768800801
23127,0.9818325745007721
23128,0.9994935242529998
23129,0.9990713596235314
23130,0.9996264655958855
23131,0.9998901616940687
23132,0.966510157104489
23133,0.9996623184132423
23134,0.9783985701441016
23135,0.9802555948924958
23136,0.9999199945418182
23137,0.999516505273003
23138,0.9986482594741477
23139,0.9825985284361081
23140,0.999534123491834
23141,0.999927518759834
23142,0.9998009534274718
23143,0.9935029784045243
23144,0.9986681335244192
23145,0.9732877052224282
23146,0.9984289795272733
23147,0.9903996409628313
23148,0.9987230896042565
23149,0.9977926622958898
23150,0.9997613200756715
23151,0.998833608790078
23152,0.9999929917199885
23153,0.981694638846446
23154,0.9999887533746997
23155,0.9999834131136718
23156,0.3057118686280928
23157,0.9919021118974514
23158,0.9962828971079755
23159,0.9965191464121369
23160,0.9999595727261489
23161,0.9785059045189143
23162,0.996363042905243
23163,0.9987468440499975
23164,0.9940285108872574
23165,0.9977986184642522
23166,0.998647656783123
23167,0.9999823837787433
23168,0.9625665417936672
23169,0.9562421713529882
23170,0.9991770565225757
23171,0.9999864675568266
23172,0.9998984665814018
23173,0.03782318464625194
23174,0.9999735847289256
23175,0.9999763545237569
23176,0.9954589914278491
23177,0.9975215808953528
23178,0.9999983153401205
23179,0.9999737042333109
23180,0.9784698062728099
23181,0.9997608616679731
23182,0.999521029417274
23183,0.9993945781997229
23184,0.9989293686170321
23185,0.9998459599796784
23186,0.9685738593756819
23187,0.9075063493765076
23188,0.9999713057366953
23189,0.9967477753308682
23190,0.9945640668229078
23191,0.9999284500608485
23192,0.9989068278062491
23193,0.9993225121574103
23194,0.989790209891224
23195,0.9951134313598704
23196,0.9999735052954634
23197,0.9990905283243052
23198,0.9107076471293191
23199,0.9993127734584294
23200,0.9929774716589341
23201,0.9993047519593312
23202,0.9999813569475262
23203,0.9998674218116613
23204,0.9998791653087978
23205,0.9999222366183197
23206,0.9991667048490661
23207,0.9999442087224759
23208,0.9996145010962658
23209,0.9998961231678344
23210,0.9984588209313005
23211,0.6499089301810677
23212,0.9999948974930094
23213,0.9997330544084115
23214,0.9999435014071637
23215,0.9942883682053065
23216,0.9993436544832078
23217,0.9962424098094332
23218,0.9651405276331572
23219,0.9995118966457608
23220,0.9999807771894214
23221,0.9997041229940147
23222,0.9962670271811073
23223,0.999493692289327
23224,0.9989235669227343
23225,0.9999610058705047
23226,0.9993255818076738
23227,0.991388670998301
23228,0.9999933459679429
23229,0.9993797830144692
23230,0.9994991176927815
23231,0.9999755316163053
23232,0.9976528671363379
23233,0.9998169517823021
23234,0.9960015143354485
23235,0.9886134169050469
23236,0.9935174691191636
23237,0.9658098580974582
23238,0.9991678342032755
23239,0.9843083189592736
23240,0.9781557292169843
23241,0.5743454169527091
23242,0.9999358926778112
23243,0.9993243693311159
23244,0.9991764032855954
23245,0.9902707779132945
23246,0.9993267271678773
23247,0.9995163630717772
23248,0.646517226632378
23249,0.9996683963484699
23250,0.9945982333736535
23251,0.979224525614335
23252,0.9774632845859877
23253,0.9999682586649007
23254,0.9961936271990721
23255,0.9999658814212414
23256,0.29700391044126256
23257,0.9985407860609531
23258,0.9997272652632844
23259,0.9959043580201858
23260,0.9999963708134162
23261,0.9806066000639858
23262,0.9428583882547587
23263,0.9997066815119797
23264,0.9999225569986948
23265,0.9979244878323381
23266,0.9986976736156762
23267,0.9998918300866396
23268,0.8829892278725485
23269,0.9990581361036754
23270,0.9992613914742505
23271,0.9980788925094989
23272,0.9996714002290078
23273,0.9996115424311122
23274,0.999704504155868
23275,0.889452401399913
23276,0.9997704855380967
23277,0.9990818819786063
23278,0.9857619094766619
23279,0.9982419404664706
23280,0.9974590277511943
23281,0.9994751221280752
23282,0.9985389942713712
23283,0.9999354176205966
23284,0.9997685932328005
23285,0.9999930488490356
23286,0.49104975551785046
23287,0.9915844762323688
23288,0.9999837156690876
23289,0.9990537107474015
23290,0.9990624671515137
23291,0.9997844657589563
23292,0.9935009897391439
23293,0.8772132748976901
23294,0.10969954619974207
23295,0.9995211429721214
23296,0.9979955040581571
23297,0.9933748269748488
23298,0.9994439506505789
23299,0.9737089737353336
23300,0.9964774741790094
23301,0.9983523616931412
23302,0.13113638885171244
23303,0.999970951350909
23304,0.9991742165429821
23305,0.9997340825360627
23306,0.9997449328895186
23307,0.98130055231549
23308,0.99299666209726
23309,0.9989885775411289
23310,0.9987457820624298
23311,0.99994200210584006
23312,0.7882975648344597
23313,0.9952118609581837
23314,0.9995946033900769
23315,0.9989417824347933
23316,0.9975397199520578
23317,0.9990283591799283
23318,0.9999612260083547
23319,0.9999521108139461
23320,0.9999113204134603
23321,0.9824090614254573
23322,0.9997173044648808
23323,0.9999499019698379
23324,0.9285329759287819
23325,0.9477055008794827
23326,0.99320217541036
23327,0.9999465501473065
23328,0.9674267321857268
23329,0.9866586917643064
23330,0.9896984371638083
23331,0.9377287460522178
23332,0.9999801632018416
23333,0.8163291868117653
23334,0.9993045634368889
23335,0.9995956547691726
23336,0.9997125298738512
23337,0.9990431118519614
23338,0.9999589695716232
23339,0.9990121121314096
23340,0.9997211914166243
23341,0.9998964602407716
23342,0.9995610449179362
23343,0.9520180526299248
23344,0.35290417578400834
23345,0.9939802999947495
23346,0.9905663925173643
23347,0.9997311772237454
23348,0.9200044943285205
23349,0.9981667066354718
23350,0.9994444679910713
23351,0.9876492337153605
23352,0.8446012013760442
23353,0.9996368095555452
23354,0.9998296547065831
23355,0.9999092004398678
23356,0.995707034049651
23357,0.9903069155378469
23358,0.9998395028648361
23359,0.6835406894910414
23360,0.6479758486671456
23361,0.999529111114109
23362,0.9997949974460973
23363,0.9998768335652592
23364,0.9999624178389227
23365,0.9922800295461862
23366,0.9927648611169771
23367,0.9999739793642253
23368,0.9985451528554109
23369,0.9993150614629
23370,0.8551420617444042
23371,0.9999904129128043
23372,0.9956641540670037
23373,0.995337304701339
23374,0.9974899703136031
23375,0.6100922365855973
23376,0.9914574055685861
23377,0.9996034878464637
23378,0.9997568690512393
23379,0.9999888061877031
23380,0.9968937207942082
23381,0.97509660019314
23382,0.9995648696785241
23383,0.9998607220558368
23384,0.999997040883686
23385,0.9648222007107653
23386,0.9964249671130997
23387,0.9968519724989009
23388,0.9904609103330787
23389,0.9994028285981656
23390,0.9995643512865143
23391,0.9136995591358155
23392,0.9998122073854753
23393,0.9999644386620036
23394,0.9769295787893642
23395,0.8746974960909628
23396,0.9989590228235129
23397,0.9991441151234015
23398,0.8370350136091416
23399,0.9947813906802596
23400,0.999877133733677
23401,0.9978050038556185
23402,0.999989463877615
23403,0.5857460224422928
23404,0.9990334483257832
23405,0.9996008921001525
23406,0.9179006161116612
23407,0.9456333508201852
23408,0.9999799851942002
23409,0.9777619289639056
23410,0.9984460811469805
23411,0.9860080860721444
23412,0.941355107119879
23413,0.09293980473237005
23414,0.999267220144006
23415,0.9999816115471221
23416,0.9999731187004026
23417,0.9935390070366202
23418,0.9056127060361865
23419,0.999566788117221
23420,0.9995179566884705
23421,0.9962035168409904
23422,0.999891982938834
23423,0.9984129619383483
23424,0.9997581627426926
23425,0.9998676560384364
23426,0.9944216470156217
23427,0.988248935434981
23428,0.7103276885589297
23429,0.6933347663815828
23430,0.999426114553065
23431,0.9067589336505899
23432,0.994600724461102
23433,0.9810487295578957
23434,0.9854854925017261
23435,0.9964728529817151
23436,0.9942697346473984
23437,0.9999063763814552
23438,0.9996025130424141
23439,0.999458076705593
23440,0.9991706841994622
23441,0.7644818163699993
23442,0.9993015789160813
23443,0.9973828490565468
23444,0.9859096057585371
23445,0.9999785947240015
23446,0.9979592924548368
23447,0.9994597084952909
23448,0.9999767180728376
23449,0.999959538256978
23450,0.9899497793753413
23451,0.0497740388511947
23452,0.9983114637419445
23453,0.9999550023584074
23454,0.9972786316935413
23455,0.997730587482628
23456,0.9999772826974735
23457,0.9990086687682554
23458,0.9988591043510829
23459,0.9100816746184383
23460,0.99852099230851
23461,0.9914040933046455
23462,0.9989483979298337
23463,0.9995227577698479
23464,0.998537867359333
23465,0.9998582695384813
23466,0.9942699956903499
23467,0.9975332471781522
23468,0.9976640809883954
23469,0.978879031426874
23470,0.9986098132823017
23471,0.9942067579128253
23472,0.9999991372317654
23473,0.9999118038299674
23474,0.9802134157382795
23475,0.9999820916244067
23476,0.9882261346160472
23477,0.9981891772441197
23478,0.97145686610411075
23479,0.8894404583213895
23480,0.9475519131388386
23481,0.9997434470393536
23482,0.9997983217241614
23483,0.7890470161176156
23484,0.9997669290068898
23485,0.9766045376493637
23486,0.9746450047946639
23487,0.9991232474840124
23488,0.9815770627971951
23489,0.9932959224129085
23490,0.9999412988213537
23491,0.999847409220275
23492,0.7447080340463832
23493,0.9998885760578343
23494,0.9999910993087245
23495,0.9968989033611118
23496,0.9996514090154718
23497,0.7919621786889716
23498,0.9986750372480031
23499,0.9999616850047451
23500,0.9994941364589821
23501,0.9239152242207028
23502,0.9999294548243519
23503,0.9999562184290874
23504,0.9990706702533105
23505,0.9998431384503442
23506,0.8195075448655641
23507,0.9927214727629706
23508,0.999964871504344
23509,0.9991603946100449
23510,0.9999402039958731
23511,0.9679356444993891
23512,0.999892926383993
23513,0.7273504638752206
23514,0.9693768743601268
23515,0.9997722900017529
23516,0.9999237232029162
23517,0.9868465152311489
23518,0.994459112929622
23519,0.9136851789567536
23520,0.9999669493850443
23521,0.9960372178474588
23522,0.9723463103727026
23523,0.9971736945642556
23524,0.9992686989862554
23525,0.9962216513713066
23526,0.9811059548483003
23527,0.9941294886695144
23528,0.9999918177738916
23529,0.9999945864372206
23530,0.9966010038655229
23531,0.9960218530646775
23532,0.9992546456223734
23533,0.9999797753407781
23534,0.9994885639467843
23535,0.1327428039649966
23536,0.999944357237826
23537,0.999909334539531
23538,0.9983112482502337
23539,0.9977640613782265
23540,0.999155120695478
23541,0.9635945477719889
23542,0.9999694212155947
23543,0.999740662661395
23544,0.9925390582853676
23545,0.9996441665140214
23546,0.9997930685324942
23547,0.6112848259098488
23548,0.9967367815531426
23549,0.9987451839779776
23550,0.9979360106055554
23551,0.8851092373501647
23552,0.9999401877506569
23553,0.9292598815428251
23554,0.9970834425217384
23555,0.5918782589186384
23556,0.9975998059276365
23557,0.5276835321731416
23558,0.999963131616247
23559,0.9862853008096572
23560,0.9997968174725385
23561,0.9990403036868906
23562,0.9998545477958192
23563,0.9975419107302308
23564,0.9801698723534535
23565,0.872806832978252
23566,0.9750264264733581
23567,0.9993157568277926
23568,0.9999854507932404
23569,0.9994233829036656
23570,0.9767084384225037
23571,0.9369688280003602
23572,0.9999723423966619
23573,0.921923192859982
23574,0.999934347610716
23575,0.9831395113990516
23576,0.9987156126469581
23577,0.9998790980444647
23578,0.9977938889961008
23579,0.9490297785548095
23580,0.9988190222492038
23581,0.9882804720950427
23582,0.988977883754114
23583,0.9737497630981881
23584,0.8626858364435188
23585,0.9999420084639152
23586,0.9844696064304634
23587,0.9999828479953137
23588,0.999867864941004
23589,0.9713578370279032
23590,0.999984421259059
23591,0.9998741686304464
23592,0.999977748691759
23593,0.9998309227394975
23594,0.9997455921613713
23595,0.9995170118393789
23596,0.9980190410157912
23597,0.9631977906305398
23598,0.999821974501803
23599,0.9999443915683968
23600,0.9944014890611604
23601,0.9812058581256657
23602,0.9995562045431948
23603,0.9939251169354095
23604,0.013603764663881595
23605,0.9953814957009045
23606,0.9929553429167467
23607,0.998967857097572
23608,0.9996122616910856
23609,0.9091890677586055
23610,0.9991447453836166
23611,0.9967369569227422
23612,0.862045647902186
23613,0.9990419503222981
23614,0.9999824080097597
23615,0.9986894839566061
23616,0.9999502954359134
23617,0.8366684090919887
23618,0.9998376501992804
23619,0.9999685458513548
23620,0.8678663873685133
23621,0.9883162431416069
23622,0.9975142723413114
23623,0.9997689465182997
23624,0.9999219814109056
23625,0.9989211500635251
23626,0.9975567270349197
23627,0.9996966147274928
23628,0.999980629758985
23629,0.9980484675499065
23630,0.9998399671332759
23631,0.9519761682630288
23632,0.9984145159558229
23633,0.9999460716271192
23634,0.9998368540566185
23635,0.999679995169987
23636,0.9993185210388545
23637,0.05446334596079255
23638,0.9993379754270251
23639,0.9998495665625271
23640,0.999772012930074
23641,0.4506985264515312
23642,0.9974938342668476
23643,0.9994265576441514
23644,0.9999731962832135
23645,0.9991432130245467
23646,0.9999779660601231
23647,0.25208864838516953
23648,0.9996591191137371
23649,0.9997349543152466
23650,0.9999798480723828
23651,0.9964338278648955
23652,0.9878415934638896
23653,0.7888887061416756
23654,0.9993115396756966
23655,0.9999743822784172
23656,0.9984834291159759
23657,0.9999734424192017
23658,0.9898170987960486
23659,0.9939251169354095
23660,0.9976550802959563
23661,0.020066074110702416
23662,0.9992050184228589
23663,0.624503914147693
23664,0.9998355881535121
23665,0.9999152201824673
23666,0.9998699185887777
23667,0.9999327845921455
23668,0.9985284991130813
23669,0.9442128212255758
23670,0.9999560673363636
23671,0.9851474574261837
23672,0.999978815149188
23673,0.9968577059833655
23674,0.9951226009653498
23675,0.9970368926122408
23676,0.9999441265705081
23677,0.34935087105709933
23678,0.8132913848706896
23679,0.9979399649738416
23680,0.9328607398514664
23681,0.9999650636833984
23682,0.9999398719483484
23683,0.996055864097703
23684,0.9997283104584737
23685,0.9959120728448126
23686,0.9995059040011758
23687,0.9992774557292718
23688,0.8657548150757028
23689,0.9991371225645385
23690,0.6822266528898688
23691,0.9998656000681613
23692,0.9996200463389519
23693,0.986232024119843
23694,0.980806568579334
23695,0.9998861507948398
23696,0.6026155651264619
23697,0.9942515935967663
23698,0.905113236347392
23699,0.9652855181924564
23700,0.9831045702347979
23701,0.9917020681892412
23702,0.9997895629844006
23703,0.9998202389703518
23704,0.9998479734136317
23705,0.7831828073568673
23706,0.9998410752557245
23707,0.9999174901358808
23708,0.9999909697403025
23709,0.9976124301211752
23710,0.9999794476386807
23711,0.9870825610586165
23712,0.9998753425217258
23713,0.9989439760947642
23714,0.9999425828798295
23715,0.9997684700166152
23716,0.9999414341310617
23717,0.9868973301461502
23718,0.9993735838239958
23719,0.9806145717167155
23720,0.9793835257243287
23721,0.998878499538011
23722,0.999996323155379
23723,0.999974532105287
23724,0.8865994445916038
23725,0.9996045353775089
23726,0.9640044621037906
23727,0.9999763037438266
23728,0.9992882833346355
23729,0.9996089859764731
23730,0.9994806562099255
23731,0.9969758706102292
23732,0.8253367296395171
23733,0.9997981698127041
23734,0.9075282336055462
23735,0.9999962957415166
23736,0.9999727159497711
23737,0.9994855249542053
23738,0.9999908687520944
23739,0.9997880808691876
23740,0.9998610780847045
23741,0.999509915990855
23742,0.8604612167282103
23743,0.99943195992475
23744,0.9999634846097885
23745,0.9999266813891133
23746,0.9996585062271726
23747,0.24796972210188914
23748,0.5697955959650343
23749,0.998118999403032
23750,0.9931790167047728
23751,0.9992329899643414
23752,0.9640199027752807
23753,0.9999251163991669
23754,0.9681833879007586
23755,0.7814950553275939
23756,0.9126777681761106
23757,0.9899245075276147
23758,0.9942595326585508
23759,0.9999923543035828
23760,0.9845087499912258
23761,0.9981864149943223
23762,0.9999668801366131
23763,0.9997358255900121
23764,0.9999110270655543
23765,0.9985284782951579
23766,0.999743930903142
23767,0.9999752665617293
23768,0.9999942144059538
23769,0.9997199339063982
23770,0.9906085978011776
23771,0.9985115378558576
23772,0.9994034515324088
23773,0.9999726195331106
23774,0.9997327787387645
23775,0.9975015890426695
23776,0.9928661325414022
23777,0.9997579879403403
23778,0.9998820490878139
23779,0.9998054621536405
23780,0.9999369944750883
23781,0.9896306313499553
23782,0.9998449422289563
23783,0.8904629726759837
23784,0.9991625585057554
23785,0.9928614171606754
23786,0.8080224342726569
23787,0.8914454064261013
23788,0.9995358694925098
23789,0.9998435620264748
23790,0.9304650261513903
23791,0.9991105554810565
23792,0.9887403700403358
23793,0.9941153148326488
23794,0.9999930578334462
23795,0.999356860847069
23796,0.9998701435153114
23797,0.9998216440708446
23798,0.999825951536879
23799,0.8980900790683107
23800,0.9996609452936096
23801,0.996519983749231
23802,0.4232605889373453
23803,0.9984536092735562
23804,0.9981872012039681
23805,0.5713942551462295
23806,0.999393023594079
23807,0.9953181574310248
23808,0.9999801417077994
23809,0.9965610246714395
23810,0.99952294130283
23811,0.9128690088904599
23812,0.9932378983963861
23813,0.9997123839369398
23814,0.9505651196973006
23815,0.9980083084455398
23816,0.9997885769580827
23817,0.9997123931793109
23818,0.8705686851796136
23819,0.9996239240810922
23820,0.9999793789574247
23821,0.9994931946394495
23822,0.5671094926562931
23823,0.9900393245651354
23824,0.7926426334340412
23825,0.9998964959839197
23826,0.11160333101257879
23827,0.9997380749752853
23828,0.9964231928641561
23829,0.9987987922356933
23830,0.9947304280666883
23831,0.9999413575175161
23832,0.8761853411156477
23833,0.9788735419104988
23834,0.9999496141870134
23835,0.9978095727229834
23836,0.9850854130648158
23837,0.9994090709762875
23838,0.9631637908339667
23839,0.9998738302958675
23840,0.9941299294348322
23841,0.9643184508648874
23842,0.9994468938834673
23843,0.9884673617195865
23844,0.9654576936634434
23845,0.9999300621035634
23846,0.998919198439663
23847,0.9999337629355984
23848,0.9116501143728102
23849,0.9986532927117743
23850,0.9999041186835995
23851,0.9993254025733374
23852,0.9989434115763782
23853,0.9999905641224147
23854,0.9555689142705284
23855,0.9999667442623887
23856,0.9998412109141369
23857,0.9993467683900868
23858,0.9998401444140411
23859,0.9999741678074836
23860,0.9990095199975247
23861,0.9261156337759076
23862,0.9998535284270553
23863,0.8775430739814235
23864,0.9999819963433028
23865,0.9667897070371537
23866,0.999133704054602
23867,0.9987048122002613
23868,0.9998212429587113
23869,0.9999866020892594
23870,0.9995935169635072
23871,0.9999752024532618
23872,0.9996630672034734
23873,0.9841904033321919
23874,0.9922284119289893
23875,0.9999494271038349
23876,0.44515046946915293
23877,0.9999630381959855
23878,0.9999493106228823
23879,0.9981622925040512
23880,0.9999204329088532
23881,0.9956875385096263
23882,0.999752142365422
23883,0.9451932390815421
23884,0.9973162650745053
23885,0.9998034441102406
23886,0.47045843002409593
23887,0.9999580392765945
23888,0.9971113224944309
23889,0.9981812036604234
23890,0.9967702558453251
23891,0.9998281841992067
23892,0.9999428746101685
23893,0.9985805125056406
23894,0.9999361981186817
23895,0.9485872045086787
23896,0.9994324528484845
23897,0.9999899653412672
23898,0.9999268674817154
23899,0.9998705266996214
23900,0.9994970077363959
23901,0.8415373505805483
23902,0.9994930257032753
23903,0.9997382816802881
23904,0.9450599056719425
23905,0.9999490600665795
23906,0.9999868120930565
23907,0.9993451284418071
23908,0.9970074352551368
23909,0.9281670954804113
23910,0.9548497325529858
23911,0.9999696830125734
23912,0.972627350930742
23913,0.9982303085634504
23914,0.9996668875072576
23915,0.9845308854662853
23916,0.9917161101918748
23917,0.9993692864380177
23918,0.941258893325058
23919,0.9993883431950206
23920,0.9998311640536178
23921,0.9992777376889554
23922,0.9992432673528957
23923,0.9999727585281649
23924,0.9995905517711083
23925,0.9999630927764539
23926,0.997886383760828
23927,0.9998009341129291
23928,0.9999972618698681
23929,0.845615671673012
23930,0.9999773381039181
23931,0.9974671780840169
23932,0.7520644152218823
23933,0.9369056265311032
23934,0.9997117184347194
23935,0.9999331387822613
23936,0.9895091400342498
23937,0.9917167114903017
23938,0.9992648503125819
23939,0.9789386009474087
23940,0.7737784677947441
23941,0.9984382642266615
23942,0.9932530099724356
23943,0.9999840840851781
23944,0.9534418542114431
23945,0.9999741804135261
23946,0.99968766786801
23947,0.9999471312099911
23948,0.997360740014393
23949,0.9996615562755014
23950,0.9835744750431944
23951,0.99988686474227
23952,0.9999091592182928
23953,0.9994974028937442
23954,0.9994205160873058
23955,0.9720512534131465
23956,0.9441538382849289
23957,0.2609126714937614
23958,0.9884781421789466
23959,0.9987539910725666
23960,0.993739545051327
23961,0.9989228853229604
23962,0.9999173681239575
23963,0.9957038482236655
23964,0.9905630737635434
23965,0.9981593649344314
23966,0.7259152174316028
23967,0.9997970651430867
23968,0.9998046233170806
23969,0.9993336891683613
23970,0.9999826464697925
23971,0.999783557117995
23972,0.9993340164742652
23973,0.999678339138498
23974,0.996135530096248
23975,0.10329145503813979
23976,0.9999774995361198
23977,0.9998836800739203
23978,0.9999888960529163
23979,0.9997196260996204
23980,0.9998463710653857
23981,0.9996859260316178
23982,0.9999597777526537
23983,0.9999534722953202
23984,0.9822568641751814
23985,0.8644111966476363
23986,0.9999877488732941
23987,0.5768945652096007
23988,0.9999990402627753
23989,0.9913344396632584
23990,0.9987606259735116
23991,0.9990348978233051
23992,0.9986432820471278
23993,0.99881199415466
23994,0.7882228689481856
23995,0.999990539796539
23996,0.9419094557800267
23997,0.9926390294914018
23998,0.9994719050876595
23999,0.8740081762178641
24000,0.9998658069614533
24001,0.9999847627357075
24002,0.8497350044903293
24003,0.9993575488335158
24004,0.9483888411292378
24005,0.9999148599341005
24006,0.975015672753966
24007,0.9981806883149563
24008,0.9991873160618651
24009,0.9315560734571697
24010,0.9998806076467667
24011,0.9995342824524236
24012,0.9860302112386292
24013,0.9984356771345263
24014,0.7815207239426006
24015,0.999399210931304
24016,0.9961670389601754
24017,0.9998854030841261
24018,0.944502699017694
24019,0.9991970635142488
24020,0.9998525938209009
24021,0.9999467109496658
24022,0.9939016617198717
24023,0.9996279970497709
24024,0.999401105602317
24025,0.9986760632274972
24026,0.9996075580799941
24027,0.1099121504391457
24028,0.9991934952461434
24029,0.9709920111746002
24030,0.9868811988077077
24031,0.9989379050495047
24032,0.9985306018164735
24033,0.9999413686492944
24034,0.9998390724626386
24035,0.9999904225011058
24036,0.9997326590557789
24037,0.9996882573092449
24038,0.9995440870801192
24039,0.9987787714889035
24040,0.9994716316212856
24041,0.9994517723875083
24042,0.9196519551243598
24043,0.997825401709355
24044,0.9992822997439499
24045,0.9999875951856736
24046,0.9997131063653152
24047,0.9990799367632609
24048,0.9992179896083714
24049,0.9994652983833621
24050,0.9923818544105925
24051,0.9995158994616777
24052,0.9996056710980048
24053,0.9943765341386966
24054,0.9190099539174272
24055,0.9731805787115788
24056,0.9989774410173835
24057,0.1732984967906002
24058,0.9996069335904099
24059,0.9437160835310302
24060,0.9999990370256447
24061,0.9999587491234572
24062,0.9990207381090198
24063,0.9998526488524412
24064,0.9888292075749684
24065,0.9997563297191869
24066,0.9998236453850512
24067,0.9991137109441968
24068,0.9997901136122828
24069,0.9999510665003702
24070,0.9529222174141698
24071,0.9666160708202669
24072,0.9999876816189086
24073,0.9996420821024826
24074,0.9997612373257326
24075,0.9999462579770014
24076,0.9999860159407118
24077,0.997387389584782
24078,0.9975509556343088
24079,0.9998757894405899
24080,0.9999817307400437
24081,0.9910040860785876
24082,0.9827388812401835
24083,0.9999899744065563
24084,0.9994660669242168
24085,0.9996613462896847
24086,0.9616316995543785
24087,0.9994117076479323
24088,0.9992154404936306
24089,0.9997084371611739
24090,0.9994340573412012
24091,0.9894090896078485
24092,0.99583902354578
24093,0.9981349248010436
24094,0.9967156859379789
24095,0.9996191086191487
24096,0.9999405253256506
24097,0.9998637441841088
24098,0.9973567788437022
24099,0.9973034764905179
24100,0.9770190566003658
24101,0.9999288430380459
24102,0.9992947468153877
24103,0.99998199621396755
24104,0.9999748667694106
24105,0.9664760805602257
24106,0.9425263230185827
24107,0.999320818600155
24108,0.9983406889538252
24109,0.993542683544395
24110,0.9906708126526268
24111,0.9961348928506903
24112,0.9998724633059459
24113,0.9999356544031072
24114,0.9999310526830698
24115,0.9969944158107166
24116,0.9992072843553831
24117,0.9993874562417997
24118,0.9999720856699806
24119,0.9705803735710342
24120,0.9039301761568276
24121,0.999443616234395
24122,0.9998186413679485
24123,0.9985533518966133
24124,0.9994681517256564
24125,0.999377147086869
24126,0.9996827905435188
24127,0.9364101496989671
24128,0.999723742024781
24129,0.9998253279012628
24130,0.9992928825939638
24131,0.9996554722069013
24132,0.9755160316657627
24133,0.3911153546946967
24134,0.9999897400331834
24135,0.9956157928117724
24136,0.999744877486263
24137,0.9990677474675966
24138,0.9978541318020617
24139,0.9947058173463805
24140,0.9999421211229612
24141,0.9774956495183732
24142,0.9963885245187575
24143,0.9996076195643203
24144,0.9999464287385064
24145,0.9994736131041256
24146,0.9999104231244317
24147,0.998745766414083
24148,0.9584775841494398
24149,0.9656044228046825
24150,0.9960683444218648
24151,0.9999368806403566
24152,0.9993280983859089
24153,0.9936362353140387
24154,0.9909847472470552
24155,0.8706773764630731
24156,0.9953924804889834
24157,0.9939819770066912
24158,0.9999842439327736
24159,0.9792103401491077
24160,0.9753090234831321
24161,0.9957480552825984
24162,0.9999820048420122
24163,0.9993751713509264
24164,0.988347136453268
24165,0.9986719523552751
24166,0.9997085648764547
24167,0.8736969598738745
24168,0.9996522446948886
24169,0.9823532692687443
24170,0.9920965567962968
24171,0.9903248955551052
24172,0.9994504897764932
24173,0.999785074694181
24174,0.9999402725925519
24175,0.9999963241446022
24176,0.9850872583939935
24177,0.9997713113999014
24178,0.9999307682122256
24179,0.9998631460341442
24180,0.999783691166029
24181,0.9970950113183842
24182,0.9967785698900071
24183,0.9997869753064188
24184,0.9991888600596056
24185,0.9985336690311946
24186,0.9398475164213999
24187,0.9998101107519475
24188,0.9996865421223445
24189,0.9945159753055822
24190,0.9998187605019373
24191,0.9996667519140858
24192,0.999775730218136
24193,0.9999588492669778
24194,0.9971375570942359
24195,0.9988575838325632
24196,0.993968324773087
24197,0.9059536560103487
24198,0.9997283369906578
24199,0.9986328989198093
24200,0.9996855364241307
24201,0.8601377207671129
24202,0.9301707805059409
24203,0.9910229326344233
24204,0.9864050236151638
24205,0.9999872887395407
24206,0.9913124178405402
24207,0.9997369420389709
24208,0.999340103903597
24209,0.9998571880396354
24210,0.9999468212881418
24211,0.9861023842438207
24212,0.9996945987709347
24213,0.9997438705103157
24214,0.9990076189580656
24215,0.9992866557828768
24216,0.9999677969568425
24217,0.4354082493111707
24218,0.9989990048578513
24219,0.9997976292087627
24220,0.9996878204505123
24221,0.9997757075547716
24222,0.9999137653137513
24223,0.996357521452353
24224,0.9762654599581828
24225,0.9999274758216685
24226,0.9999676825560383
24227,0.9992454341691851
24228,0.2204844298406059
24229,0.964547801031578
24230,0.9999228451250356
24231,0.6274516466105594
24232,0.9969046213855915
24233,0.9994440950517027
24234,0.9992390150915409
24235,0.997015589705558
24236,0.9411669441459529
24237,0.9998625000467559
24238,0.9983452675298506
24239,0.8380803580744548
24240,0.9767206766286545
24241,0.9987582660729872
24242,0.9999752147495223
24243,0.9998772879202504
24244,0.9997943900374952
24245,0.99985574566338975
24246,0.9954975312778086
24247,0.9974359349256502
24248,0.9999835868442439
24249,0.9994910610662274
24250,0.9999776631650573
24251,0.9998779992233496
24252,0.9999442628266171
24253,0.9077014650146785
24254,0.9999595456145354
24255,0.9591986817296023
24256,0.9995039310692796
24257,0.9999582296249795
24258,0.9996549673028455
24259,0.9994454793346866
24260,0.9993787706744183
24261,0.999750310626156
24262,0.9993833820489775
24263,0.9994558152856701
24264,0.9996389827229286
24265,0.9963511330103827
24266,0.9982047570546237
24267,0.9945749585225291
24268,0.9979426196945709
24269,0.9610860297947708
24270,0.673539179929324
24271,0.9986419025927433
24272,0.9994711833579016
24273,0.9983489848935968
24274,0.9189993201403511
24275,0.998021848974114
24276,0.9892275935225826
24277,0.9992357150344737
24278,0.9761444364675048
24279,0.9996823380213766
24280,0.9999605576679179
24281,0.9976946072829106
24282,0.9979222038968281
24283,0.6745654543763507
24284,0.9999818328348754
24285,0.531325050985824
24286,0.9999730487381979
24287,0.972786967456004
24288,0.9996246668777202
24289,0.9984601572178347
24290,0.9996584098797562
24291,0.9996999006242595
24292,0.9998218632386245
24293,0.9999718527444991
24294,0.9998741497612132
24295,0.9956444569900545
24296,0.9975890758150072
24297,0.9999787563072446
24298,0.9996041846734747
24299,0.9990214759186633
24300,0.9994748309887007
24301,0.9999835477648774
24302,0.9999909152498887
24303,0.9999301312629357
24304,0.9989731315773819
24305,0.9998774234470872
24306,0.9999748345249437
24307,0.9996157986164569
24308,0.9986753460413906
24309,0.9995538134792393
24310,0.9990302415615623
24311,0.9967184651443457
24312,0.8864630407992029
24313,0.9955194431360154
24314,0.02391053825823964
24315,0.9994208580434113
24316,0.9557901263448896
24317,0.9937638153703574
24318,0.9980750662482246
24319,0.9280789884696476
24320,0.9511539183688731
24321,0.9999645043872529
24322,0.9216885603988824
24323,0.9999546240919004
24324,0.997941656639488
24325,0.9991002489245331
24326,0.9644824129155294
24327,0.9603697791306278
24328,0.9994847114558552
24329,0.9935721910832471
24330,0.9993792930481874
24331,0.8348007877441237
24332,0.7126306403887939
24333,0.999909702138825
24334,0.9935687096674358
24335,0.9918880203438217
24336,0.9994525898717415
24337,0.9995873770696879
24338,0.9986247247516254
24339,0.9997645699953625
24340,0.9981213888053427
24341,0.9918285061828352
24342,0.9999697228709273
24343,0.9097713657330774
24344,0.95948968271274
24345,0.8869942038645988
24346,0.9998537690230566
24347,0.9970274235442679
24348,0.9993571323026283
24349,0.9978092297582627
24350,0.9997638165162481
24351,0.9993009516597765
24352,0.9996634452760009
24353,0.9999895173794471
24354,0.9900974826364346
24355,0.9998838290803453
24356,0.9714701795853369
24357,0.9999842740439531
24358,0.9990759578802689
24359,0.9995762859128008
24360,0.997848083911636
24361,0.9877408643824604
24362,0.9958853209390703
24363,0.9999829305492738
24364,0.9978279201853588
24365,0.5632011044545933
24366,0.9880278133132755
24367,0.9997685531656771
24368,0.9958115569270961
24369,0.9884319778015398
24370,0.9885781493496042
24371,0.8869425337121765
24372,0.9994329474929817
24373,0.9216974828199498
24374,0.9999662175140771
24375,0.9999748347307925
24376,0.9787427220670998
24377,0.9018411864849926
24378,0.9995117838150037
24379,0.8653351170920236
24380,0.986956027049038
24381,0.46169299651133394
24382,0.9999701431076908
24383,0.9975560229257568
24384,0.9995439164590537
24385,0.9996037967342553
24386,0.9976270399752495
24387,0.9859512993855871
24388,0.9637758350151631
24389,0.990144125121305
24390,0.8189312434935486
24391,0.9998090567390195
24392,0.9933112893747655
24393,0.9995311919854165
24394,0.9999094308521388
24395,0.9945770399080563
24396,0.9997127659914702
24397,0.9977345282537523
24398,0.9998185742796526
24399,0.9990572729626844
24400,0.999098958762774
24401,0.9957356306423021
24402,0.9825664542079893
24403,0.9964792885266723
24404,0.9583077988777697
24405,0.9528738711936915
24406,0.999986803200686
24407,0.9997726851716318
24408,0.9936700753583417
24409,0.999979593231151
24410,0.9977003314162018
24411,0.19083985359792446
24412,0.9999803749507302
24413,0.9999769097992479
24414,0.9013296804917628
24415,0.9998677707697771
24416,0.9997910672079775
24417,0.9994612005247344
24418,0.9999950197507481
24419,0.996058932290968
24420,0.9964120154380388
24421,0.9942054128067251
24422,0.9980810641505395
24423,0.9981769795422106
24424,0.9986160330280205
24425,0.9932941483117009
24426,0.9997322422798576
24427,0.9997031280037765
24428,0.9999670910348442
24429,0.9017919571709538
24430,0.9999595692027902
24431,0.9965085588024638
24432,0.9998446568060794
24433,0.9959837826879613
24434,0.9999436828215644
24435,0.4852060388970851
24436,0.5800438084513135
24437,0.9994835230741378
24438,0.9977800292024303
24439,0.9999704989277978
24440,0.993923180514007
24441,0.9980628082231455
24442,0.9999797903737334
24443,0.9997151382251163
24444,0.9991267736355912
24445,0.9996083260829621
24446,0.999314693399584
24447,0.9999566530815874
24448,0.9948183239345161
24449,0.9607444758165449
24450,0.9907863818802756
24451,0.9999139728752705
24452,0.9999880685458219
24453,0.9946333721028051
24454,0.9990824013682187
24455,0.9747132687088818
24456,0.9989012181898806
24457,0.9999170715614968
24458,0.9992303836640817
24459,0.9998580316533147
24460,0.7780628698035242
24461,0.9974767700982626
24462,0.9718919347113508
24463,0.9995779598102903
24464,0.9955641118114855
24465,0.9970087814865322
24466,0.999362551093163
24467,0.9930745898907772
24468,0.998163035156412
24469,0.9999830413822779
24470,0.9998104724272101
24471,0.9980926826874654
24472,0.9996606044634453
24473,0.9996050704233478
24474,0.9793702316745974
24475,0.9981983617999617
24476,0.9999745278319286
24477,0.9991985371662896
24478,0.9996143716464659
24479,0.9748853972997613
24480,0.9993734420299182
24481,0.9998782425989988
24482,0.9998861758216987
24483,0.9920437439118098
24484,0.9996128932494187
24485,0.8487022207339284
24486,0.9964832546263938
24487,0.9869510098434662
24488,0.9999672205114303
24489,0.9907894858799541
24490,0.9990073885104105
24491,0.9997979844960513
24492,0.6227669840499275
24493,0.9989045749465104
24494,0.9821393873239648
24495,0.998089120247356
24496,0.9997752568084456
24497,0.9996419373521633
24498,0.9942034163905022
24499,0.3952092984398846
24500,0.9947044939295733
24501,0.9997274617819208
24502,0.9997572464004997
24503,0.9754952801585454
24504,0.9999878287440763
24505,0.9999440903049861
24506,0.9961773077872345
24507,0.9999453571032588
24508,0.9523623903624846
24509,0.9971975147414048
24510,0.9996200083060014
24511,0.44722628169180734
24512,0.9927777106280127
24513,0.9968810608065528
24514,0.9999954752745318
24515,0.10669694939861434
24516,0.9930040830109077
24517,0.17969048195045187
24518,0.9901715942648778
24519,0.9987830592674217
24520,0.9999208981882569
24521,0.9992428012486181
24522,0.9996395499441797
24523,0.9904562280560407
24524,0.9996247199305592
24525,0.8895070429847791
24526,0.969810272439166
24527,0.9964072722494994
24528,0.9999746637229581
24529,0.999963005421994
24530,0.9999892227358474
24531,0.9996682519668555
24532,0.9999686517382465
24533,0.9995012094704985
24534,0.04917439673117512
24535,0.9999873788003271
24536,0.9966213228076272
24537,0.998001807081533
24538,0.9958684209130481
24539,0.9991527887965497
24540,0.9980452517068696
24541,0.9997225206695317
24542,0.999098158657976
24543,0.9997624917397178
24544,0.9998629129860636
24545,0.9995480796502163
24546,0.9789930748276204
24547,0.9208917112593191
24548,0.997344630915722
24549,0.981647397122168
24550,0.9578344256954672
24551,0.9987486686907815
24552,0.9991378931033635
24553,0.9994109650614154
24554,0.9904962135624831
24555,0.9910850752658801
24556,0.9994804630763326
24557,0.9999929377463784
24558,0.9779867219736765
24559,0.999920469945237
24560,0.9999895200144663
24561,0.9999118052381646
24562,0.993510391085336
24563,0.23999103495728877
24564,0.9408701002444214
24565,0.9999717331215043
24566,0.9300721473409839
24567,0.2621130112368543
24568,0.9960243076051679
24569,0.4661954469206287
24570,0.9990199303595757
24571,0.4083360803917709
24572,0.9954429313847714
24573,0.9991417997693977
24574,0.2054605065908774
24575,0.9998580900218798
24576,0.9999503129012931
24577,0.9995278957036589
24578,0.9986749232673632
24579,0.9989912741852868
24580,0.9990719803695053
24581,0.9978187249483893
24582,0.9986687291678962
24583,0.9763287376082698
24584,0.032010142058549705
24585,0.9981858336885848
24586,0.9946427604378913
24587,0.9999849081220817
24588,0.9999393324019992
24589,0.9998591082767954
24590,0.9987888037043285
24591,0.9998810263204431
24592,0.6283987838217402
24593,0.9998608464702653
24594,0.1845521025287742
24595,0.9868098268056886
24596,0.9371790085572926
24597,0.9606683827386415
24598,0.9861023842438207
24599,0.9931513710503935
24600,0.9988816167822185
24601,0.9995527480102374
24602,0.9995037071653576
24603,0.9999292708400969
24604,0.9983812344673122
24605,0.26513086795412677
24606,0.9909335597102992
24607,0.999454012206798
24608,0.999763898377738
24609,0.9942563572841234
24610,0.6338281079086051
24611,0.9965012818828304
24612,0.17545130897781352
24613,0.9993242913698491
24614,0.994433841487698
24615,0.9809961633579877
24616,0.9380873056197192
24617,0.9999786653472166
24618,0.882108258590811
24619,0.999035969224209
24620,0.9738658575533782
24621,0.9124259411433254
24622,0.998296760729142
24623,0.9798971253134416
24624,0.9998545069771602
24625,0.9999426003714839
24626,0.9996265923536117
24627,0.9264517339763746
24628,0.9977172739588033
24629,0.9992298158384076
24630,0.9918613485848088
24631,0.9996317942319749
24632,0.999574960452548
24633,0.9412367299777067
24634,0.9275163724575745
24635,0.9982996533034506
24636,0.9893487859992558
24637,0.999146514996596
24638,0.9520864397470101
24639,0.965070593355271
24640,0.999688394171294
24641,0.9381425184565981
24642,0.9943474345571736
24643,0.9999879426558814
24644,0.9989137904197507
24645,0.9995617926072268
24646,0.9794302325998971
24647,0.9705767689325467
24648,0.9957188463316554
24649,0.9995933313948451
24650,0.9984430421383789
24651,0.9999751080774967
24652,0.9111002082102124
24653,0.9825309163334625
24654,0.3251003843101751
24655,0.9993514995555677
24656,0.997554629082479
24657,0.8806521071374355
24658,0.7927462561623906
24659,0.9999245948642042
24660,0.9893912637292775
24661,0.9642381341385017
24662,0.9997009189337115
24663,0.9999742315356119
24664,0.9998697156056126
24665,0.9978098913118758
24666,0.9985668518208121
24667,0.992031930699761
24668,0.9764107136371958
24669,0.9989091669333849
24670,0.9878599991318203
24671,0.9979849988437978
24672,0.9984947058640231
24673,0.9999586010931109
24674,0.9998819410252402
24675,0.9959063746016874
24676,0.9995991190910857
24677,0.9993482934258339
24678,0.9414165724281468
24679,0.9999676139379579
24680,0.9997376222030381
24681,0.9902574514100667
24682,0.9995609915169298
24683,0.9692685186531859
24684,0.9983723029876721
24685,0.9981393459124405
24686,0.843359435821463
24687,0.8959037482014219
24688,0.9996245092281623
24689,0.9995121496004494
24690,0.9997345407921074
24691,0.8072118474665619
24692,0.9990213115738049
24693,0.9973638776315478
24694,0.994499395702492
24695,0.9997132228131494
24696,0.8826784068678497
24697,0.9998208323200701
24698,0.9947291157176406
24699,0.9990242959356622
24700,0.9999378956405892
24701,0.9995318247280791
24702,0.9967902219450349
24703,0.953431096802265
24704,0.9836985897263266
24705,0.9999906489858041
24706,0.9966112798278753
24707,0.9954696635267308
24708,0.9994470557246601
24709,0.9974306590494932
24710,0.9980645107133269
24711,0.9995754182452862
24712,0.9999976432572627
24713,0.9999875324226588
24714,0.9378533549517092
24715,0.9999825935787833
24716,0.9996328808237323
24717,0.9679700998657338
24718,0.7928303013049642
24719,0.9683869359248973
24720,0.9639836341372898
24721,0.9986026742275105
24722,0.999955073129617
24723,0.9986456500194031
24724,0.9395182159425436
24725,0.9534032186691994
24726,0.9961960681258925
24727,0.999919636755408
24728,0.994787337595242
24729,0.9998463958081683
24730,0.9966176746629047
24731,0.7765271154307246
24732,0.9677355409347136
24733,0.9948099527683508
24734,0.9994744887155168
24735,0.9986474689159213
24736,0.7447277278627752
24737,0.9990924563820585
24738,0.9998898574769872
24739,0.9999090153709014
24740,0.9807862359780956
24741,0.9994456017929948
24742,0.9997377866412521
24743,0.9997320001061144
24744,0.9981596875671194
24745,0.9906054067375876
24746,0.9963125002706061
24747,0.9999213378834229
24748,0.9984177787308288
24749,0.9583867943729711
24750,0.9992943149079822
24751,0.9996694901507417
24752,0.9882629270491766
24753,0.9989203554254782
24754,0.9999847411186548
24755,0.9370629853670778
24756,0.9994108131826849
24757,0.9910125312823475
24758,0.9971638232731207
24759,0.999995461824975
24760,0.9653050451063411
24761,0.998859347368034
24762,0.9994683703561736
24763,0.9998985922143739
24764,0.8194551643406843
24765,0.9998429120483803
24766,0.9893403928790998
24767,0.9997746501798075
24768,0.9999699687894027
24769,0.9998987132909294
24770,0.9923674017839096
24771,0.9987789803594074
24772,0.9998929969237439
24773,0.8797672703866044
24774,0.9966234846706216
24775,0.9999259240043221
24776,0.9947575021862267
24777,0.9573100980792572
24778,0.9993538458597158
24779,0.9999318947396075
24780,0.9999250155483902
24781,0.9996984861584307
24782,0.9990348150263778
24783,0.9989275445089244
24784,0.9986985870281018
24785,0.999976581530504
24786,0.9999760816432772
24787,0.9999600715987134
24788,0.9989238828599939
24789,0.9999221862705834
24790,0.9999879680356992
24791,0.9916920617097076
24792,0.9999927851539212
24793,0.9992500463820392
24794,0.9997624843179738
24795,0.9996586649213374
24796,0.9996140314831656
24797,0.9924687674484721
24798,0.9976255143096092
24799,0.9999690758748953
24800,0.9997920963487483
24801,0.9616219615400706
24802,0.9998442532911777
24803,0.9354106979341367
24804,0.9702291986696197
24805,0.9999582310113302
24806,0.9997347976412776
24807,0.9775185012094655
24808,0.9990751537927284
24809,0.9993448284725045
24810,0.9960708753397681
24811,0.9835737497810365
24812,0.9995531583525835
24813,0.9980310365441557
24814,0.9999991055702114
24815,0.8580138933758341
24816,0.9996549445700084
24817,0.999798658687662
24818,0.9996611181828853
24819,0.877586552760791
24820,0.999565520672392
24821,0.9976017435436432
24822,0.996108165099565
24823,0.9908592591249221
24824,0.9999540944366659
24825,0.9475317435548192
24826,0.47836888968037644
24827,0.9996945691346795
24828,0.9999858842576046
24829,0.9993024018438741
24830,0.999816494253745
24831,0.9985470478804208
24832,0.9977554075947166
24833,0.8303220076579487
24834,0.9983874267282655
24835,0.9969610895496911
24836,0.9920718190337713
24837,0.9953031487638261
24838,0.999891159223037
24839,0.9998037154493072
24840,0.999729593442319
24841,0.9978407026665826
24842,0.9996494568390614
24843,0.9999334169069966
24844,0.9987679165089018
24845,0.9993596375122638
24846,0.9995409831065634
24847,0.9988960544565023
24848,0.9999051942502147
24849,0.9998459087736098
24850,0.9964340960107461
24851,0.9685858036972801
24852,0.9992996079384697
24853,0.9999754640001017
24854,0.9982580923990162
24855,0.9962882631114545
24856,0.9993136481219721
24857,0.9997090583521175
24858,0.9976186775911903
24859,0.9992122252088103
24860,0.9994461924719302
24861,0.9949833063180661
24862,0.9992866557828768
24863,0.9999889348227403
24864,0.9988543697777049
24865,0.9993922160482323
24866,0.9328810510993869
24867,0.999980220669835
24868,0.9892773998500789
24869,0.9942035994054783
24870,0.9984826719971163
24871,0.9999749793120607
24872,0.9917644628989322
24873,0.6427090222051876
24874,0.9999880488086547
24875,0.9911523198433515
24876,0.9976296795501172
24877,0.9987274592834676
24878,0.999824584426758
24879,0.9990654912528651
24880,0.9953354006471716
24881,0.9814175533473564
24882,0.9552872883434779
24883,0.9999672094421331
24884,0.9753527526395638
24885,0.9999893860648041
24886,0.9981591368787287
24887,0.9999932166171538
24888,0.9999400597496363
24889,0.9996478976813934
24890,0.35175731523837533
24891,0.5673091407901534
24892,0.9989046115212964
24893,0.9999864621263491
24894,0.9980352945196154
24895,0.9989868539289373
24896,0.9977906790740052
24897,0.9998965292909409
24898,0.9999606479135009
24899,0.9996212153420876
24900,0.9995269312018985
24901,0.8583150627779397
24902,0.9983185797485375
24903,0.9751049333990038
24904,0.5428951158870362
24905,0.9960760312234004
24906,0.9999690168428035
24907,0.9999840735440791
24908,0.999781090677679
24909,0.9956030663764585
24910,0.9967404280077918
24911,0.9998451581349203
24912,0.9741184673560643
24913,0.9998294505532095
24914,0.925589139042748
24915,0.9996072941880297
24916,0.9994122012094828
24917,0.9999243912667055
24918,0.9997137896124321
24919,0.9998750854652936
24920,0.9988421948586945
24921,0.9993202599641685
24922,0.9999715878255347
24923,0.9935423248172793
24924,0.9998278552039381
24925,0.9999643973585511
24926,0.99806497422026
24927,0.9943336842678268
24928,0.9986073736547812
24929,0.9999587963707006
24930,0.9997846181197733
24931,0.9991750417049976
24932,0.9995166565733266
24933,0.999873230208586
24934,0.9989809892734027
24935,0.7518508544230218
24936,0.9427619571413992
24937,0.9999189636009544
24938,0.9998739963177591
24939,0.9997395180659004
24940,0.9894742031870855
24941,0.9988747732959267
24942,0.9905561721019095
24943,0.9999692382797523
24944,0.9768705672220012
24945,0.9999240517691896
24946,0.9999892258773343
24947,0.454870248157391
24948,0.9983542189516619
24949,0.9981734431699395
24950,0.9930783146264638
24951,0.9999360152989257
24952,0.9999710189724893
24953,0.997763781118076
24954,0.9999680648304037
24955,0.9174324788834579
24956,0.9999528201757394
24957,0.8408169047962472
24958,0.9595689098753509
24959,0.9995231287646946
24960,0.4132977671846556
24961,0.9999536436915136
24962,0.9997699597222154
24963,0.9992614124189221
24964,0.29674746377500094
24965,0.9997261983802973
24966,0.9999285269674585
24967,0.567635796742452
24968,0.9998671654344207
24969,0.982237656953087
24970,0.998731148055085
24971,0.9999734862220192
24972,0.8105362903318848
24973,0.9971410009732246
24974,0.9717108124189289
24975,0.9994323002690838
24976,0.9989722238159406
24977,0.6945922424127471
24978,0.9991526121912365
24979,0.9917547367927312
24980,0.9999729638742634
24981,0.9988267605383307
24982,0.8398131875975018
24983,0.9985393167190056
24984,0.999723475580358
24985,0.9999828707368871
24986,0.9999968022627106
24987,0.9999834937032065
24988,0.9960599730284277
24989,0.9271120373918901
24990,0.9992994752174095
24991,0.9998834797244329
24992,0.9999665723833315
24993,0.9999774335333479
24994,0.9784029872172626
24995,0.9776839611992469
24996,0.9998899731854773
24997,0.4006450194335481
24998,0.9981453359563218
24999,0.4894397830200377
25000,0.9998197644481793
25001,0.999933399214406
25002,0.9998626768881383
25003,0.9997236561553459
25004,0.999881994553894
25005,0.9999165341278091
25006,0.997467820576121
25007,0.9937988776344618
25008,0.9999194154415484
25009,0.9969173798424182
25010,0.9991551687101116
25011,0.999198302651198
25012,0.9119300815006445
25013,0.9999231357718473
25014,0.9182519178828586
25015,0.999729933434086
25016,0.999422894145948
25017,0.9997241978363351
25018,0.9999870224043601
25019,0.8582027000043344
25020,0.9999812514436575
25021,0.98426215201139855
25022,0.9999614839711021
25023,0.9975816964519887
25024,0.6827075195568089
25025,0.7502953369813968
25026,0.9999168079776789
25027,0.9933181128428571
25028,0.9984391836852428
25029,0.99080811918427
25030,0.3371168009163365
25031,0.8046729036063426
25032,0.999323096244224
25033,0.4058327306330991
25034,0.9999722341572711
25035,0.9918378453585014
25036,0.9876176207869793
25037,0.02101434351739525
25038,0.9888768809228282
25039,0.9076494795120196
25040,0.9991109575827136
25041,0.9986265831079146
25042,0.9999924295013314
25043,0.9999289112918741
25044,0.9945451113336395
25045,0.9991885343054524
25046,0.980138434858214
25047,0.9898097059654343
25048,0.9956872109723754
25049,0.9995558867882903
25050,0.9092769920564803
25051,0.3713688739621907
25052,0.9999710910280819
25053,0.9993764975532375
25054,0.9998983545769166
25055,0.9997882183233682
25056,0.6280633015431708
25057,0.9811329047078206
25058,0.9795922455239267
25059,0.5882097868501194
25060,0.9999703118786237
25061,0.9998735141032162
25062,0.9999793114860405
25063,0.9699616798681949
25064,0.8705572182965753
25065,0.9998782610999963
25066,0.999582313823865
25067,0.35276745541022925
25068,0.9901719697624501
25069,0.9965550932666468
25070,0.9997011439908355
25071,0.9981663693194406
25072,0.9999132770571425
25073,0.9999984542356856
25074,0.9950660766319334
25075,0.9992747307326322
25076,0.99544860804381
25077,0.998499586748202
25078,0.9999851602456671
25079,0.9998421400742482
25080,0.9971094377745755
25081,0.9495326634039354
25082,0.9928327717459158
25083,0.9915060411543155
25084,0.9678462377072149
25085,0.9984201406275909
25086,0.9874723198412451
25087,0.9999627635666355
25088,0.9952273773089259
25089,0.9999854672698522
25090,0.9991029236033703
25091,0.8872736759324062
25092,0.9999364283334594
25093,0.995707052479062
25094,0.9998601063905376
25095,0.9810745428535653
25096,0.9997658595520855
25097,0.9789604187354972
25098,0.9998598428615766
25099,0.9994872536767252
25100,0.9996627181083227
25101,0.9991923180322879
25102,0.9991714007351943
25103,0.9977770164042269
25104,0.9894731601719242
25105,0.9998122940548393
25106,0.9916093074344207
25107,0.9996152023711754
25108,0.9999962344721541
25109,0.9945502207878681
25110,0.13036148316310442
25111,0.9977639462669133
25112,0.9969505902541038
25113,0.9999604493592662
25114,0.99929450591914315
25115,0.9989317342909245
25116,0.9471335919859377
25117,0.9841165650100598
25118,0.9233987591522637
25119,0.9999464805428078
25120,0.99937922394308
25121,0.9999891556829623
25122,0.9996076875386107
25123,0.9597026192270868
25124,0.9971533910072252
25125,0.993292230117183
25126,0.999414127442466
25127,0.9998645015260333
25128,0.4319775455177633
25129,0.9999840529453049
25130,0.999312092211387
25131,0.830829812953709
25132,0.999955412659511
25133,0.9999806172988874
25134,0.9936543599652857
25135,0.9885995936998705
25136,0.9999190700746415
25137,0.9999657318017727
25138,0.9996815440373845
25139,0.9999848002987083
25140,0.9946299402091343
25141,0.997702463915893
25142,0.9407221782977203
25143,0.9493800338322389
25144,0.9990892605182005
25145,0.9928293238615266
25146,0.9999276048571624
25147,0.9999281714082323
25148,0.999223302876685
25149,0.9992872399827759
25150,0.9714641706974632
25151,0.9961796946084343
25152,0.9990419896745899
25153,0.9933939339865266
25154,0.999988659689304
25155,0.9999894633766728
25156,0.9998059278995476
25157,0.42977711494979115
25158,0.9998187274447534
25159,0.9994273945685639
25160,0.9996977672899681
25161,0.9971317827654216
25162,0.999710669856353
25163,0.9991464760189613
25164,0.999462212316352
25165,0.9996403540442422
25166,0.9995633450826593
25167,0.9999170850412794
25168,0.9987629369772767
25169,0.9860289775682417
25170,0.9962104192903216
25171,0.9876683625363424
25172,0.6827695155118958
25173,0.9999643510379732
25174,0.9950961575400865
25175,0.9991456301395084
25176,0.9407221782977203
25177,0.9988073072293057
25178,0.9988168177578344
25179,0.9964676407878462
25180,0.9989573981447281
25181,0.986606072247413
25182,0.9998618115321274
25183,0.9962164386745422
25184,0.9328312665671201
25185,0.9998622679621878
25186,0.9979540849937298
25187,0.9823090248789056
25188,0.9988002834072871
25189,0.9962158176473763
25190,0.9932084623189232
25191,0.999245752703579
25192,0.9735893974584131
25193,0.9998594082017045
25194,0.9999748766755501
25195,0.9956249674445002
25196,0.9934291051832985
25197,0.9906093443865353
25198,0.998903903753175
25199,0.9978141160744721
25200,0.9996610156310183
25201,0.6001199064703545
25202,0.9991773493959173
25203,0.9999983806160168
25204,0.960560377393241
25205,0.9991377023380303
25206,0.9999877728625891
25207,0.9998851902167242
25208,0.6484389147390698
25209,0.8547616338213142
25210,0.9044180261350954
25211,0.9931935038496642
25212,0.999809822309976
25213,0.8620178975983811
25214,0.9826917772600654
25215,0.9867379136810956
25216,0.9996007513460271
25217,0.999669554548516
25218,0.9999334169069966
25219,0.9938896031381981
25220,0.9987586527029423
25221,0.990466370347178
25222,0.9771559400618826
25223,0.8778237916830858
25224,0.9986561488167764
25225,0.9995780431040187
25226,0.9995764248317129
25227,0.999281243941717
25228,0.9977076672293075
25229,0.9999746888562465
25230,0.9023521527328555
25231,0.9995335571946216
25232,0.9999615479079255
25233,0.9152835297546644
25234,0.9977085064725368
25235,0.9999394641720711
25236,0.9985735092440752
25237,0.944203022780293
25238,0.8791969039547788
25239,0.9997189745834066
25240,0.9989400304170681
25241,0.9782508218607777
25242,0.9995672792169814
25243,0.9985615812437859
25244,0.6369790028387666
25245,0.8987207365445073
25246,0.8797896405461029
25247,0.9993920478772448
25248,0.9999586755959494
25249,0.9990316597230212
25250,0.05699639269779104
25251,0.999181651733562
25252,0.9988512459399785
25253,0.9999761048839971
25254,0.9999739558301152
25255,0.9022826531295886
25256,0.9969304087164031
25257,0.9999879113873618
25258,0.9962885781960217
25259,0.9997968468545214
25260,0.9993175128200945
25261,0.5906014489744037
25262,0.9865204202216732
25263,0.8535366179538738
25264,0.9999745641526566
25265,0.9998851215152549
25266,0.995701311821904
25267,0.9833753262525541
25268,0.9999822901009052
25269,0.9859454769362177
25270,0.9942794929075289
25271,0.9728901080357905
25272,0.9999597079465876
25273,0.7850670479716703
25274,0.9939044452264821
25275,0.9999093166687011
25276,0.9674511826683723
25277,0.9781867450067757
25278,0.9988818948674881
25279,0.9999375239472953
25280,0.9946074318010057
25281,0.9991828509936138
25282,0.9999606323252425
25283,0.9996345793130567
25284,0.9990576352130589
25285,0.9992228620945576
25286,0.9983621371210802
25287,0.9967320167994007
25288,0.9937795002031927
25289,0.9893414907792737
25290,0.9994242892114463
25291,0.9999542611291119
25292,0.9285188319685181
25293,0.9965118163483226
25294,0.9833680741833618
25295,0.9991066461856488
25296,0.9676803965461663
25297,0.9164920077210215
25298,0.9997089900028574
25299,0.9995303943490184
25300,0.9897864847036254
25301,0.9988645396534421
25302,0.9999627369893938
25303,0.9945609438773693
25304,0.9997442656424715
25305,0.9976684133401749
25306,0.9673927876664611
25307,0.999190288620055
25308,0.9980347486582613
25309,0.9995696449675583
25310,0.9959888898835717
25311,0.969397435153233
25312,0.9954598455690408
25313,0.9999675815767791
25314,0.9994468938834673
25315,0.999972127108655
25316,0.8297975413220934
25317,0.9999682825309525
25318,0.04592480011851721
25319,0.9582283664992894
25320,0.999425972510862
25321,0.695732753488848
25322,0.9999316941777542
25323,0.9802796205687775
25324,0.9994322520968126
25325,0.9993151986677364
25326,0.9999532044692909
25327,0.9284220102910572
25328,0.02753784468877166
25329,0.9984935604688578
25330,0.999971023767037
25331,0.9995335386445381
25332,0.8978621922038345
25333,0.9999757119260437
25334,0.9997003697438331
25335,0.9997861215332747
25336,0.9999172656700193
25337,0.9987817322102926
25338,0.999423544793747
25339,0.9992057057874095
25340,0.9993359908655717
25341,0.9987048393340648
25342,0.9502588558101998
25343,0.9815728351777827
25344,0.9957129449567244
25345,0.9999891813208944
25346,0.9993064107289036
25347,0.9999520600578481
25348,0.9990383519425088
25349,0.7183220812284499
25350,0.9983818154613503
25351,0.9994505580314779
25352,0.9949925431110211
25353,0.999981387342148
25354,0.9999689119943613
25355,0.9995909262797494
25356,0.9993051986220831
25357,0.9967260192224927
25358,0.999877133733677
25359,0.9944146333421782
25360,0.9982205121022804
25361,0.9999936838866942
25362,0.9919985529787102
25363,0.9957542123233866
25364,0.9997723237959325
25365,0.9997109733011962
25366,0.9999205763236428
25367,0.9887813577247505
25368,0.9864588420732326
25369,0.9980909835797155
25370,0.9999248304991482
25371,0.9996165085362785
25372,0.9997514192855332
25373,0.9999602785127761
25374,0.9999659662408021
25375,0.9766948952488345
25376,0.9932223917660746
25377,0.9922364001086822
25378,0.9998684538429279
25379,0.9995716063068885
25380,0.9995121569650757
25381,0.9994524252674204
25382,0.9995043412459678
25383,0.6134086403417383
25384,0.9999800143296068
25385,0.9999845293153901
25386,0.99406481974909
25387,0.9993017088063266
25388,0.9998822827158733
25389,0.995945246548918
25390,0.9991475950566453
25391,0.9990350617813695
25392,0.9997637238036318
25393,0.9995962176962337
25394,0.999972979585015
25395,0.996269505840766
25396,0.9980623446683279
25397,0.9999349456750243
25398,0.9856647894606596
25399,0.9999571739630309
25400,0.9999775452700269
25401,0.9653620019486785
25402,0.9999663911344674
25403,0.9998832139429297
25404,0.9967428424448752
25405,0.9987106170690604
25406,0.9996140769942968
25407,0.9999616357935398
25408,0.9993092873190047
25409,0.9802392628078918
25410,0.9999379628471826
25411,0.4147591049532693
25412,0.994499395702492
25413,0.9992969309280113
25414,0.9978330725421156
25415,0.9999987591547647
25416,0.9989665536791422
25417,0.999045392891999
25418,0.9988234629172904
25419,0.9075791697401185
25420,0.9999942128395239
25421,0.956481458296347
25422,0.9996271472637199
25423,0.9971888886744379
25424,0.9997263949241675
25425,0.9965417134754826
25426,0.9876957825142932
25427,0.9854356203033632
25428,0.999983622914065
25429,0.07207391119695425
25430,0.9999246916891963
25431,0.9996294871001603
25432,0.9997792782264078
25433,0.9987929542290398
25434,0.9886906129608888
25435,0.999979682519064
25436,0.9998300280132596
25437,0.9997164042123706
25438,0.9917809457258447
25439,0.9998338337032019
25440,0.9999117189262267
25441,0.4611153475107749
25442,0.9999705254155036
25443,0.9999728316469825
25444,0.3957636816718378
25445,0.9994246104038669
25446,0.999391693425902
25447,0.9997726944680266
25448,0.9214914772029884
25449,0.9823504879697081
25450,0.9983729144677634
25451,0.999049010359202
25452,0.999888878315736
25453,0.9997709823062452
25454,0.995390586202633
25455,0.9859539409730131
25456,0.9998538997057962
25457,0.9867743118209884
25458,0.9989717000870586
25459,0.9994854327112009
25460,0.9999858052047677
25461,0.7835775577367765
25462,0.9997887206425021
25463,0.9999992509304539
25464,0.9999702337160595
25465,0.8163375792045616
25466,0.9731026475463715
25467,0.9999222751142582
25468,0.9967456316788116
25469,0.5120564981314347
25470,0.90743754502007
25471,0.9986928695491355
25472,0.9957323977767139
25473,0.9955339428781858
25474,0.9992429460932941
25475,0.9103934313574397
25476,0.9997484146128394
25477,0.9956453367050722
25478,0.9999509303061862
25479,0.9986210006630791
25480,0.9990113309372961
25481,0.9996940815626741
25482,0.9999395843079114
25483,0.9853950419749915
25484,0.9841269319825553
25485,0.9993629204086978
25486,0.9999521334879828
25487,0.998771436569643
25488,0.9996903647239083
25489,0.9624031464283339
25490,0.9796005205555529
25491,0.9902616595133076
25492,0.2773464236730818
25493,0.9999389920643927
25494,0.9970155570861722
25495,0.9999381251765175
25496,0.9999489374505613
25497,0.9967826916954602
25498,0.3883303159216546
25499,0.9999063936961695
25500,0.9101186690086721
25501,0.05699499989210348
25502,0.9807156544896298
25503,0.4409757468552957
25504,0.9088041084894529
25505,0.9964340960107461
25506,0.9996493749172198
25507,0.9995516038199438
25508,0.9997238830181364
25509,0.999918917371425
25510,0.47603399751057757
25511,0.999969045622768
25512,0.9998195894637956
25513,0.9999876081370611
25514,0.9986650186680615
25515,0.9554921600818786
25516,0.9997376545251428
25517,0.9869798577706465
25518,0.9998143852528572
25519,0.9997490493070662
25520,0.9999515740779882
25521,0.7825796877718915
25522,0.9998053543412239
25523,0.9995559755836787
25524,0.9839085450474272
25525,0.9870152549229622
25526,0.982205901032027
25527,0.997032380608863
25528,0.9988234477061253
25529,0.9999720503011775
25530,0.9977441044990764
25531,0.9973034140369841
25532,0.9928332344561105
25533,0.9996283004355642
25534,0.7933903445072424
25535,0.6842468044621746
25536,0.9999722823630095
25537,0.9998982985191757
25538,0.9935821432426032
25539,0.3658185319508337
25540,0.9982982399615709
25541,0.9982326584769532
25542,0.9996674944921705
25543,0.9990356174299745
25544,0.9996269701276197
25545,0.9997365478199401
25546,0.9993760688338209
25547,0.9997357488295451
25548,0.9980442784843946
25549,0.9867072606192744
25550,0.8275035998948763
25551,0.9999520493880503
25552,0.9998005402498383
25553,0.9982537790008743
25554,0.9402366896921913
25555,0.9877576690495913
25556,0.9997518667180977
25557,0.9998683052395966
25558,0.9979197870900183
25559,0.22544801028944733
25560,0.9512732664707804
25561,0.9999528522126563
25562,0.9607097426538547
25563,0.9995656192453707
25564,0.9995674654180617
25565,0.9998860607221421
25566,0.9996977672899681
25567,0.9926405994877618
25568,0.9991590446265838
25569,0.9998160809768016
25570,0.996667708605182
25571,0.9999210349401538
25572,0.9989277219213969
25573,0.3600294673261589
25574,0.9998607092021997
25575,0.7750505284358853
25576,0.9948978018190742
25577,0.9997436292754345
25578,0.5317015257675706
25579,0.998107972745428
25580,0.9911561954107638
25581,0.9998079981615903
25582,0.6613232528133177
25583,0.2563902171573514
25584,0.9997992622911445
25585,0.978983352980047
25586,0.9998797963461612
25587,0.9999861722486425
25588,0.9998559046713169
25589,0.999574761358771
25590,0.997644761035535
25591,0.9980613010974135
25592,0.9894049948137648
25593,0.9930313524469938
25594,0.9982039893373873
25595,0.8198003937339412
25596,0.9995110326346724
25597,0.9997053572825726
25598,0.9997111350114672
25599,0.9999314969712476
25600,0.9395413738865253
25601,0.9941091686988747
25602,0.9122515786891455
25603,0.9996422889960689
25604,0.9988818948674881
25605,0.9999347153713434
25606,0.36529959508597803
25607,0.9988296859869749
25608,0.9999522243787875
25609,0.9996764009015179
25610,0.976968589195387
25611,0.9999802404721982
25612,0.998286093815867
25613,0.9989980536593929
25614,0.9999919388827779
25615,0.9990795529105923
25616,0.9971475861382156
25617,0.9999773872709691
25618,0.9961952818467608
25619,0.9959163017483668
25620,0.9996494568390614
25621,0.9998604615892501
25622,0.9996073609621454
25623,0.9801763030012931
25624,0.9678965142665211
25625,0.9999652784091356
25626,0.9999595556974342
25627,0.29876603479598146
25628,0.999843941718761
25629,0.9995377632606571
25630,0.9999900488169905
25631,0.8066724628050012
25632,0.9822559561687566
25633,0.9998476645235266
25634,0.999981041675427
25635,0.9818931964282065
25636,0.9994259518731515
25637,0.9999360896700581
25638,0.9995977503622436
25639,0.9999299173935925
25640,0.9997601386667959
25641,0.9989271485572985
25642,0.9962624481582134
25643,0.9999752661502281
25644,0.9998194060056984
25645,0.9999467207867323
25646,0.9034523864921353
25647,0.9999338140724804
25648,0.9999520513087308
25649,0.9999456007760941
25650,0.9795436295289774
25651,0.9983049027721933
25652,0.992101230836742
25653,0.9767870965119758
25654,0.9855542920962865
25655,0.99996644114051
25656,0.999011706692241
25657,0.9997587776720297
25658,0.9996967381123679
25659,0.9999354726270901
25660,0.9996357058930442
25661,0.9996650754506368
25662,0.9999367733246027
25663,0.9930883781591358
25664,0.9999209574967552
25665,0.9702049189530716
25666,0.9948344451764446
25667,0.9999206201378402
25668,0.9941101025860964
25669,0.9999597219462234
25670,0.9993340355529133
25671,0.6391487165770452
25672,0.9987601954068127
25673,0.9999335225495295
25674,0.9999876075080026
25675,0.9970022453183075
25676,0.9854868207343401
25677,0.9999050022236865
25678,0.9705530529223604
25679,0.9916471166059743
25680,0.9773940704486747
25681,0.9970950113183842
25682,0.9986431089888621
25683,0.9999676303679511
25684,0.5049902893923046
25685,0.9997069505967957
25686,0.9999554500234841
25687,0.999954034605321
25688,0.3316345966470625
25689,0.9944067126905124
25690,0.9993539770238038
25691,0.9995715549318859
25692,0.9997205877741184
25693,0.30032823871044556
25694,0.9942120893687232
25695,0.9983069301597034
25696,0.9999659730208312
25697,0.9989432375760218
25698,0.9999225566232052
25699,0.9999942824518625
25700,0.9969242651523618
25701,0.6080585076245479
25702,0.9996552144035813
25703,0.9932258212604151
25704,0.9999814873069279
25705,0.999279636909961
25706,0.9961864926600368
25707,0.9971080625022462
25708,0.9757794184669324
25709,0.4534828124998128
25710,0.9999032072331503
25711,0.9995231800386329
25712,0.9960270592867163
25713,0.7784845421576021
25714,0.9255822449978489
25715,0.9998109575088562
25716,0.9044485136823656
25717,0.9949838207159873
25718,0.7311772251591254
25719,0.7096863428750624
25720,0.9988367261807809
25721,0.9978487540101059
25722,0.04719298453719887
25723,0.9980674140493179
25724,0.9997746661638811
25725,0.9962736325470528
25726,0.9999763251917546
25727,0.99981393011112
25728,0.9995922164089766
25729,0.7891012618981039
25730,0.9968990911274381
25731,0.9997264210961327
25732,0.9938896537450098
25733,0.9990805584559452
25734,0.9995854961397419
25735,0.9998423745975334
25736,0.9951642447278068
25737,0.9968855393000887
25738,0.9969505875018967
25739,0.9999524850777876
25740,0.9999036895802943
25741,0.9990374903476861
25742,0.9998840100950339
25743,0.9990979501856424
25744,0.999996557456031
25745,0.9979184811875365
25746,0.8011672208817082
25747,0.9982096173481337
25748,0.9999071388242918
25749,0.999929143434907
25750,0.9983083973476163
25751,0.9965215548282006
25752,0.9999469061379502
25753,0.9975585035932875
25754,0.9810085654096138
25755,0.9956788446370435
25756,0.9850570774799423
25757,0.9808959937674608
25758,0.9977774190108845
25759,0.9969044137391204
25760,0.9999786098341352
25761,0.9864304717511296
25762,0.9972661004200445
25763,0.9973421501296194
25764,0.9990421217281455
25765,0.9991775665386945
25766,0.8582863300412453
25767,0.9956533410052377
25768,0.39156113734283343
25769,0.9891955738123109
25770,0.9998179494580002
25771,0.9974124005244301
25772,0.9858074971545331
25773,0.9999910675906609
25774,0.9999986490124295
25775,0.9998789295509277
25776,0.9935800610625906
25777,0.9826310149313351
25778,0.9999798628642822
25779,0.9003085421626037
25780,0.9980406366617587
25781,0.9999478820830499
25782,0.9999435807353405
25783,0.9304534427165791
25784,0.9997038790799074
25785,0.9924256924554803
25786,0.9999047995930919
25787,0.9965965693902603
25788,0.9697106004662823
25789,0.9996607550385127
25790,0.7862437882941599
25791,0.862630199884726
25792,0.9998363854326395
25793,0.9991125284263016
25794,0.9996101120551981
25795,0.9988945264525166
25796,0.9999390252398502
25797,0.9995587260939228
25798,0.8735187637302574
25799,0.9990395504902095
25800,0.9993803116438015
25801,0.9860456172732902
25802,0.9999300876787135
25803,0.47658286242976666
25804,0.9996091879256978
25805,0.9183166486911496
25806,0.9280304348561266
25807,0.9999096827142475
25808,0.9911951834089363
25809,0.41519625195032195
25810,0.9999266989890999
25811,0.9999374739600889
25812,0.0882404659724888
25813,0.9999564115044861
25814,0.9978196390441616
25815,0.9999652805171986
25816,0.9993496796218807
25817,0.23405641007850744
25818,0.9973965877207411
25819,0.9938503970263299
25820,0.9744604095415221
25821,0.9999814923937813
25822,0.9999692577633269
25823,0.9820797388217222
25824,0.9999667414951475
25825,0.9999052454957268
25826,0.9996527288895694
25827,0.9900321131976731
25828,0.999204596140232
25829,0.9994862596145101
25830,0.9999529350807014
25831,0.9999193960539551
25832,0.9999726807551836
25833,0.9767296697390871
25834,0.9942014557886764
25835,0.9999701393896278
25836,0.9998752689628572
25837,0.9999422118933398
25838,0.9958012875279094
25839,0.9999246474556353
25840,0.3784611114273776
25841,0.9904623463312843
25842,0.9987852811068982
25843,0.9890130208365948
25844,0.9999747973676388
25845,0.9366487614582981
25846,0.9999286537213677
25847,0.8769124969906203
25848,0.9983186194564507
25849,0.999988304184613
25850,0.9998042414130252
25851,0.9967653115765586
25852,0.8961039730187247
25853,0.9248876240111886
25854,0.9973485128830856
25855,0.999681111702381
25856,0.9966815053299403
25857,0.7787062221090987
25858,0.9999369533678064
25859,0.9974274521903276
25860,0.9999845700460068
25861,0.9999330668569318
25862,0.992333193212304
25863,0.9304982594150385
25864,0.9997308500799745
25865,0.9810668414312229
25866,0.9989483072349422
25867,0.9991332329737795
25868,0.9816464785171187
25869,0.9991868519884477
25870,0.9994873653656069
25871,0.9983864894910705
25872,0.9999496451726613
25873,0.996892250036656
25874,0.971972636914283
25875,0.9977858812196775
25876,0.9958164872262405
25877,0.9994026215263347
25878,0.9923950214602637
25879,0.9998236740695868
25880,0.7422321761091765
25881,0.9919712475896417
25882,0.9999428675032553
25883,0.9989704886177744
25884,0.9998835645890927
25885,0.9993018044342838
25886,0.19761537516751757
25887,0.9998766707782871
25888,0.9999980923136054
25889,0.9988277917177032
25890,0.99907404076242
25891,0.9998828986467769
25892,0.9503693804828773
25893,0.9999793274523157
25894,0.9968434537853345
25895,0.9999085429052409
25896,0.9625151624328906
25897,0.9974275660169657
25898,0.9954991644517565
25899,0.9999819363084831
25900,0.9999268223334162
25901,0.9967798486704789
25902,0.9996839029623403
25903,0.9904474671018261
25904,0.9998935181751156
25905,0.9636944257243816
25906,0.9977318315266734
25907,0.9997207345948634
25908,0.9992229283800952
25909,0.9869193325677669
25910,0.7101574811345766
25911,0.9999254274218109
25912,0.9890178226171283
25913,0.9990095025540373
25914,0.7626783319758879
25915,0.9999526473045114
25916,0.9397474883362483
25917,0.996245751948289
25918,0.9991734964221096
25919,0.9998024539670937
25920,0.9906778275814001
25921,0.9981306468691212
25922,0.9998772838961537
25923,0.9878392017962685
25924,0.9999487992038406
25925,0.999361116198381
25926,0.6680853308590148
25927,0.9993694169860269
25928,0.999977504221672
25929,0.5485794152580222
25930,0.9875504942056357
25931,0.9973315473242694
25932,0.9996240489850672
25933,0.9997028852908216
25934,0.639329942993165
25935,0.9979578199633179
25936,0.9999720479847761
25937,0.9779708521545925
25938,0.9990249794251223
25939,0.9848117903283048
25940,0.6619612684470263
25941,0.9830477649423162
25942,0.9999124612400331
25943,0.9869750324150991
25944,0.8891921637158304
25945,0.9968165844085216
25946,0.997309678379361
25947,0.9962283523888508
25948,0.9978791212658807
25949,0.9920998926005193
25950,0.922196763003599
25951,0.737793962002966
25952,0.9999975956437833
25953,0.9759698936479878
25954,0.9981235286134855
25955,0.9998307824693778
25956,0.9843360861448619
25957,0.9999790096415594
25958,0.999791333644112
25959,0.9989103141191487
25960,0.9827551787069532
25961,0.9980809073414973
25962,0.9988789197243215
25963,0.9998363555520864
25964,0.9996037514593775
25965,0.9999964353138993
25966,0.9986781550778056
25967,0.9994597519310676
25968,0.9989942102252652
25969,0.9987402184828222
25970,0.9817967006924425
25971,0.9998679997943002
25972,0.9995000778212348
25973,0.9999596743116272
25974,0.9975401398404374
25975,0.998925411536821
25976,0.9999712719556009
25977,0.9995013323711195
25978,0.9123675963941905
25979,0.999883117437514
25980,0.9810770886919533
25981,0.9621086573235949
25982,0.9846581575706783
25983,0.9776368701698553
25984,0.9927635680976752
25985,0.9944503730553592
25986,0.9999375044661397
25987,0.9874683263747229
25988,0.9990217880795793
25989,0.999996477460894
25990,0.9998018764518453
25991,0.9928043644258122
25992,0.9999681988860437
25993,0.9897819408406592
25994,0.9990818819786063
25995,0.9635960593536342
25996,0.999989855988483
25997,0.9999844519534734
25998,0.9998529974036225
25999,0.9999696068737655
26000,0.9999647133626682
26001,0.999659843977288
26002,0.9963059341649214
26003,0.999376734408591
26004,0.9995050898719142
26005,0.9995833949742028
26006,0.9999581970305464
26007,0.9998760525431992
26008,0.9999571328911512
26009,0.9998668383201899
26010,0.9147961103756693
26011,0.9980320216155402
26012,0.9750321651606545
26013,0.9999793852331837
26014,0.9678835581791398
26015,0.9999633010414629
26016,0.9999603199017514
26017,0.9908444310612552
26018,0.9994805817405609
26019,0.9946776002195423
26020,0.9876029503172362
26021,0.9987394139364387
26022,0.9907950643324357
26023,0.999876183908612
26024,0.7796463790374043
26025,0.9997118560402438
26026,0.9999952588451105
26027,0.9992572860271057
26028,0.9966070836939317
26029,0.9999888797767092
26030,0.9997221695362738
26031,0.99700370556085
26032,0.99796642538825
26033,0.9960354655387781
26034,0.9956704824911607
26035,0.9995524208891399
26036,0.9996608050115204
26037,0.9997636616451651
26038,0.7521053720030323
26039,0.9994646280335586
26040,0.9996886698477976
26041,0.9817687439257693
26042,0.9999685343247277
26043,0.9991891798873209
26044,0.9999464181269145
26045,0.9640023717194199
26046,0.9995322948024906
26047,0.13487735283929475
26048,0.9999726231114666
26049,0.9996269950439459
26050,0.9999575158107131
26051,0.999517697635336
26052,0.999350970324869
26053,0.999216216020461
26054,0.98965828814202
26055,0.9761447258638115
26056,0.9985232557687758
26057,0.9996961618528089
26058,0.9956073158435477
26059,0.9996984517860064
26060,0.9996708432441614
26061,0.999974341396499
26062,0.9956840846272382
26063,0.9986928571849674
26064,0.9998489103505183
26065,0.9999358133398822
26066,0.9994946402770296
26067,0.9999909474808756
26068,0.9633231355468584
26069,0.9999811988047309
26070,0.9991863297457464
26071,0.9999610509216137
26072,0.9249748742755921
26073,0.999986090227633
26074,0.9999814702004959
26075,0.9993494833492094
26076,0.9991853541804678
26077,0.9999711692337914
26078,0.9999544961857163
26079,0.9992335315793933
26080,0.9905836352195064
26081,0.9999263710433038
26082,0.9998351616427901
26083,0.9999011799728393
26084,0.9998496654441698
26085,0.9120276668472738
26086,0.4932243978140792
26087,0.9944490726644414
26088,0.9996781544737872
26089,0.9995673538342911
26090,0.9999263918374061
26091,0.998917125075996
26092,0.9996892508564069
26093,0.9999724111628506
26094,0.9999600794886062
26095,0.9999487651949451
26096,0.9999121892451855
26097,0.5477473314701556
26098,0.8799110330693602
26099,0.9983167728701664
26100,0.8015852453005924
26101,0.9881702009166901
26102,0.999943596674976
26103,0.9777091257678211
26104,0.999970883631851
26105,0.9486761162955522
26106,0.9999211991507707
26107,0.9700369115600034
26108,0.9844745804561944
26109,0.9943603952648
26110,0.9999509121097282
26111,0.9998771591017194
26112,0.9935175588091439
26113,0.9940957622025685
26114,0.9987760865950905
26115,0.9847587592673434
26116,0.9997477111790675
26117,0.9996210267872072
26118,0.99941216687098
26119,0.9997775198118758
26120,0.9969600371086972
26121,0.9999747391884928
26122,0.9985374443352977
26123,0.30713565072784366
26124,0.999893843069135
26125,0.9995839188481604
26126,0.9635128198555529
26127,0.9882520734195022
26128,0.9978977200556866
26129,0.8922679599430493
26130,0.9980400267420693
26131,0.8080698450783926
26132,0.9356549762282108
26133,0.7383673340545446
26134,0.998470069061337
26135,0.9999974840790344
26136,0.9976647899117542
26137,0.9990650075242988
26138,0.9926283890781025
26139,0.9901682527088473
26140,0.999606998849036
26141,0.728807753772895
26142,0.9862443793395906
26143,0.9989749922826958
26144,0.9960466588323085
26145,0.9997976468186934
26146,0.999979093618787
26147,0.9990473061369819
26148,0.2674419283668303
26149,0.7682522706431804
26150,0.9999376329366654
26151,9.11503093701669e-4
26152,0.9999642726040459
26153,0.9910970516537134
26154,0.9990172242567666
26155,0.9630485889444126
26156,0.9985976030736183
26157,0.9972866167640476
26158,0.9999921068624679
26159,0.976675487669829
26160,0.9999666036662074
26161,0.9999157110335436
26162,0.9873383556111636
26163,0.9760818896825787
26164,0.9802272811287358
26165,0.9995221907290655
26166,0.9713105064454655
26167,0.9967510345079105
26168,0.9997837483631048
26169,0.8685612215872841
26170,0.9999677933800108
26171,0.9945831923125484
26172,0.996213478057002
26173,0.9993325112385149
26174,0.9998939845474974
26175,0.999668252911308
26176,0.9999928773501247
26177,0.9280561113614
26178,0.9996626801354973
26179,0.999967082314704
26180,0.9951774400817243
26181,0.9996412453911538
26182,0.9997191302074817
26183,0.9998974360831833
26184,0.9999719224538938
26185,0.7648439085454319
26186,0.991388670998301
26187,0.9998210371934079
26188,0.6608676592854008
26189,0.32754792900455265
26190,0.9999695550116688
26191,0.9972114963406898
26192,0.999979824527855
26193,0.6821117588414908
26194,0.9694406745268407
26195,0.9999864498072851
26196,0.9997343261497609
26197,0.9765189796031274
26198,0.9999368200918822
26199,0.9435607330118316
26200,0.9983647826324547
26201,0.999910631185375
26202,0.998592169655096
26203,0.998588943428584
26204,0.9956557383059923
26205,0.9941471189988753
26206,0.9999806929699451
26207,0.9997989439124172
26208,0.9999501690140267
26209,0.3331214342728212
26210,0.2118895966162998
26211,0.999875900551453
26212,0.9993033623814515
26213,0.9999846360749038
26214,0.9954555385579988
26215,0.9940241688552239
26216,0.9994401068821667
26217,0.9987593577838411
26218,0.998330986433972
26219,0.9987443801297164
26220,0.9999412000815104
26221,0.9998725440758853
26222,0.9996901472133565
26223,0.9997577176919134
26224,0.9999129067171958
26225,0.9960508537841574
26226,0.9949932416385491
26227,0.9970976499201705
26228,0.9836563206400375
26229,0.996994424385682
26230,0.9999570954288922
26231,0.9977262408935155
26232,0.9880650297036286
26233,0.9999159312357003
26234,0.9093426681347422
26235,0.9999924135136431
26236,0.9594901343719869
26237,0.3548527629137656
26238,0.9999487503739929
26239,0.9967585142104463
26240,0.9999691145551773
26241,0.9993749599829184
26242,0.9982795511861353
26243,0.9997761707382878
26244,0.997712453523059
26245,0.9962033017059865
26246,0.4763934817409523
26247,0.924505090324708
26248,0.995278387254106
26249,0.730018440071128
26250,0.9460076113676098
26251,0.9999741349096599
26252,0.9996248434382097
26253,0.9806245335177951
26254,0.9698345508289614
26255,0.9992181247464108
26256,0.9998597649677335
26257,0.9997355285292991
26258,0.9996006638049874
26259,0.9999798384282642
26260,0.9922697773108884
26261,0.999461190510581
26262,0.9994571305665597
26263,0.9323786244626029
26264,0.9995916373693844
26265,0.9922999461852052
26266,0.9996640503537353
26267,0.9999684404588047
26268,0.9993096190706242
26269,0.8089887059469307
26270,0.9993702288040842
26271,0.9799353453369924
26272,0.9999897110843712
26273,0.9999723804517674
26274,0.9809777974402885
26275,0.9897281243207952
26276,0.9963058599194174
26277,0.9991404328450206
26278,0.9939217172490638
26279,0.9998436951801469
26280,0.9995763832860453
26281,0.9999766084688271
26282,0.99820558167089
26283,0.9815910955769891
26284,0.9883416834671277
26285,0.9997387343199563
26286,0.9483455910754547
26287,0.9999598598102064
26288,0.8915233350872032
26289,0.9995179617155404
26290,0.9830752073727334
26291,0.9648170641230809
26292,0.9899690790553081
26293,0.9627180756908748
26294,0.9964495301933577
26295,0.9944477204579938
26296,0.9993107481262378
26297,0.9964370456184417
26298,0.9951999752994102
26299,0.9999640656108792
26300,0.09280029685020484
26301,0.9999711340761362
26302,0.9997454524149432
26303,0.98815618503955
26304,0.9994355762248062
26305,0.9995816339580257
26306,0.9138244530754498
26307,0.9932563255531317
26308,0.9503349767995201
26309,0.9955682592853246
26310,0.9995979278798462
26311,0.9967718384339967
26312,0.8765764762993843
26313,0.9998040276768443
26314,0.9970162733070863
26315,0.9999592157570845
26316,0.9958402790728702
26317,0.9986667952985565
26318,0.9995303641776592
26319,0.9598641101415338
26320,0.9371939471302634
26321,0.9855743946591299
26322,0.9980615416930767
26323,0.45779903049280507
26324,0.9957174088497733
26325,0.6180349565804165
26326,0.9999166296133654
26327,0.9998643893813794
26328,0.98790458243376
26329,0.9946237723953347
26330,0.038534071937376166
26331,0.9767637374859055
26332,0.9997443669371846
26333,0.9999264939217494
26334,0.9987431884091138
26335,0.9677588900283688
26336,0.9998478325501668
26337,0.9999095619606834
26338,0.9993677917625812
26339,0.9989364405083802
26340,0.999750149968458
26341,0.9368535505335749
26342,0.9716118976195306
26343,0.9999985266430248
26344,0.8854495892420187
26345,0.9951374098402023
26346,0.9999778093022812
26347,0.9989565780337039
26348,0.9906650812281586
26349,0.9999509493523129
26350,0.9966635971611513
26351,0.8774004500830782
26352,0.9979082907625016
26353,0.999988046491294
26354,0.9991893983556849
26355,0.97126796924666
26356,0.9999612887320497
26357,0.9999352453570702
26358,0.9882616713680507
26359,0.9829374124439447
26360,0.9994491868716976
26361,0.9999419777477601
26362,0.9999590794396804
26363,0.996733619525487
26364,0.9933907446139266
26365,0.4035425309946702
26366,0.9989967173793509
26367,0.9910740461997988
26368,0.9956312886180424
26369,0.9985203530218996
26370,0.9997421845564362
26371,0.9999619597862704
26372,0.9999074293646772
26373,0.9997933711340249
26374,0.9999621022752697
26375,0.9999513479213901
26376,0.9999670980557877
26377,0.9981003260620556
26378,0.4694398283350124
26379,0.9828679026899287
26380,0.9996694845737545
26381,0.9997237725260386
26382,0.9996198640297991
26383,0.9998474665971872
26384,0.9989023840283707
26385,0.9997254706775696
26386,0.9999853290447813
26387,0.9872727720672116
26388,0.9999676728987338
26389,0.9331129806567997
26390,0.9997163199774013
26391,0.9853647125915138
26392,0.990381721601099
26393,0.9095151058371487
26394,0.9993767321676996
26395,0.9998800154433422
26396,0.9972435198530114
26397,0.9943456916325811
26398,0.27737851856470813
26399,0.9998346219012578
26400,0.9989309301607486
26401,0.9999649960448794
26402,0.999272668937497
26403,0.9967524004406724
26404,0.998225220936523
26405,0.7476168249080055
26406,0.8186586041472668
26407,0.9999289162109972
26408,0.9999176580575604
26409,0.9998967902675372
26410,0.9399515902739591
26411,0.9905370925690847
26412,0.9971935208915479
26413,0.9876222265940894
26414,0.9992357150344737
26415,0.9914377988370624
26416,0.9998754581266865
26417,0.9999748674015391
26418,0.987833004122141
26419,0.9998339143553038
26420,0.5677653971244196
26421,0.6779048813067313
26422,0.7996396659770163
26423,0.99913903973224
26424,0.999918949219661
26425,0.9966412266581649
26426,0.998693072430208
26427,0.9982700442382118
26428,0.9953455058230567
26429,0.9999876597756346
26430,0.9998283380293838
26431,0.8852998737719701
26432,0.9984050453832769
26433,0.9945505120990608
26434,0.9994319945183032
26435,0.9998730423191967
26436,0.46722467453101757
26437,0.99728649106524625
26438,0.9999068756060858
26439,0.9930898941851805
26440,0.9014346119150312
26441,0.6254091627184734
26442,0.9996290800692195
26443,0.9893420469326204
26444,0.9977741027398375
26445,0.9999919124557627
26446,0.969529905038684
26447,0.9998553208886158
26448,0.9999937963700748
26449,0.9999397976040963
26450,0.9999398645843602
26451,0.9997155584945161
26452,0.994175682275801
26453,0.9999666485306176
26454,0.9982909019535295
26455,0.9999858939998413
26456,0.9987119731340157
26457,0.9965698195367431
26458,0.9992554446840629
26459,0.9999233819314324
26460,0.9999122024581681
26461,0.9794502632705642
26462,0.9999883907908137
26463,0.9999128521258799
26464,0.9488541948365251
26465,0.9997619770161776
26466,0.9998524626498196
26467,0.9999042585548481
26468,0.9998311297962018
26469,0.9995461287970915
26470,0.9987800841039909
26471,0.9995483533709376
26472,0.9836668207203573
26473,0.9999077528252467
26474,0.9995694206059825
26475,0.9993432990896477
26476,0.9974966676112073
26477,0.9998761855443353
26478,0.9999710720497247
26479,0.9999409856205164
26480,0.9996610230208417
26481,0.9882687564140944
26482,0.9845613933787459
26483,0.9999751809595137
26484,0.9984787349554753
26485,0.4174269761027415
26486,0.9999449185126047
26487,0.9998915567338771
26488,0.9942417992941714
26489,0.08296537301660079
26490,0.944802997854985
26491,0.9996621763371226
26492,0.9995943230360597
26493,0.9552204478155718
26494,0.9948219976778294
26495,0.9498848887377287
26496,0.9997056398967306
26497,0.9896174442317129
26498,0.988249756577562
26499,0.9999805309561007
26500,0.9999666651856594
26501,0.9838094261768362
26502,0.9999239750906312
26503,0.9999903698183278
26504,0.9971194334695477
26505,0.9940891297025445
26506,0.999082736453638
26507,0.986629756767094
26508,0.9997726281236201
26509,0.9896101022324247
26510,0.985168288304926
26511,0.9940063321187752
26512,0.9998367284403126
26513,0.9985918806191101
26514,0.9975146648148588
26515,0.9944603771790032
26516,0.9076426509738835
26517,0.9999268765594385
26518,0.9766413754931336
26519,0.9999609341760439
26520,0.9998998591044141
26521,0.9732230395684844
26522,0.9997725966643373
26523,0.9809523014751762
26524,0.9904973179858318
26525,0.06198854064105267
26526,0.9985278964632281
26527,0.9999579255884343
26528,0.9916390441631813
26529,0.9995108220681732
26530,0.9994074282583334
26531,0.9973245508991784
26532,0.999992935802522
26533,0.9993456959621101
26534,0.9998853325078102
26535,0.9999749642285695
26536,0.9952892271535695
26537,0.9987049509607007
26538,0.9995044832934985
26539,0.9999765564074106
26540,0.9992632942990247
26541,0.9998423429019273
26542,0.9998794166442415
26543,0.9999526440900102
26544,0.9999716886541326
26545,0.999983222609905
26546,0.9727623416658622
26547,0.9999496460824215
26548,0.999263937980243
26549,0.9999705280983391
26550,0.9968738256738412
26551,0.9690728987581081
26552,0.9998737178727638
26553,0.9999248035934983
26554,0.9994441668253992
26555,0.9993446271605224
26556,0.9986584151690994
26557,0.9777271643110689
26558,0.9997304245256757
26559,0.9999852428828191
26560,0.9989370488713025
26561,0.9965323648411243
26562,0.9998671974185583
26563,0.9992533757923654
26564,0.9996579258045677
26565,0.9994413593746116
26566,0.9997110428124572
26567,0.9991904068369268
26568,0.9995542060246396
26569,0.9875199303840214
26570,0.9999725689263811
26571,0.9993844998543648
26572,0.9999703800798504
26573,0.9985341361281863
26574,0.9999508962049685
26575,0.72031703181799
26576,0.9950265810922373
26577,0.9877784577071609
26578,0.9883440453690431
26579,0.9999794958174395
26580,0.9995057881351694
26581,0.9997242157137523
26582,0.999646970538954
26583,0.9999351536019013
26584,0.9564621444155076
26585,0.9941205071260016
26586,0.9999625555265789
26587,0.9998920499652884
26588,0.9873346208249086
26589,0.9443205183252839
26590,0.9651723655939661
26591,0.37740016467994275
26592,0.9915473455075703
26593,0.9999433257282689
26594,0.9987522245311914
26595,0.9850207638671988
26596,0.9966252793632505
26597,0.2574522934155368
26598,0.9999872910299825
26599,0.999989191045567
26600,0.9548500898541592
26601,0.99993769346063055
26602,0.9974806001702193
26603,0.7164020117827566
26604,0.9999758199158532
26605,0.9999861913324835
26606,0.9978545887718903
26607,0.9969733735441498
26608,0.9993555060369572
26609,0.9999575599195393
26610,0.9996563653400413
26611,0.9988587481627532
26612,0.9998482043717803
26613,0.9999567501580578
26614,0.9984646318809827
26615,0.9999984306445658
26616,0.9952065303281854
26617,0.9930178110204628
26618,0.3498356204551051
26619,0.8916588782289224
26620,0.992101230836742
26621,0.9999419284060623
26622,0.9999912355718994
26623,0.9999757633200034
26624,0.9982778840852822
26625,0.9999748877834636
26626,0.9987451523859231
26627,0.999276574034193
26628,0.9729112142339316
26629,0.9905873396019862
26630,0.9998217642787915
26631,0.9992534941989802
26632,0.4805060957385587
26633,0.7513309571359843
26634,0.9996559814305854
26635,0.999697828455532
26636,0.9996237086986883
26637,0.9996814118890174
26638,0.9946839128880152
26639,0.9998979361920235
26640,0.49426802126078223
26641,0.9958284310979346
26642,0.9967690660111946
26643,0.9992513291530901
26644,0.9986602886898608
26645,0.9992283409604387
26646,0.9975373959040952
26647,0.9993670524808622
26648,0.9999657318017727
26649,0.9343429097831137
26650,0.999927625419614
26651,0.9992513044604715
26652,0.9928241771210057
26653,0.9907770093946263
26654,0.959587589312977
26655,0.9926953190093347
26656,0.9946423834511529
26657,0.9997070739551351
26658,0.9998390315144431
26659,0.9525053327394236
26660,0.9993599995674131
26661,0.9998482498017754
26662,0.9999407446886043
26663,0.9994695513277043
26664,0.629640197143663
26665,0.996964304049284
26666,0.9848789047110597
26667,0.9948020115048488
26668,0.9891587937778614
26669,0.9999019554161882
26670,0.9992124223616813
26671,0.999841766127249
26672,0.9999930261069462
26673,0.9999735947598901
26674,0.9721130387249125
26675,0.9991635988020453
26676,0.9998010039721649
26677,0.9893132185827737
26678,0.9928846494449828
26679,0.9999290136394624
26680,0.9999658793164656
26681,0.9999890686638786
26682,0.5843714607292468
26683,0.9999523897035753
26684,0.9999471877501283
26685,0.9409221087643039
26686,0.9990918366895369
26687,0.9999591054286222
26688,0.9989752150604271
26689,0.997615308289847
26690,0.46929833223298933
26691,0.448759183801029
26692,0.9069308096117372
26693,0.9983321615826154
26694,0.9969971451523151
26695,0.9889386781254348
26696,0.9999596495621299
26697,0.9994810604047244
26698,0.9993306110296813
26699,0.9961606446504232
26700,0.5676721994162726
26701,0.9998478252235561
26702,0.9988039183777786
26703,0.9769703751192107
26704,0.999866290137106
26705,0.9962534246393336
26706,0.999952886652228
26707,0.9997165490442714
26708,0.9999922561387395
26709,0.9950778310507078
26710,0.9973073859292051
26711,0.9999702350455646
26712,0.9999470019623824
26713,0.999395723146596
26714,0.9978016752968915
26715,0.9985808079981157
26716,0.9986997301023387
26717,0.9991228330496951
26718,0.9636025912356545
26719,0.9990385505379773
26720,0.999977215475302
26721,0.9994483941884276
26722,0.9998336059379256
26723,0.9997281386061482
26724,0.9885660293301781
26725,0.9971358440598366
26726,0.9990526539060772
26727,0.9998020061256919
26728,0.9504227399611515
26729,0.9984038483810578
26730,0.0306415533191882
26731,0.9999823032355932
26732,0.999944615331901
26733,0.990328157772842
26734,0.985243182085704
26735,0.9991620218514657
26736,0.6725736830061669
26737,0.9949773886917396
26738,0.9957155967699136
26739,0.9999515212824266
26740,0.873700385364914
26741,0.9996298752739495
26742,0.9993764757278236
26743,0.9999187689461262
26744,0.9655645688466035
26745,0.9865299445607775
26746,0.9994651723072607
26747,0.9999956020354523
26748,0.9996317689844488
26749,0.9999849559689243
26750,0.9917004976823383
26751,0.9999513009388193
26752,0.99988144510782
26753,0.9997840637262655
26754,0.9998037858012777
26755,0.9999014403870295
26756,0.9998211406299102
26757,0.9978446036507782
26758,0.9994355891331693
26759,0.12766610363850303
26760,0.9994626413098228
26761,0.9991720845422044
26762,0.9961795412468353
26763,0.9992440938995503
26764,0.9997373941885728
26765,0.9939125209657209
26766,0.9859702224992245
26767,0.9860346145356484
26768,0.999426824584549
26769,0.9780966715937132
26770,0.996134084981253
26771,0.9992751429760508
26772,0.9972384616617319
26773,0.9820083079052048
26774,0.9996892508564069
26775,0.9691153318836759
26776,0.9457149738075615
26777,0.999904803394507
26778,0.9998871859175724
26779,0.9768209988753338
26780,0.9979617572574674
26781,0.9992104025936842
26782,0.9999908342063886
26783,0.9940630926940117
26784,0.9836577382567969
26785,0.9988202239721002
26786,0.9940881557705117
26787,0.9999543650664872
26788,0.9925931245513122
26789,0.99893140336563635
26790,0.40089955938813815
26791,0.9999926896073121
26792,0.9997978673003806
26793,0.9974775885419638
26794,0.398841850703495
26795,0.9983410119840954
26796,0.9992836081875631
26797,0.999314989718846
26798,0.9999481379310938
26799,0.9934523521396377
26800,0.9879590591903565
26801,0.9999669889319655
26802,0.998844515401627
26803,0.8835236570358748
26804,0.999978356208424
26805,0.9873385143226315
26806,0.9992376026157344
26807,0.9997516056934299
26808,0.999573977824786
26809,0.999108933900695
26810,0.9998461641055093
26811,0.9998153465969163
26812,0.9999805179102664
26813,0.9631871289154325
26814,0.9999939518200363
26815,0.44872965587303254
26816,0.9981388236693194
26817,0.9859178691878262
26818,0.9999775973247911
26819,0.9971569226921031
26820,0.9932221975271731
26821,0.9978369707179054
26822,0.7301396989602805
26823,0.9993524168927809
26824,0.999966958824214
26825,0.9999774111801781
26826,0.997780195233087
26827,0.9990242548480834
26828,0.9998831599159644
26829,0.9997574461444871
26830,0.9999753347680643
26831,0.9999625463444171
26832,0.9670720223452697
26833,0.9996071332504154
26834,0.9994537847767914
26835,0.9995509537771371
26836,0.999936509969951
26837,0.9999532223664948
26838,0.9996641198779456
26839,0.9998269570593562
26840,0.9987971824425098
26841,0.9999739995876058
26842,0.999980708297401
26843,0.9968320331266686
26844,0.9986324844063245
26845,0.9668804363037468
26846,0.9999685044513927
26847,0.9998667245550469
26848,0.9999751080774967
26849,0.999973014272856
26850,0.9877993466007677
26851,0.9929796644643887
26852,0.9997096711747826
26853,0.9988968895416758
26854,0.9999971227328461
26855,0.9998874170736242
26856,0.9982730313234184
26857,0.999835655489323
26858,0.9998101576948082
26859,0.9999954652741574
26860,0.9999517458259316
26861,0.8560512123085612
26862,0.7062579380315628
26863,0.9770573095963427
26864,0.9325173236699207
26865,0.9993287980482081
26866,0.9999133515847279
26867,0.9920083284271379
26868,0.952941078309361
26869,0.9995034880115307
26870,0.9906928342000595
26871,0.9999270203464021
26872,0.9949324044556802
26873,0.9999799083538007
26874,0.9968112764823984
26875,0.9996790895317723
26876,0.9863939438858035
26877,0.9752774881550436
26878,0.991595731072666
26879,0.9957621377174408
26880,0.99955883609152
26881,0.9997746764571016
26882,0.9999828375887222
26883,0.9989824308087177
26884,0.9874158436839591
26885,0.9631434084315161
26886,0.9908990884424439
26887,0.9999825939714768
26888,0.9913082545799793
26889,0.9987688702165797
26890,0.9899634717554787
26891,0.9116017895501264
26892,0.5614145018985571
26893,0.9995723960120317
26894,0.9995419373356659
26895,0.9444005196992508
26896,0.18895220481518332
26897,0.9915713480283159
26898,0.9984882177499795
26899,0.9990216852106041
26900,0.9883938049660234
26901,0.9999840466331933
26902,0.9983725034912521
26903,0.9295499475050214
26904,0.2459527285558603
26905,0.9994521418732315
26906,0.9994638976019233
26907,0.9992976640384117
26908,0.9475616534820245
26909,0.9997820970087931
26910,0.9746455649650816
26911,0.9993650806059272
26912,0.9907065372012833
26913,0.999705156733294
26914,0.8152502685856656
26915,0.9935612281552283
26916,0.9999136904099958
26917,0.9986004248947776
26918,0.9998349719089749
26919,0.9999681359173563
26920,0.9999941211228618
26921,0.9990140303886821
26922,0.9851011528011258
26923,0.9995725781600111
26924,0.9925404972021857
26925,0.9999022654467403
26926,0.20845289323175228
26927,0.999821896583273
26928,0.9735024859210542
26929,0.9991274699280774
26930,0.9971472879933585
26931,0.9999574172127829
26932,0.999457535356542
26933,0.9980131926094641
26934,0.9993424499312873
26935,0.9816540133285342
26936,0.3044328551006291
26937,0.9985337502245544
26938,0.9999144601081321
26939,0.9993331604237647
26940,0.975253161758194
26941,0.9855503265287063
26942,0.9998646150877898
26943,0.9999652450336121
26944,0.999993321569778
26945,0.9999856037957767
26946,0.9997894713252816
26947,0.9996865859076548
26948,0.8863723655843186
26949,0.9995202061232759
26950,0.857748900856232
26951,0.9958927673777561
26952,0.9984674910117404
26953,0.9857883906871521
26954,0.9968120046905962
26955,0.9989646702538322
26956,0.9999523017462624
26957,0.9993833338995741
26958,0.6899503345301765
26959,0.9998972949255612
26960,0.9999072105625648
26961,0.9979783959125118
26962,0.9998862396331262
26963,0.836524652129419
26964,0.9948888195027783
26965,0.9999736014510218
26966,0.8958843822566465
26967,0.9992524304835341
26968,0.9996197693387239
26969,0.999968599960463
26970,0.9920895292714585
26971,0.9999318847452537
26972,0.9996986045136206
26973,0.9999616339504159
26974,0.9983871280613933
26975,0.9998795298775098
26976,0.9999817592069282
26977,0.9996474276255242
26978,0.9622959715892285
26979,0.9720954017598977
26980,0.9944517749537531
26981,0.9216082243773414
26982,0.9988058379075591
26983,0.984103473121613
26984,0.9991093956741722
26985,0.999957585883226
26986,0.9632798707679472
26987,0.9995687864441878
26988,0.9999831537404936
26989,0.9998037779920922
26990,0.9999914595215321
26991,0.9999031545860131
26992,0.9996457365326774
26993,0.9244487551593522
26994,0.999939865212419
26995,0.9958878066720181
26996,0.9999777288871015
26997,0.99272621398527106
26998,0.9998343402479806
26999,0.9998245343655521
27000,0.9999633774611308
27001,0.9979753181474383
27002,0.9999817185374565
27003,0.9994771628318301
27004,0.9951226656899552
27005,0.9982305350316941
27006,0.9971633662530078
27007,0.9999148143001285
27008,0.9998896686786578
27009,0.999953356334368
27010,0.998736090930366
27011,0.9992274488864304
27012,0.20948370978711456
27013,0.9783560768370457
27014,0.999996651656756
27015,0.9999786271005368
27016,0.9999950864891615
27017,0.9999900886718903
27018,0.9999953822500528
27019,0.9997289149207853
27020,0.9997715335825741
27021,0.9789713092290465
27022,0.9990521923090311
27023,0.9998007067963757
27024,0.9999941082284902
27025,0.9999952644816723
27026,0.9795618858592481
27027,0.9976729018126729
27028,0.36637547188006864
27029,0.9999755831274975
27030,0.9993887036791415
27031,0.9995575340111893
27032,0.9961959704708033
27033,0.9999753214294528
27034,0.9991554443972526
27035,0.9659371845396006
27036,0.9982223936785166
27037,0.9962066959989508
27038,0.9997310293920215
27039,0.9990585183625713
27040,0.606419189376945
27041,0.9996673281856837
27042,0.9987448218803043
27043,0.9995811687721372
27044,0.7663089501201934
27045,0.9375142339407416
27046,0.9698387789043512
27047,0.996473576008689
27048,0.9828341071870614
27049,0.8760907562682234
27050,0.9991745689622304
27051,0.9967586863729639
27052,0.9999746893520144
27053,0.9996256477923791
27054,0.9990442185829649
27055,0.9998858978500638
27056,0.9847287044216961
27057,0.9988184975410069
27058,0.0950437722782349
27059,0.5748584173462042
27060,0.9996666313619004
27061,0.9998057141478056
27062,0.9408701934259625
27063,0.999866036503972
27064,0.9902504379689067
27065,0.9998107669040431
27066,0.999978828657465
27067,0.9751052322549149
27068,0.9987355512071019
27069,0.9909643895748603
27070,0.9999428675032553
27071,0.999410072244185
27072,0.9998533805533776
27073,0.9999610401273573
27074,0.9988846883472118
27075,0.9992429552265651
27076,0.98502088464929
27077,0.9997589030180136
27078,0.9996425342445995
27079,0.9923915145479671
27080,0.9998941882349927
27081,0.997491564872929
27082,0.9677763576041186
27083,0.9786361432084155
27084,0.9999150748373061
27085,0.9808729794637298
27086,0.9691089739540512
27087,0.9996161880449593
27088,0.891967530631661
27089,0.99924490699893
27090,0.9999378343560623
27091,0.9988185414844317
27092,0.9999128521258799
27093,0.999672044632279
27094,0.9996485723643841
27095,0.9987735922774775
27096,0.9988712270672874
27097,0.994590249138873
27098,0.9972759393538405
27099,0.9884700785400995
27100,0.9893413514826879
27101,0.9999245805582644
27102,0.827681986747875
27103,0.9995044647564839
27104,0.9999986480216355
27105,0.998445462513298
27106,0.9561191410254828
27107,0.9999918354191337
27108,0.8829548834573315
27109,0.9999916233702204
27110,0.9994639316723055
27111,0.9959517766857847
27112,0.7230595299789636
27113,0.9991820150091129
27114,0.9999759586207191
27115,0.9963851517373822
27116,0.9690312793019918
27117,0.9946289360053981
27118,0.9905210803952127
27119,0.9998706046808014
27120,0.9974079938267837
27121,0.9994413569778176
27122,0.9983077990566849
27123,0.5017747987609168
27124,0.9275447178965933
27125,0.9997135765728502
27126,0.9407710668830335
27127,0.9999849510092694
27128,0.9999578928485366
27129,0.9932900096975904
27130,0.9919391862845058
27131,0.9892064358116492
27132,0.9981422232652613
27133,0.9994906475517489
27134,0.9961481210824908
27135,0.999589057110001
27136,0.9936339107500205
27137,0.9197956954495837
27138,0.9647806048169807
27139,0.9998457401180258
27140,0.9989956406232381
27141,0.9994974028937442
27142,0.9763221975925858
27143,0.9854353650408517
27144,0.9994903796487916
27145,0.9984032280079813
27146,0.9935727846247715
27147,0.9995126352540751
27148,0.8649712481393919
27149,0.9997658806850535
27150,0.9999645881534337
27151,0.9997888213662668
27152,0.7878076871327983
27153,0.9999537721576764
27154,0.999712546480878
27155,0.9999541133464716
27156,0.9995329376126713
27157,0.817736765152966
27158,0.9999023810829684
27159,0.9953354982964935
27160,0.9999502883559069
27161,0.9998820624944588
27162,0.99981992584311985
27163,0.9967616619953374
27164,0.723694351952306
27165,0.9993986661984204
27166,0.9995307993965673
27167,0.9993594366132307
27168,0.999855948706132
27169,0.9719501123496533
27170,0.9261218020852515
27171,0.9999547479923626
27172,0.9956689223770278
27173,0.9961382404419243
27174,0.9997607273875052
27175,0.9998259735488418
27176,0.9994843461967468
27177,0.9991728267467861
27178,0.999484496585931
27179,0.9944166411957679
27180,0.9789158762694495
27181,0.9750672174052247
27182,0.9875458324250701
27183,0.9999893883382257
27184,0.9775144834335987
27185,0.9999118368141755
27186,0.5047669715976222
27187,0.9999660783743519
27188,0.9740659676056774
27189,0.9999846958397793
27190,0.9994521573651619
27191,0.9999798235709665
27192,0.9993435996005341
27193,0.99997152703574
27194,0.999522335564698
27195,0.9987029435000403
27196,0.9999497069178589
27197,0.9985857888243899
27198,0.9986717094762133
27199,0.9651006558895456
27200,0.9983772126942143
27201,0.9979447543455411
27202,0.9928415863915868
27203,0.9981996556776934
27204,0.9902979692861421
27205,0.999977511414287
27206,0.9987009977957088
27207,0.9981134502423433
27208,0.9963899802451615
27209,0.9966695454888836
27210,0.9886917074545035
27211,0.9994522369368903
27212,0.9850678292473692
27213,0.9898830761624042
27214,0.9993995496215616
27215,0.9763287376082698
27216,0.9999656827487474
27217,0.9813726232882783
27218,0.9999720333143793
27219,0.9191610036373385
27220,0.9946233882394683
27221,0.9999961255116789
27222,0.9992761616519987
27223,0.7009519408565225
27224,0.9998664232179663
27225,0.9961436078546483
27226,0.9908982722483833
27227,0.9997979002738275
27228,0.9991218313666884
27229,0.9986215054199035
27230,0.9997464544589444
27231,0.9926960618259154
27232,0.9999331136191655
27233,0.9965823022436341
27234,0.994521650856307
27235,0.999674112999893
27236,0.9613922299231322
27237,0.1980273737655202
27238,0.9499747445866065
27239,0.9994619384980787
27240,0.9898046711559696
27241,0.9991870203682947
27242,0.9999514700286161
27243,0.9961185419595557
27244,0.9995542060246396
27245,0.5884466535292873
27246,0.998841739920975
27247,0.9999211917379675
27248,0.9605240157733084
27249,0.9967025735830468
27250,0.67396950976677
27251,0.9752561789124425
27252,0.9761574716780687
27253,0.9999256083006179
27254,0.6786911209097549
27255,0.9998026124963989
27256,0.9975723807429128
27257,0.9953533224867073
27258,0.9772007865614288
27259,0.9999644950752227
27260,0.9998401094839656
27261,0.9998500277059736
27262,0.9486621849365958
27263,0.9864996544311648
27264,0.9998803641892917
27265,0.9550417753897391
27266,0.9996188919384679
27267,0.9410189824724027
27268,0.9997927053740305
27269,0.9999544837112201
27270,0.9954390832406297
27271,0.9993948389694571
27272,0.6048854886830126
27273,0.9962074513965357
27274,0.9998695254316644
27275,0.9982283504899668
27276,0.998866278818711
27277,0.996861468792956
27278,0.9999816009269944
27279,0.9718030374884956
27280,0.9999504766523958
27281,0.9999729503935361
27282,0.44995856165422826
27283,0.9886656761812824
27284,0.9999828434425235
27285,0.9902151087350061
27286,0.9987806789020516
27287,0.9902228385538143
27288,0.9987242589369119
27289,0.7674657399199087
27290,0.9999935885769626
27291,0.9967621456658973
27292,0.9972594699341236
27293,0.9999563330040925
27294,0.9993265030914988
27295,0.999149067858949
27296,0.9999523749577216
27297,0.9997521193303424
27298,0.9993561446680234
27299,0.9999773513705129
27300,0.9963212835204682
27301,0.9989632865795631
27302,0.9996499775501045
27303,0.9995083694522492
27304,0.9999638826504765
27305,0.8151169189870882
27306,0.9486123298661481
27307,0.999269219461866
27308,0.9957637128943135
27309,0.9500101670953556
27310,0.9999908211968118
27311,0.9942635029870636
27312,0.9999663331489171
27313,0.9377935125618496
27314,0.9999332380620835
27315,0.12165173489243217
27316,0.9989028030331364
27317,0.999968544532604
27318,0.9941002319030922
27319,0.9423538683265044
27320,0.9999087616209568
27321,0.9399711634601796
27322,0.9999819223780679
27323,0.9147059910870815
27324,0.9996862390864812
27325,0.9952147695323573
27326,0.9431088049140806
27327,0.9996136571057855
27328,0.9996873929528288
27329,0.9949881014690098
27330,0.9986244429042165
27331,0.9756929693299352
27332,0.9993376575307997
27333,0.9984704952908214
27334,0.9999596568337311
27335,0.9998072702165729
27336,0.9999728175714604
27337,0.9977553537927648
27338,0.9990127609508831
27339,0.954030624978325
27340,0.7735080633063747
27341,0.7735778145009402
27342,0.18925699598074824
27343,0.9978643549125545
27344,0.9999948869779469
27345,0.9874835034983468
27346,0.9992090776446031
27347,0.9996771483669358
27348,0.9709953796959591
27349,0.9906354348191712
27350,0.9999598582995506
27351,0.9996248886907083
27352,0.9999430392689812
27353,0.9910090750424699
27354,0.9999980578000828
27355,0.4146624199052484
27356,0.9965493761735849
27357,0.952364155251054
27358,0.9998521365856536
27359,0.9835857089970514
27360,0.9999351061531399
27361,0.9722245651063619
27362,0.9983796299570624
27363,0.9992569033105966
27364,0.9999588868536053
27365,0.999904256693852
27366,0.9964072722494994
27367,0.8422615207695212
27368,0.9962244190251066
27369,0.05693407439523864
27370,0.9843785756087305
27371,0.9999850064560769
27372,0.9997491851319205
27373,0.9933253993334293
27374,0.9986501680056417
27375,0.9856296022693358
27376,0.9746431750328809
27377,0.9985735711466655
27378,0.9965673365085862
27379,0.9999272640696584
27380,0.9862059747481463
27381,0.9992275665526884
27382,0.9999470832333077
27383,0.9955922068018744
27384,0.9993116258925695
27385,0.9985714819010963
27386,0.9996642421794444
27387,0.9963517528774485
27388,0.9993081740496608
27389,0.9999883657699219
27390,0.9994486677307788
27391,0.9898125307418981
27392,0.9999983301150498
27393,0.9936755320713937
27394,0.9992918134262858
27395,0.9999745077899359
27396,0.9999649038075527
27397,0.9960122654061709
27398,0.7827934251701126
27399,0.9962780963369886
27400,0.9998188766741513
27401,0.9989196089492921
27402,0.9986777954294339
27403,0.9992102975925179
27404,0.9984622379990955
27405,0.9999668334447219
27406,0.9996458254093806
27407,0.9627855963456377
27408,0.980732309113784
27409,0.9622709493894925
27410,0.9997687412859905
27411,0.9994403031104653
27412,0.999990282194866
27413,0.9849164070601448
27414,0.9999817238706347
27415,0.9997924703826777
27416,0.9992658918868775
27417,0.9933406866901368
27418,0.9964138304639031
27419,0.9993780394093194
27420,0.9857684007746771
27421,0.9994117293150265
27422,0.9999738034767158
27423,0.9999770422534096
27424,0.9999805314589245
27425,0.9959888898835717
27426,0.9999821767468615
27427,0.9997329582987471
27428,0.9971417675790267
27429,0.9982797017227016
27430,0.6451990936379314
27431,0.9924604157038547
27432,0.9993197630674114
27433,0.9974271197524752
27434,0.9878559337290435
27435,0.9995103645465133
27436,0.9994007704265415
27437,0.9999087437362456
27438,0.8894995096646562
27439,0.999263764316061
27440,0.9998315532091402
27441,0.9998976959926574
27442,0.6578106922435959
27443,0.9959061285969383
27444,0.9999622562694453
27445,0.7656515827941196
27446,0.9999937255652366
27447,0.9999942289784421
27448,0.9997921237831742
27449,0.9999728675113476
27450,0.9922569024993975
27451,0.53771415081169
27452,0.9980882781416432
27453,0.9979846623368631
27454,0.9996284372029474
27455,0.9999797578482646
27456,0.9998987403553867
27457,0.9994652217994007
27458,0.9943006155018107
27459,0.9240382010201162
27460,0.9993789486769707
27461,0.9999825376893708
27462,0.9987682251965309
27463,0.9939826393679091
27464,0.9999533213579758
27465,0.997134177649397
27466,0.999804000372335
27467,0.9941769717088249
27468,0.6160746890010474
27469,0.9505450265940453
27470,0.9958333198945796
27471,0.9564476127032693
27472,0.9998763682966741
27473,0.998776274016927
27474,0.995012272927192
27475,0.9944912337704277
27476,0.9845905176412341
27477,0.9996300643420261
27478,0.9999830666024039
27479,0.9999382807164688
27480,0.9989529840028333
27481,0.9916747383617553
27482,0.9926785800567346
27483,0.9999597869498877
27484,0.9943162191143744
27485,0.9998332971533146
27486,0.9996041522859672
27487,0.9995295513119002
27488,0.9999118416766468
27489,0.9997828810100727
27490,0.9999625824536921
27491,0.9990587208762439
27492,0.9970751167764884
27493,0.9998358312910082
27494,0.9999602272260166
27495,0.9972577677063448
27496,0.9987709274640861
27497,0.7459296975745631
27498,0.9999830284728762
27499,0.9999421484368273
27500,0.9999642986880558
27501,0.9997872923447758
27502,0.999419562323811
27503,0.9996945574193252
27504,0.9495349339693956
27505,0.9980752924888401
27506,0.8602975714096984
27507,0.9996308765157828
27508,0.9913293693595323
27509,0.9999558237748509
27510,0.9998190231987313
27511,0.9996769279777307
27512,0.9998280015174792
27513,0.9989331469351086
27514,0.9782086229503612
27515,0.8917628399963355
27516,0.9999817793786591
27517,0.9987634716213472
27518,0.998129921446881
27519,0.9996442067706071
27520,0.8619108561767385
27521,0.9997302721332547
27522,0.9999773367930493
27523,0.999990119188865
27524,0.9864029066096561
27525,0.9986157578074978
27526,0.9805531397411358
27527,0.9999894905129548
27528,0.9976922837084988
27529,0.9998476959830062
27530,0.9999888096769137
27531,0.9990308646197493
27532,0.9870935815525504
27533,0.9994722121961394
27534,0.9988249145552498
27535,0.9992213447773934
27536,0.9896009555875837
27537,0.9985228211184489
27538,0.9993006866876609
27539,0.9945749150762474
27540,0.9999989009266022
27541,0.9997261110650049
27542,0.9887182119711994
27543,0.9946999924873507
27544,0.9998806818720136
27545,0.5629399226641958
27546,0.9954173975598627
27547,0.9994100976121865
27548,0.9994443489394053
27549,0.9999971316882594
27550,0.9999781661523176
27551,0.9997697439245479
27552,0.9993271611538791
27553,0.99977080464874
27554,0.9996981149768993
27555,0.997155041014928
27556,0.9948351500439895
27557,0.9981271998054972
27558,0.9871913720530161
27559,0.9721119070587554
27560,0.9999836346745047
27561,0.9279636983629884
27562,0.9992600031975793
27563,0.6162581582390794
27564,0.9999686826297536
27565,0.46371787235447703
27566,0.9998283916825933
27567,0.9977206346747621
27568,0.998900173008756
27569,0.9756596580750062
27570,0.7040706994007059
27571,0.9999659768453235
27572,0.9269865450643872
27573,0.99993957775867
27574,0.9993011827404155
27575,0.999480312267159
27576,0.9997054428080571
27577,0.9978280290757819
27578,0.9919910886971253
27579,0.9611675983270955
27580,0.9999797694125634
27581,0.9999761896628211
27582,0.9557519724444737
27583,0.9962929318193979
27584,0.9999449426377529
27585,0.9905060365612376
27586,0.9988018874971694
27587,0.9997305332273653
27588,0.9973185504424535
27589,0.9988764226809443
27590,0.99992063998612
27591,0.9999977906390811
27592,0.9987800247364967
27593,0.9995944120415458
27594,0.9977028040919349
27595,0.9985599727912439
27596,0.9999433948887922
27597,0.9632970364959981
27598,0.9996253169405425
27599,0.6331148366565852
27600,0.9995316572483364
27601,0.9999785947240015
27602,0.9724700187547535
27603,0.9989090907718624
27604,0.9997026407839957
27605,0.999954872391988
27606,0.9897428600159731
27607,0.9999878125669766
27608,0.9999895163474584
27609,0.99981450366278
27610,0.9993065629232114
27611,0.999916254004057
27612,0.9951902956407634
27613,0.997583115550708
27614,0.9998449113677362
27615,0.9980060051478056
27616,0.9977368820591487
27617,0.9995532325793343
27618,0.09550490180076096
27619,0.9998892840885406
27620,0.9994594797136839
27621,0.999040208647093
27622,0.9962180895779201
27623,0.981833792144979
27624,0.9986081443469491
27625,0.998103319185104
27626,0.05136710912871609
27627,0.7145156457933998
27628,0.9993953281196377
27629,0.999513730763811
27630,0.9999684612230756
27631,0.9995358671604394
27632,0.9978862361776502
27633,0.9992255063439321
27634,0.7852388712602568
27635,0.96899156977727
27636,0.9999869556231074
27637,0.9996992331283814
27638,0.9845905176412341
27639,0.9993694964706153
27640,0.9994161294596704
27641,0.9830398434572019
27642,0.9999457630378001
27643,0.9999203476041925
27644,0.9544570186453317
27645,0.9684641456822043
27646,0.9990611124140902
27647,0.9991367068306354
27648,0.831826416268669
27649,0.987474698044495
27650,0.9985025285980139
27651,0.9999858589097254
27652,0.9803216737296018
27653,0.9996860858336379
27654,0.9999603986837672
27655,0.4160903667695495
27656,0.9997474701524302
27657,0.9986293734274609
27658,0.999048839191198
27659,0.9998926375013101
27660,0.926177474636371
27661,0.9999797697883066
27662,0.9825559070542049
27663,0.9981237951239257
27664,0.9998374813395007
27665,0.9994350032112896
27666,0.9941386436852089
27667,0.9926858860687476
27668,0.9996480815820652
27669,0.9976558152863997
27670,0.9295635636593695
27671,0.8581061961556036
27672,0.9999686673453886
27673,0.9990711253061269
27674,0.9797691870071236
27675,0.9997171619761303
27676,0.9993582258216205
27677,0.8033065052494914
27678,0.9995845446015942
27679,0.999639822583342
27680,0.9994308476880586
27681,0.9885526031679206
27682,0.9952650388157469
27683,0.9966935492544527
27684,0.9993212340232637
27685,0.5008226907701283
27686,0.9999423978003514
27687,0.9924591566915
27688,0.9999759224930208
27689,0.9951199529998754
27690,0.9989176290073366
27691,0.9354370173355685
27692,0.9972090367518336
27693,0.9949741267275913
27694,0.9999808278641968
27695,0.9944477204579938
27696,0.9998906335256631
27697,0.9120251393647447
27698,0.9999533630790169
27699,0.9935691783269157
27700,0.8958098203295594
27701,0.2875345122148089
27702,0.9565819261851123
27703,0.9986654578691333
27704,0.8939861344106026
27705,0.9932361165656624
27706,0.7757280811857474
27707,0.9998987954482441
27708,0.9999462276571881
27709,0.9998656624462721
27710,0.9937897184087623
27711,0.9999784204235588
27712,0.9995990971835939
27713,0.9998896819768458
27714,0.9995805207067375
27715,0.9983313680949377
27716,0.9995662378512602
27717,0.9993894724899947
27718,0.9965648706860448
27719,0.9998604908003277
27720,0.9952805560910365
27721,0.9993355206471233
27722,0.990050198961648
27723,0.99767006280447
27724,0.9937010538792473
27725,0.9978510838838529
27726,0.5498942392987579
27727,0.9881944619749342
27728,0.9999939144112129
27729,0.9986187860477391
27730,0.9283879552623095
27731,0.9984296200987178
27732,0.9906238136685869
27733,0.9998797819836296
27734,0.9972082235419999
27735,0.9999737767093997
27736,0.9952314313637437
27737,0.9989849476930686
27738,0.9999832184618115
27739,0.9999942264728954
27740,0.8256862367629255
27741,0.99023123693591375
27742,0.9954096208698133
27743,0.977233327448397
27744,0.9986129922716921
27745,0.9999361811790811
27746,0.999988524812896
27747,0.9996310563620773
27748,0.9999433252915693
27749,0.986840649012357
27750,0.9993921667147944
27751,0.9947213212145053
27752,0.7913694091793777
27753,0.9996838156855761
27754,0.9994557879410516
27755,0.9995077766269439
27756,0.9998291562812929
27757,0.9997889152080393
27758,0.9996789845393476
27759,0.989626945272257
27760,0.9951105854470665
27761,0.8075490894282625
27762,0.9996025489769617
27763,0.9222197912014201
27764,0.002715388023508204
27765,0.9999410838971446
27766,0.9872724244764012
27767,0.9999337285628911
27768,0.9950133660810134
27769,0.9997747709150903
27770,0.9883279010539553
27771,0.9866560595057277
27772,0.9992047928970588
27773,0.9999577621932699
27774,0.9985155700575398
27775,0.9999668675516012
27776,0.9999920956822036
27777,0.550737077151318
27778,0.9983741238508415
27779,0.8947302365985731
27780,0.9999407295697568
27781,0.8574960896575644
27782,0.9999838896533276
27783,0.9996837075442597
27784,0.898768268288405
27785,0.996664107562104
27786,0.9985302271774469
27787,0.9999731421203119
27788,0.9998913098644159
27789,0.99945179655494
27790,0.9999981861312631
27791,0.8164548716475243
27792,0.9998469150309612
27793,0.9969702137469707
27794,0.9983065843969439
27795,0.9894049948137648
27796,0.9774951519635466
27797,0.9999941304833555
27798,0.9995068052591287
27799,0.9998263859896392
27800,0.999615377010839
27801,0.9947675242985135
27802,0.9932597581563213
27803,0.9982897875916037
27804,0.9998353076909289
27805,0.951241621538718
27806,0.9999188168581806
27807,0.9989467714841588
27808,0.9995070307712463
27809,0.9999730487068702
27810,0.9999874471814518
27811,0.9988642419128353
27812,0.999915599861556
27813,0.9921184194255777
27814,0.999302715712197
27815,0.9999693470740051
27816,0.9987029425044153
27817,0.9982434382315761
27818,0.9950004241049244
27819,0.999946968046473
27820,0.999985715437151
27821,0.9999932320159952
27822,0.08248647140858267
27823,0.9998718702436574
27824,0.6150623515594926
27825,0.9984550750424457
27826,0.9505902226697674
27827,0.9843682936815275
27828,0.9997010188307518
27829,0.177647236832899
27830,0.9975970507742751
27831,0.9994712926988314
27832,0.9999702478011031
27833,0.9997335633348547
27834,0.9883822301980842
27835,0.9991956191534784
27836,0.9997940347028534
27837,0.9984693562572904
27838,0.9999699399357086
27839,0.27142855532632904
27840,0.999936520965557
27841,0.9993487222034866
27842,0.9996705099099366
27843,0.992472866131929
27844,0.98354365928529
27845,0.9995106786770767
27846,0.9996128867457267
27847,0.999295088935221
27848,0.9999894091311575
27849,0.9857390182249774
27850,0.9994493836710859
27851,0.9974212160038428
27852,0.9987843279884867
27853,0.9989685430608783
27854,0.9995450514274672
27855,0.9999861705650525
27856,0.9884314701330494
27857,0.99772863948519
27858,0.9999793442205434
27859,0.9536627768026296
27860,0.9769761731576534
27861,0.9998535679366367
27862,0.9999835243701516
27863,0.9921370548351012
27864,0.9998366276785141
27865,0.9993601739778454
27866,0.9999616850047451
27867,0.999498026566646
27868,0.9994450838225721
27869,0.9998471125948236
27870,0.9649942892973886
27871,0.998476004509622
27872,0.999099978872349
27873,0.9999640571356136
27874,0.9996716495471383
27875,0.9982642890548816
27876,0.9972672136041528
27877,0.9842692898983101
27878,0.039919872825310954
27879,0.9937615505951554
27880,0.9972461128072925
27881,0.9994650899885953
27882,0.997392588175183
27883,0.999927072389347
27884,0.9948120538328987
27885,0.9286241604880505
27886,0.9901239011722364
27887,0.9490047390911658
27888,0.9995060131615836
27889,0.9992166468433215
27890,0.9992330051559767
27891,0.9999942334852358
27892,0.9959172623992616
27893,0.9077014650146785
27894,0.9674061194550926
27895,0.9295123776905069
27896,0.9925219911196126
27897,0.9999577342603714
27898,0.8187828691512721
27899,0.9998997625800145
27900,0.9979805696280099
27901,0.8010659908848005
27902,0.9998943395846497
27903,0.9999204768690428
27904,0.3406425220209422
27905,0.9967083092666923
27906,0.9997939609323171
27907,0.9999797060843391
27908,0.9478681223708814
27909,0.9969590770711103
27910,0.9995912660980919
27911,0.9182655364025376
27912,0.9999859351172842
27913,0.9687917182177784
27914,0.996802628015325
27915,0.9691854216149761
27916,0.9814451853775199
27917,0.9819638846816096
27918,0.9999350738123621
27919,0.9999216769566782
27920,0.9573392940573149
27921,0.9993568645458116
27922,0.998086210719775
27923,0.9102970967478298
27924,0.9994186096570252
27925,0.9995479737457765
27926,0.9999297324793368
27927,0.9988568863248151
27928,0.9957200284906059
27929,0.7111897664617901
27930,0.9743553554174854
27931,0.9999945802480962
27932,0.997383109736476
27933,0.9166863695234789
27934,0.9989073654440082
27935,0.9998799837792417
27936,0.9943844370168875
27937,0.9849175824595726
27938,0.9981074793026748
27939,0.9999675430740881
27940,0.913357921894724
27941,0.9733891564977616
27942,0.9975092345798559
27943,0.9999629970537691
27944,0.9993908783255891
27945,0.9999851446592354
27946,0.9062949882022954
27947,0.9990453835150028
27948,0.59465203858849
27949,0.9997267365026927
27950,0.9996986677429535
27951,0.9999497394559245
27952,0.975253161758194
27953,0.9992233405848255
27954,0.9998697683654537
27955,0.999811883733631
27956,0.9995040810961083
27957,0.9984993857944748
27958,0.9742242979718428
27959,0.999531662768606
27960,0.889791175145245
27961,0.999583224119282
27962,0.9993643833802478
27963,0.9999825612731748
27964,0.9995329635017921
27965,0.9999754145687834
27966,0.9999920665464125
27967,0.9993326129359812
27968,0.9999808250771449
27969,0.9997066815119797
27970,0.9955747732911564
27971,0.9998670739952865
27972,0.972649925375719
27973,0.9999785250703325
27974,0.999286171099523
27975,0.9997512717661118
27976,0.9852216255247821
27977,0.9880540739558569
27978,0.9999917357169668
27979,0.9986882301877503
27980,0.9992921087772552
27981,0.9990783404653876
27982,0.8316623744681692
27983,0.8959393807964672
27984,0.9987410069859867
27985,0.9999425889462179
27986,0.9984469777160837
27987,0.7105375909825116
27988,0.9789430410789876
27989,0.99926520050897
27990,0.9974228888134558
27991,0.9999785960227087
27992,0.9999752145763227
27993,0.9991619977356598
27994,0.9998073877362357
27995,0.9998876766564396
27996,0.9982526394930121
27997,0.9990414397402234
27998,0.9995505309955114
27999,0.9924471666706944
28000,0.9981755710375272
28001,0.9995990428463593
28002,0.9999665772600103
28003,0.9376573781479507
28004,0.9967451341204859
28005,0.9999865650217206
28006,0.9795032986398828
28007,0.9998097764188365
28008,0.9983175725466759
28009,0.9998453772459531
28010,0.9979294490391126
28011,0.9919072280048897
28012,0.9984759592101099
28013,0.9999967604762735
28014,0.9993167491219521
28015,0.9966446702066343
28016,0.99965313935101
28017,0.9943003688024029
28018,0.9986996951046385
28019,0.9996375147951313
28020,0.9728596191628817
28021,0.986063635150532
28022,0.9296032379431421
28023,0.4856849745822125
28024,0.9997981185710275
28025,0.9969405770353577
28026,0.9982442180507294
28027,0.9999514354371584
28028,0.8983592251191349
28029,0.9997960418394589
28030,0.9908943247766874
28031,0.9999587899652409
28032,0.8016249793675175
28033,0.9998969831175143
28034,0.9968794721177642
28035,0.999749416854451
28036,0.9991731084548381
28037,0.9999912491047122
28038,0.6551257117695825
28039,0.993339526026459
28040,0.9999337908853974
28041,0.9983523706176852
28042,0.9997703908558406
28043,0.9996543007535723
28044,0.9994311038685024
28045,0.9999877012207973
28046,0.9996494749891771
28047,0.9904837243601271
28048,0.9972685542754276
28049,0.999948734288688
28050,0.9999797830637754
28051,0.9999628168864011
28052,0.9998762838876554
28053,0.9999813849439219
28054,0.8482970845452402
28055,0.9999748550328134
28056,0.9998482836325084
28057,0.9998960827466609
28058,0.9999448898222536
28059,0.9990707450520784
28060,0.999267094815472
28061,0.9967504188727865
28062,0.9996600786084442
28063,0.13452145060941612
28064,0.8102501817774829
28065,0.9955719089264513
28066,0.9999432648652182
28067,0.9866510881819537
28068,0.9991059496003737
28069,0.9973362075248776
28070,0.9863658510380087
28071,0.9985117581627792
28072,0.9992118609609124
28073,0.9999494205589617
28074,0.9928741093450132
28075,0.9998469424537362
28076,0.977125132130393
28077,0.995562267998686
28078,0.9912159262241333
28079,0.9857300765674346
28080,0.999947584671507
28081,0.9999350346531917
28082,0.7190084646141467
28083,0.9166878117946682
28084,0.9999682746539648
28085,0.9999694384928067
28086,0.9969683674919421
28087,0.9394746029268732
28088,0.9973605697798591
28089,0.9999791652620525
28090,0.9999254483892885
28091,0.7609620112895453
28092,0.9997965282698925
28093,0.9996021409764202
28094,0.8804448315694813
28095,0.9999405523348692
28096,0.9547118287953074
28097,0.9998025091781239
28098,0.9999900640705034
28099,0.9990091143881392
28100,0.9944563765741071
28101,0.9998937440507166
28102,0.9999562843420479
28103,0.9805029167111502
28104,0.9999916737551032
28105,0.9996353785113461
28106,0.9993589491931915
28107,0.9998664933703448
28108,0.9859727995827816
28109,0.9999659234871765
28110,0.9999672281688831
28111,0.9999034363574271
28112,0.9999556841924059
28113,0.999172480094072
28114,0.999392503867782
28115,0.9184505484459383
28116,0.86819467661167
28117,0.9941542000716506
28118,0.6587282029398721
28119,0.997393728587985
28120,0.973690572955638
28121,0.9998160017201811
28122,0.9998766951396342
28123,0.9972348718038491
28124,0.9919895247625967
28125,0.72375968595602
28126,0.9997132001031741
28127,0.910895262534101
28128,0.9704108289895983
28129,0.998202320382535
28130,0.9948911028133014
28131,0.9991089119561195
28132,0.9999854512694771
28133,0.9998331039964592
28134,0.9999483388888817
28135,0.9214145832730165
28136,0.9994685548286488
28137,0.9983602418995277
28138,0.999485687600607
28139,0.9999884071206998
28140,0.958101949758534
28141,0.9999355935482973
28142,0.9881039527235044
28143,0.2734423739962093
28144,0.9989917354532277
28145,0.9197495813831233
28146,0.4425294952612006
28147,0.9998946806109485
28148,0.9992638805802739
28149,0.9932906517511191
28150,0.9966546791350052
28151,0.9999626684794118
28152,0.9904609852154868
28153,0.9926785800567346
28154,0.9993506101819976
28155,0.9980280660477437
28156,0.9995626314152962
28157,0.9984482589727505
28158,0.9999817543736463
28159,0.9699842031340654
28160,0.9995979278798462
28161,0.9998439606452335
28162,0.9970778810847102
28163,0.9999652913663005
28164,0.9995110254552538
28165,0.9999887999786051
28166,0.9999826723585754
28167,0.9891996597882536
28168,0.9857861944962036
28169,0.9997374435939562
28170,0.9999391537240435
28171,0.9418903261156805
28172,0.9514968860110413
28173,0.9999660581996803
28174,0.9998453076612028
28175,0.9999785346131096
28176,0.9999859688936489
28177,0.9995302917863675
28178,0.8879461212429879
28179,0.999926573305252
28180,0.9957126844367735
28181,0.9965512797610894
28182,0.99958281261024
28183,0.9997193563700574
28184,0.9999403209488237
28185,0.8601771639300154
28186,0.9991173509890974
28187,0.9999767572575963
28188,0.9999806882291642
28189,0.9897812634097654
28190,0.9995415817719672
28191,0.9998245363521335
28192,0.992956937616332
28193,0.9999142661700128
28194,0.9998993547651167
28195,0.9991808199572487
28196,0.9629971403758987
28197,0.9975680009287544
28198,0.9984998111523133
28199,0.9882438806886104
28200,0.9996617692869354
28201,0.9992487889349799
28202,0.9999479086518263
28203,0.9895224374329118
28204,0.9971130955568592
28205,0.9999839013197357
28206,0.9999135794305322
28207,0.9996721084208631
28208,0.9846904970651615
28209,0.9963636413817595
28210,0.9978574388179091
28211,0.9555734556754731
28212,0.9993402805075439
28213,0.9999744271612584
28214,0.9994548205974222
28215,0.999951707985621
28216,0.9942424397455641
28217,0.9990571217176519
28218,0.9996039605779691
28219,0.9598614826139569
28220,0.9767432187889331
28221,0.99962081914319445
28222,0.9969966734176424
28223,0.9997546640721656
28224,0.9885496488914793
28225,0.9999295237367246
28226,0.9998782349347671
28227,0.999981844304934
28228,0.9987035475909548
28229,0.999963115006249
28230,0.998074766881573
28231,0.9999311084266654
28232,0.9999415064526903
28233,0.9915195916943431
28234,0.9998617949049028
28235,0.9999124911588357
28236,0.9999184177347448
28237,0.9999590628076392
28238,0.9924673862825845
28239,0.9999358347221403
28240,0.45572840716334573
28241,0.9997623823143208
28242,0.9999335910991272
28243,0.9609477120377174
28244,0.9999867864516506
28245,0.996094417813454
28246,0.9961599608604568
28247,0.9996436316356173
28248,0.9997390700778984
28249,0.9992714332934814
28250,0.9945656599377793
28251,0.9995984363692144
28252,0.9995508489446941
28253,0.9999789543508698
28254,0.0047043333603976785
28255,0.9983275613721163
28256,0.9990332295926035
28257,0.999883678575507
28258,0.9044314956366515
28259,0.9919009202222789
28260,0.9999973480578704
28261,0.994787337595242
28262,0.9983296163510303
28263,0.9989372619495279
28264,0.9987966344712071
28265,0.9991378427094078
28266,0.9983963382916523
28267,0.993154035777247
28268,0.9994331623805642
28269,0.9763545483731273
28270,0.9997537220419597
28271,0.9999106440195381
28272,0.9859445473395225
28273,0.990532033390907
28274,0.9995784321965694
28275,0.9999642047198545
28276,0.9995467070931319
28277,0.9999561301491751
28278,0.9994613816248833
28279,0.9999704386282103
28280,0.9168649290245857
28281,0.9994949319378769
28282,0.9887581279578534
28283,0.999863632255181
28284,0.999858258748609
28285,0.9999652450336121
28286,0.9983620880068753
28287,0.9999994506633512
28288,0.9999502621375924
28289,0.9999923895667918
28290,0.9946578319335789
28291,0.9984455659952769
28292,0.9995690945136364
28293,0.9995784527411002
28294,0.998897235890986
28295,0.999774532246844
28296,0.9898740724849664
28297,0.9998472104153332
28298,0.9999896475669868
28299,0.99921917554562
28300,0.9908052426136512
28301,0.9906393329114063
28302,0.9998150510107807
28303,0.9973860194524542
28304,0.9987939502060814
28305,0.9999872069169579
28306,0.9999559886499219
28307,0.999076679944128
28308,0.949405456962638
28309,0.9979304285180365
28310,0.9997408863135412
28311,0.9999764807271276
28312,0.9965474006993201
28313,0.9999810240492656
28314,0.995279642204091
28315,0.9998965652129411
28316,0.9991716013895902
28317,0.9999691248975835
28318,0.999289260227028
28319,0.999490592867154
28320,0.9997355420702012
28321,0.9900312523713759
28322,0.9981031807154408
28323,0.996661969304098
28324,0.999392003372552
28325,0.9811896804797559
28326,0.9998620438430257
28327,0.9982584149834325
28328,0.9999737206690141
28329,0.9986737464772381
28330,0.3579495086251685
28331,0.9999546800884699
28332,0.9999900858487514
28333,0.9999832174406438
28334,0.9987004253300765
28335,0.9967840054654743
28336,0.9996759458352616
28337,0.9967148578656952
28338,0.6140154766905003
28339,0.9943401805239653
28340,0.9996713122156025
28341,0.9992581274697935
28342,0.9998562510285358
28343,0.9995575356473415
28344,0.9843491658833986
28345,0.9995681693989861
28346,0.9902960740273931
28347,0.9997167539576
28348,0.0722422834181018
28349,0.9998011307120845
28350,0.9797131477242779
28351,0.9990444559683666
28352,0.999980384222158
28353,0.9936780026463461
28354,0.9993863934242285
28355,0.99963214961724
28356,0.9992746876012125
28357,0.9638575361392278
28358,0.9999873537468986
28359,0.9999537815316233
28360,0.9994062175130516
28361,0.9523576042874471
28362,0.9976478843664298
28363,0.4461569307353015
28364,0.999655935833391
28365,0.9991657344755643
28366,0.9999892818384131
28367,0.9903036985829621
28368,0.999666542077553
28369,0.9999804751040097
28370,0.9999152152184058
28371,0.738991528172738
28372,0.9999613032510919
28373,0.9856154777406371
28374,0.9981547115176597
28375,0.9999149505489227
28376,0.9999316818269752
28377,0.9906994973960935
28378,0.9988788663388359
28379,0.9999863221940385
28380,0.9949053516933014
28381,0.11545937553834981
28382,0.9999343088636801
28383,0.9973899781035922
28384,0.9901047247425412
28385,0.6500999950726589
28386,0.9996205575243178
28387,0.9983358766107151
28388,0.9804677859781735
28389,0.9947705585402645
28390,0.9998893213013232
28391,0.9992648503125819
28392,0.9994982757452806
28393,0.9261708057884217
28394,0.9827801972267606
28395,0.9997332726381297
28396,0.9999300219980728
28397,0.9999331165228773
28398,0.9999203238216308
28399,0.9451994963474789
28400,0.9999966870350676
28401,0.9817600665042467
28402,0.9158037649025853
28403,0.772566449069539
28404,0.9998340399630598
28405,0.008523584654968388
28406,0.8421216543677387
28407,0.9995118385888755
28408,0.9998635867533501
28409,0.9968683971175253
28410,0.998693964490667
28411,0.9996144701703839
28412,0.9990773218961265
28413,0.9959452325209824
28414,0.9999786979935305
28415,0.9917170009741488
28416,0.391115354694696
28417,0.9984909730483511
28418,0.9986062398289985
28419,0.9994296600579866
28420,0.999224737933337
28421,0.9987934118644199
28422,0.9999684045389868
28423,0.9373272429086364
28424,0.9994214588631107
28425,0.999801165354012
28426,0.9985025285980139
28427,0.9992280212111054
28428,0.984390165680616
28429,0.9915151956237864
28430,0.7961580389607124
28431,0.9968374808651207
28432,0.9999664258204894
28433,0.9990829798257351
28434,0.10637851192892663
28435,0.9716485474473189
28436,0.998788513617883
28437,0.9999887132008723
28438,0.9990974923607625
28439,0.9054828406186529
28440,0.99918287540861
28441,0.9985622408465716
28442,0.999600607722349
28443,0.999073776730839
28444,0.9991488351870526
28445,0.9999965695592637
28446,0.9796717946219186
28447,0.9997734404150129
28448,0.9997552236015911
28449,0.9999754532323069
28450,0.9999389181158707
28451,0.9702444072744129
28452,0.9985317685562951
28453,0.9993252664073373
28454,0.9993223510964968
28455,0.9972392054637578
28456,0.9970797857083564
28457,0.993951310657334
28458,0.9995048519983069
28459,0.999555100150759
28460,0.9970963248613107
28461,0.6901367321102574
28462,0.9998608509762384
28463,0.9982393797059642
28464,0.9903515791476143
28465,0.9135473485106972
28466,0.999237503712403
28467,0.9999777900814807
28468,0.9986631999817276
28469,0.9999341276704684
28470,0.9999563472121802
28471,0.9848585979087962
28472,0.2683170830127859
28473,0.9997989048043348
28474,0.9992185006516222
28475,0.9986443706583217
28476,0.9995199808821557
28477,0.9152835297546644
28478,0.9983745236941437
28479,0.7965588518143555
28480,0.9991135143401911
28481,0.9888849889308154
28482,0.9993174047879378
28483,0.9996306063820835
28484,0.9896420907802088
28485,0.9656879125627316
28486,0.9995722095437051
28487,0.9994340715828673
28488,0.9961341245292616
28489,0.9960410846447555
28490,0.991931957278194
28491,0.3367147929408437
28492,0.78816722575672
28493,0.9999154938240821
28494,0.9987507661569169
28495,0.9145214929360251
28496,0.9988955434466916
28497,0.9704284529752979
28498,0.9998734805331363
28499,0.9997431811497303
28500,0.9991831403343945
28501,0.9999755506762699
28502,0.9960142459115873
28503,0.9980635579164925
28504,0.9999634896915696
28505,0.9988861225546172
28506,0.9999778887277009
28507,0.9702488285040001
28508,0.9997489277912344
28509,0.9998994290201918
28510,0.9699469964731825
28511,0.9880342914097773
28512,0.9899909743673906
28513,0.9995689923416144
28514,0.9999084733799384
28515,0.9930911024454521
28516,0.9999544951892643
28517,0.9999536175824555
28518,0.9995658755455931
28519,0.9999730738398581
28520,0.9994042053088483
28521,0.9999588025789558
28522,0.9999567157648553
28523,0.9999791973395992
28524,0.9999490127940012
28525,0.999590999999626
28526,0.9991737572242952
28527,0.6621042302565721
28528,0.9999117835380423
28529,0.998526490185712
28530,0.9983205334053684
28531,0.9963393137682384
28532,0.9547980888674595
28533,0.9769834650220309
28534,0.9953175185860385
28535,0.9999173772446446
28536,0.9986271775209612
28537,0.9997325978073837
28538,0.9998723436635485
28539,0.9986550511326119
28540,0.9978760212324737
28541,0.9999530280214207
28542,0.9979363284349051
28543,0.9708559408513473
28544,0.9999945701009675
28545,0.9999247978180544
28546,0.9999947945558986
28547,0.9982819895959225
28548,0.9811674217923002
28549,0.999931069138419
28550,0.9999255807652363
28551,0.9996690655182395
28552,0.9998854625813182
28553,0.9801408648413216
28554,0.9998941459837335
28555,0.45036073073384014
28556,0.9998492640739517
28557,0.9999424431989274
28558,0.98904524458365906
28559,0.9995608634918445
28560,0.9983767037230703
28561,0.996026804786802
28562,0.9999160597161987
28563,0.9972430583735052
28564,0.9999326275066122
28565,0.9988392996763208
28566,0.9993983051195009
28567,0.8953699099425063
28568,0.9939550315145699
28569,0.9997330723199614
28570,0.958121348103361
28571,0.9890586039624734
28572,0.9762150618814681
28573,0.9210522084426064
28574,0.999977228684435
28575,0.9994601177377523
28576,0.9989627123527818
28577,0.9999911338572469
28578,0.9999672346779351
28579,0.9995205002131605
28580,0.999711211609388
28581,0.8842385885614931
28582,0.999959498772782
28583,0.9205756039610267
28584,0.9999294657264164
28585,0.9832271219914211
28586,0.9700848326398531
28587,0.9996184828284639
28588,0.9979032737046757
28589,0.9984715542199158
28590,0.8172758935820668
28591,0.9997188324856359
28592,0.9998758118944205
28593,0.9917288582050522
28594,0.9999336626854192
28595,0.9999874105319377
28596,0.999128975365093
28597,0.9989705321073039
28598,0.9999915901868962
28599,0.9292059974558871
28600,0.9992821328495438
28601,0.998227597688098
28602,0.9999202424682911
28603,0.9968158958829915
28604,0.9988696559320243
28605,0.9999864518569289
28606,0.9999931631165817
28607,0.9394803012606097
28608,0.9991578983861931
28609,0.9994954719442398
28610,0.8794651443239562
28611,0.9965949389544887
28612,0.9999282389638405
28613,0.980120119371695
28614,0.04175304379138031
28615,0.5650889965181644
28616,0.9998527545235327
28617,0.9989211682842871
28618,0.9758430673427273
28619,0.9949309258375009
28620,0.9998221031741832
28621,0.9896040180350677
28622,0.9970163049336724
28623,0.9998616421652925
28624,0.9983067823105345
28625,0.9991175769321068
28626,0.9999185100215323
28627,0.9998083908014279
28628,0.9999279248645283
28629,0.9203274875004206
28630,0.9999504609682505
28631,0.9262177470150784
28632,0.9969571919906268
28633,0.999082422380602
28634,0.9999133355243582
28635,0.9909428900915769
28636,0.9999401353536416
28637,0.9994815788098842
28638,0.9869926125824559
28639,0.9988706899534958
28640,0.9998067803220646
28641,0.9992215909254607
28642,0.9999783196695842
28643,0.9999919495629522
28644,0.9953491740591548
28645,0.9921837673393284
28646,0.999849193616928
28647,0.9735689266293501
28648,0.6863004013878575
28649,0.9918713337205461
28650,0.9999785099130624
28651,0.9946902717342071
28652,0.9984401524220053
28653,0.9787251927366353
28654,0.9999901997549244
28655,0.9462010304773588
28656,0.9978852928489168
28657,0.9984340071915689
28658,0.9878653600347052
28659,0.999440093248836
28660,0.9944997508527539
28661,0.9999552215648602
28662,0.1571004687049478
28663,0.9997754649039284
28664,0.9883319306980471
28665,0.9988384043624257
28666,0.9996840380177052
28667,0.9994029974239956
28668,0.999626586942847
28669,0.49230893106399387
28670,0.8950216412504158
28671,0.9464425119839024
28672,0.9957531002474015
28673,0.9999092311243463
28674,0.8725510695874963
28675,0.9920000578829257
28676,0.999827425255922
28677,0.9988050356069168
28678,0.9996443269782189
28679,0.9983512764069893
28680,0.9986488753936441
28681,0.9999929713746503
28682,0.9999798440628307
28683,0.6115443001286562
28684,0.99719915225786
28685,0.9995680973526311
28686,0.9997236552410659
28687,0.9996154905316007
28688,0.9798504310543195
28689,0.9999877151619994
28690,0.9983569716350678
28691,0.9720827224618697
28692,0.9970870609676179
28693,0.999813578186535
28694,0.9999815855817658
28695,0.9995231811316694
28696,0.9999741993729186
28697,0.28020842715976996
28698,0.9967910864566898
28699,0.997065483571921
28700,0.9996003299098432
28701,0.9981364673342901
28702,0.9999368026243329
28703,0.9997937213455673
28704,0.9999628242967916
28705,0.9999668667164546
28706,0.9995505306492122
28707,0.9757770135912862
28708,0.999086233270867
28709,0.9812291038559389
28710,0.9993082119906865
28711,0.999845752809192
28712,0.9996865950598819
28713,0.9993004054873958
28714,0.9890227073975705
28715,0.9998660555636647
28716,0.9997390873692221
28717,0.9993136365584429
28718,0.9770481268185067
28719,0.9948813460035636
28720,0.9998183218532499
28721,0.9941655137350536
28722,0.9994643259764674
28723,0.9993879218230743
28724,0.9782773228505063
28725,0.999786937430924
28726,0.9989029591127165
28727,0.9999753792405522
28728,0.9979100196579344
28729,0.9999543766241932
28730,0.9997773360323098
28731,0.9990461063787419
28732,0.873370482760312
28733,0.9888558716006065
28734,0.9948477115165564
28735,0.9826103226069581
28736,0.9905359029794196
28737,0.8094696038865351
28738,0.9989514094461703
28739,0.9999457054455113
28740,0.999549734805114
28741,0.9989953711016365
28742,0.7211377215695799
28743,0.9998817726423059
28744,0.9999433064548094
28745,0.9994195356643519
28746,0.9994082384220634
28747,0.9818284457995442
28748,0.9999912294925347
28749,0.9994869743455294
28750,0.9991054862783205
28751,0.9974455739080788
28752,0.9647180243347141
28753,0.9998264313031724
28754,0.9990031961169525
28755,0.5420894527896574
28756,0.9997230579684487
28757,0.999989739674197
28758,0.9999869872377908
28759,0.9999889586456064
28760,0.9999097240438342
28761,0.9239664147912049
28762,0.9994799403027907
28763,0.9999628350459652
28764,0.9933425419747196
28765,0.9831395113990516
28766,0.9950738642508191
28767,0.9997998764917689
28768,0.999762865432133
28769,0.9946012413361843
28770,0.9996634242341857
28771,0.9998805254320396
28772,0.9995221907290655
28773,0.9999749750138919
28774,0.9998929118143479
28775,0.9997908394498185
28776,0.9985567096013572
28777,0.9998484433002433
28778,0.9993860222093182
28779,0.9609941047680175
28780,0.992780329877222
28781,0.9868874576031886
28782,0.9999339539052595
28783,0.9941353726462729
28784,0.8897785765742983
28785,0.9999817674793076
28786,0.9998193505719616
28787,0.9999643605139543
28788,0.9999645099165736
28789,0.980434079649322
28790,0.9998989924497789
28791,0.9997104642879313
28792,0.9987343836994875
28793,0.99984936749678
28794,0.995199537744971
28795,0.9998339636342061
28796,0.9999448898222536
28797,0.9429548332010174
28798,0.999853643377205
28799,0.9811115142353845
28800,0.5026370072840018
28801,0.9960150481326233
28802,0.9999221127329
28803,0.9990491039024008
28804,0.96245078551217
28805,0.9998550578970954
28806,0.9999878607791305
28807,0.3776759785014767
28808,0.44575086360351435
28809,0.9957828998881666
28810,0.999111664614332
28811,0.9876176207869793
28812,0.6685972367109279
28813,0.989575295061699
28814,0.998246198552264
28815,0.9993253252441155
28816,0.5565867938794811
28817,0.999957740305554
28818,0.9999382605014846
28819,0.9999648528129356
28820,0.9987681110484733
28821,0.9999726319709696
28822,0.9999664766708829
28823,0.9999040998992765
28824,0.9990660234764343
28825,0.999548618949714
28826,0.9767454639278048
28827,0.9796280730552103
28828,0.3556093569441409
28829,0.9543408816716573
28830,0.9999886305369436
28831,0.9724075829073348
28832,0.999713196807705
28833,0.9903922590658387
28834,0.9993040899906763
28835,0.9997617970428323
28836,0.9939159396025093
28837,0.9997222977217401
28838,0.9990162351037537
28839,0.9218884488844751
28840,0.9998630402528144
28841,0.9999569693834468
28842,0.9999405236732392
28843,0.9984702646323776
28844,0.9934389905927598
28845,0.9996242791197942
28846,0.9957105451532662
28847,0.9986434516425478
28848,0.9973980001729021
28849,0.998693072430208
28850,0.999106872177226
28851,0.9996657194759165
28852,0.9998177755308316
28853,0.9998637698508283
28854,0.9994797847394787
28855,0.998847184142092
28856,0.968495074833705
28857,0.9754323130684418
28858,0.9999950805169816
28859,0.9977940653494012
28860,0.9994900114232655
28861,0.9994860941675976
28862,0.9994157377285179
28863,0.9875727925403489
28864,0.9989389855323755
28865,0.9884508601634218
28866,0.9998824517244737
28867,0.9978624577700718
28868,0.9853705494968341
28869,0.9869667938188523
28870,0.999961564846087
28871,0.9988974637485378
28872,0.9999659953005657
28873,0.9999641932257161
28874,0.9461357348129221
28875,0.9995283514508926
28876,0.99881146426465794
28877,0.9998005899363156
28878,0.9790052164790064
28879,0.999987463301647
28880,0.4070311010452011
28881,0.9983197796173849
28882,0.9791050246879711
28883,0.9824756097571772
28884,0.997383109736476
28885,0.7259614111630138
28886,0.9999639393769908
28887,0.9903074216135324
28888,0.9999816739933578
28889,0.9996302571643044
28890,0.9997476237569276
28891,0.9983956535719826
28892,0.999825768548986
28893,0.9990557628910836
28894,0.9933023572162697
28895,0.9999727111654061
28896,0.9974016911004867
28897,0.6451920670178973
28898,0.9979096795307606
28899,0.9963030327616557
28900,0.9986114841540336
28901,0.9683410973625205
28902,0.9998925994667981
28903,0.9506465410545004
28904,0.9996083460450014
28905,0.9990721639407527
28906,0.9999657596146655
28907,0.9933620396655727
28908,0.9989216892584385
28909,0.9984757123989557
28910,0.9949819896051679
28911,0.9364101496989671
28912,0.9999626061036357
28913,0.9976210569154638
28914,0.9992235187245329
28915,0.9996368905390929
28916,0.9639715138961916
28917,0.9764910662664794
28918,0.9921370548351012
28919,0.9998092225949403
28920,0.7647372568180345
28921,0.9997471523544854
28922,0.996401537764214
28923,0.08496162263558064
28924,0.9931337221208331
28925,0.9993839157386024
28926,0.9999049798406808
28927,0.9997152672335604
28928,0.9999265595935226
28929,0.7473636427419341
28930,0.8956781471464699
28931,0.9993394763629586
28932,0.9900051018351618
28933,0.9999698251700829
28934,0.9977927154779268
28935,0.999923122838748
28936,0.996026804786802
28937,0.9991446673442985
28938,0.9996456356671981
28939,0.9904303902606987
28940,0.9999092839239954
28941,0.99978465474018
28942,0.9794646871758613
28943,0.9720512534131465
28944,0.9973145021771533
28945,0.9522111000760468
28946,0.9536146757222701
28947,0.8468305803764403
28948,0.9999099752431835
28949,0.972692848552016
28950,0.9849167146882115
28951,0.9995570702289136
28952,0.999440579548238
28953,0.9999630927764539
28954,0.9906690834386163
28955,0.9999880391625025
28956,0.9942141630339608
28957,0.9984768314507996
28958,0.9988434967770456
28959,0.8934378442613392
28960,0.9993572948394861
28961,0.9989528270749849
28962,0.9978742999947705
28963,0.9957152627549002
28964,0.9999081132058859
28965,0.9998703015081755
28966,0.9999130291636904
28967,0.9996517874158666
28968,0.9884669030417861
28969,0.8421158594274301
28970,0.9985731638964881
28971,0.9884505519197803
28972,0.9969434326616136
28973,0.8286227150649258
28974,0.9991275945668623
28975,0.9984597850569616
28976,0.9999327418032691
28977,0.9927731536272523
28978,0.999493850223373
28979,0.9977087913172172
28980,0.9793959564548337
28981,0.9919130647281617
28982,0.8876623146438366
28983,0.9989260848024508
28984,0.9982065047911255
28985,0.9956164719192643
28986,0.9999402491069596
28987,0.9754389089441754
28988,0.14076354540506852
28989,0.960028099784593
28990,0.4052718177666595
28991,0.450906500657815
28992,0.9997895143388604
28993,0.9999382783991773
28994,0.9999774400997801
28995,0.9999405756020242
28996,0.9861472546544738
28997,0.9973460196382062
28998,0.9884381046668316
28999,0.9997647381308774
29000,0.9995441823194025
29001,0.9960362260639664
29002,0.9999898211985573
29003,0.9998594559238722
29004,0.9267930032518539
29005,0.8406684305142206
29006,0.9073110127806205
29007,0.9999681875080465
29008,0.9978066586370911
29009,0.6748211909623906
29010,0.9998197573663649
29011,0.9992976266519411
29012,0.999469589002472
29013,0.9983686558767778
29014,0.9557588909346204
29015,0.9860787393432531
29016,0.9996880641435579
29017,0.9723161410676322
29018,0.9997186704975541
29019,0.988870726313565
29020,0.9952147695323573
29021,0.9893559296863561
29022,0.5137041092969157
29023,0.9952252038213394
29024,0.9999595727261489
29025,0.9969554101530098
29026,0.9995747077665028
29027,0.9995559992852343
29028,0.9986084989865973
29029,0.9998605440667627
29030,0.9922315289041341
29031,0.998900064030774
29032,0.9907395350268043
29033,0.9990092163719959
29034,0.9981427372939496
29035,0.9988009366350286
29036,0.9999783530578562
29037,0.9927144826403451
29038,0.9988173705330513
29039,0.9999770479048231
29040,0.9997129538092532
29041,0.9999684125417776
29042,0.9996544108565174
29043,0.9994228175282713
29044,0.9996273604755708
29045,0.9998111251087762
29046,0.9882049808312193
29047,0.9990322373949146
29048,0.9617809382812679
29049,0.9815268876847286
29050,0.9887052158163449
29051,0.9999982438643115
29052,0.9995040794796822
29053,0.9939781379923743
29054,0.9989989162530251
29055,0.9997523949192558
29056,0.999990801004754
29057,0.9999477245881366
29058,0.9995074439373666
29059,0.9992399656062876
29060,0.9993140727434244
29061,0.9273514535275569
29062,0.9982176201055742
29063,0.9993690605511549
29064,0.9999595956594859
29065,0.9999980950021896
29066,0.9998474992017157
29067,0.9944563765741071
29068,0.9989203125830256
29069,0.9997210105172436
29070,0.9832441815739379
29071,0.9999026448125207
29072,0.993120368165391
29073,0.9994421239569022
29074,0.9992828723608844
29075,0.9999734424192017
29076,0.9850241548020618
29077,0.9945242447736069
29078,0.13397460720182366
29079,0.9996334454535366
29080,0.9994625141212586
29081,0.8754672001050433
29082,0.9998258918627956
29083,0.9990313182886693
29084,0.9991431827842963
29085,0.9063320664081728
29086,0.9975699486811721
29087,0.9999275896523193
29088,0.9950749748659073
29089,0.7646556351142589
29090,0.9206371130052154
29091,0.9999992846477003
29092,0.9935243353837078
29093,0.9958775287091316
29094,0.5703801558981544
29095,0.3775996483412007
29096,0.999461235858936
29097,0.9987543502587891
29098,0.9998544720014327
29099,0.9961617228093989
29100,0.999749716690349
29101,0.9992109694770087
29102,0.9919000304351124
29103,0.9980440442946034
29104,0.9998383448526812
29105,0.9999882925106512
29106,0.9992941569865895
29107,0.9997418585051563
29108,0.8314221308650628
29109,0.9972808203835258
29110,0.9990134291442451
29111,0.9981894045441149
29112,0.5017625233482422
29113,0.9970215648523261
29114,0.9982134200703214
29115,0.9999014259024561
29116,0.827432554781412
29117,0.9936528315344461
29118,0.9998941543998431
29119,0.9990443561728417
29120,0.9686017095123914
29121,0.9981671349115189
29122,0.9952884284040328
29123,0.9999643479024246
29124,0.9999418623747014
29125,0.9796259368836416
29126,0.9999715218839724
29127,0.9983823595448396
29128,0.9714784710650478
29129,0.9999263237539011
29130,0.9975752991837313
29131,0.9980820387206523
29132,0.9996005295184702
29133,0.9999889059164649
29134,0.999929000418422
29135,0.9925011665436184
29136,0.9998739206355476
29137,0.9994738240539619
29138,0.9862133955908979
29139,0.968684781769044
29140,0.9997216517479958
29141,0.90812311397824
29142,0.9993792930481874
29143,0.06518469684975874
29144,0.9998729398968424
29145,0.9998418947066527
29146,0.9999575599195393
29147,0.16222424049196427
29148,0.9970078656024224
29149,0.9999535729834184
29150,0.9953849073065277
29151,0.9745955892606476
29152,0.9998215563306462
29153,0.9951061435480543
29154,0.9975889856865136
29155,0.9749572082801874
29156,0.992577920198489
29157,0.9947675242985135
29158,0.9970933844990645
29159,0.9973648628209286
29160,0.9988129600894864
29161,0.9995993319650173
29162,0.9917037112687243
29163,0.9986454703517168
29164,0.9999007514989109
29165,0.9610457256416681
29166,0.999635110011357
29167,0.9989626578455039
29168,0.6212649213502696
29169,0.9543240869498758
29170,0.3879780628869653
29171,0.9999916015393541
29172,0.9982687246820249
29173,0.9999146006059862
29174,0.9949298121836843
29175,0.9999816476104059
29176,0.9998246652250822
29177,0.9997981338437338
29178,0.9689300797272736
29179,0.9909243331106831
29180,0.9993261033779177
29181,0.9997060611978943
29182,0.9993084610100309
29183,0.9913142597103997
29184,0.9968050705980355
29185,0.9999773034096865
29186,0.9999789820321422
29187,0.9572051487924206
29188,0.9998827264013961
29189,0.9365345594164092
29190,0.9999645461267608
29191,0.9987352157203324
29192,0.9862955898485903
29193,0.9867360368506597
29194,0.9995087619876952
29195,0.9975236498495462
29196,0.9999100974157099
29197,0.9979768359023075
29198,0.978386872703916
29199,0.9915008530789243
29200,0.9970050984746696
29201,0.999624873318282
29202,0.9943420244461798
29203,0.9991627903857686
29204,0.9953078209049193
29205,0.9999848795637037
29206,0.40854076992311633
29207,0.9998442265003239
29208,0.9993411268590139
29209,0.9978489961787664
29210,0.9990071430111095
29211,0.9964260873301429
29212,0.9962278481616444
29213,0.9978535002447451
29214,0.9909882003404422
29215,0.9396030017537581
29216,0.7948494841833126
29217,0.9999790191438214
29218,0.9999733021574103
29219,0.9640323819014773
29220,0.9301442607514475
29221,0.9999730334151585
29222,0.9999518398915213
29223,0.9999078462723626
29224,0.9996599384311825
29225,0.9995861031939427
29226,0.9980381263602777
29227,0.9751622700633338
29228,0.9953438415864411
29229,0.9992085927708664
29230,0.9989076994835857
29231,0.9995250274216286
29232,0.9991211437869446
29233,0.9554383049216809
29234,0.8163029756139167
29235,0.9998433647829327
29236,0.9999907150951324
29237,0.9978541531714811
29238,0.8805268747236998
29239,0.9999939346035804
29240,0.9949820594546834
29241,0.9835083291847608
29242,0.9782101677082177
29243,0.9999455512427328
29244,0.9918929663956608
29245,0.9997640409937616
29246,0.9903966661917034
29247,0.9996651666476825
29248,0.9999625713977439
29249,0.999913093523504
29250,0.8105362903318848
29251,0.9880856797374591
29252,0.5738971713709394
29253,0.9986715607927116
29254,0.9994128010526135
29255,0.9996718669980762
29256,0.9985892019981508
29257,0.9986191868187277
29258,0.9681426396596111
29259,0.9999632213561082
29260,0.9811084772665393
29261,0.9997479037306549
29262,0.9978283815099378
29263,0.9956718251623916
29264,0.9852271888330353
29265,0.9987803646906707
29266,0.9956597691842463
29267,0.4319775455177633
29268,0.9833530233778831
29269,0.9999669846319955
29270,0.9974284178698194
29271,0.9999809765022739
29272,0.9613933857202415
29273,0.9989585739968452
29274,0.9991769031161284
29275,0.9988784508338383
29276,0.9863505315911929
29277,0.9978606978997332
29278,0.974051065958001
29279,0.9993493165055956
29280,0.9999209046611065
29281,0.9771920250708492
29282,0.9773674416388108
29283,0.999210517773997
29284,0.913454202378865
29285,0.9980087245483755
29286,0.9999672557889101
29287,0.99995652480645425
29288,0.9995818426288147
29289,0.9947562879388162
29290,0.9437059448387715
29291,0.9999923936866805
29292,0.9870411214731287
29293,0.9954989901567649
29294,0.9986773423664568
29295,0.8983597377489748
29296,0.999062510142616
29297,0.9865832983993359
29298,0.9994092018262593
29299,0.9992124024494019
29300,0.9831714181419332
29301,0.9966936239091354
29302,0.9980343973421238
29303,0.9995024375847837
29304,0.9999912224635136
29305,0.9984644050886672
29306,0.9777861479670807
29307,0.9982320135098626
29308,0.9986733750501421
29309,0.48810208252219406
29310,0.9780497830739033
29311,0.99997412469641
29312,0.9999675440788707
29313,0.9732140461246881
29314,0.9995854622455675
29315,0.9970555729434596
29316,0.972501198429685
29317,0.9979729830377579
29318,0.9985333428226146
29319,0.9993026330581206
29320,0.9993466529829389
29321,0.9948555034533388
29322,0.9972153915504237
29323,0.9997945612118055
29324,0.9871337734526194
29325,0.9996456985527534
29326,0.9999283999248152
29327,0.9996517328371953
29328,0.9997266188746755
29329,0.9875685954340787
29330,0.9998775734943982
29331,0.9992695912956561
29332,0.9999397443857008
29333,0.9999894510971984
29334,0.9564621444155076
29335,0.9999915707490806
29336,0.9819638846816096
29337,0.863349684838933
29338,0.9950692699770103
29339,0.9999673807331401
29340,0.9999745098866524
29341,0.689727201432662
29342,0.9937654931077313
29343,0.7662525168103027
29344,0.9999993977135515
29345,0.9999961715848911
29346,0.9969698545808714
29347,0.9973000046375627
29348,0.9997758005015889
29349,0.999620928994071
29350,0.9999052225292813
29351,0.9945932920656742
29352,0.9913144057199186
29353,0.9998365911313195
29354,0.9988229730234888
29355,0.9996299017104461
29356,0.995498887304554
29357,0.9999788462165934
29358,0.9992856279307852
29359,0.9992536152297639
29360,0.9999940418142639
29361,0.9999981738319524
29362,0.9994778374169475
29363,0.9914941401744765
29364,0.7392887598644823
29365,0.999954998728123
29366,0.9962027585125052
29367,0.9992276791172384
29368,0.998452176256881
29369,0.9977900660191085
29370,0.999930513886702
29371,0.9991131270789418
29372,0.9197499656286324
29373,0.9952347595293597
29374,0.9999757648070101
29375,0.9998128476404771
29376,0.9996644519639862
29377,0.9975434893930314
29378,0.9991820534842569
29379,0.9783999046525871
29380,0.9999854823611118
29381,0.9999404814754268
29382,0.9855266831275606
29383,0.9944602481032381
29384,0.9794289970414768
29385,0.9999311563077959
29386,0.993947077332602
29387,0.9995937411698765
29388,0.9967018775384114
29389,0.9998006401799352
29390,0.9999541367578144
29391,0.9996167801950975
29392,0.9858585018128607
29393,0.9997912620082781
29394,0.998487205360788
29395,0.9996163607057595
29396,0.9999590540061957
29397,0.9999915044689369
29398,0.9995202401081298
29399,0.9980603110934844
29400,0.9995179377808712
29401,0.9992985152791042
29402,0.996928846955396
29403,0.999970666233258
29404,0.9999672209803434
29405,0.9987448306810605
29406,0.9982372391823549
29407,0.9997752720751478
29408,0.9486195813583911
29409,0.9998977853569028
29410,0.972975468707358
29411,0.9999706573326619
29412,0.9998943791965502
29413,0.9783612233463107
29414,0.9262785552155172
29415,0.9997467605468484
29416,0.9993425340978999
29417,0.998652124708259
29418,0.9953292367430372
29419,0.9993237373716229
29420,0.9993236661319097
29421,0.9992447246747107
29422,0.9859347784248401
29423,0.9999848476114892
29424,0.998881459071617
29425,0.9999874845491762
29426,0.9988317647720709
29427,0.9996167179887439
29428,0.9996272038433175
29429,0.5966000083093675
29430,0.9849075475670861
29431,0.9310022060564688
29432,0.4612988214939289
29433,0.9713962034924077
29434,0.9973942896339617
29435,0.9827801972267606
29436,0.9961684878465691
29437,0.6724039083484826
29438,0.999785153980499
29439,0.9998383878130488
29440,0.9999839802587963
29441,0.9790431490327266
29442,0.9975588080126321
29443,0.9999612471043319
29444,0.9852590014815602
29445,0.9980212906539327
29446,0.999263280448815
29447,0.9999237050584975
29448,0.999977108733976
29449,0.9991693738841609
29450,0.9999485636662842
29451,0.9332717536589981
29452,0.9999764287288583
29453,0.998057967008367
29454,0.9999769059143391
29455,0.59505851619611
29456,0.9983339528279529
29457,0.9998637725437808
29458,0.9730438434790333
29459,0.98383622296059
29460,0.9054426123552479
29461,0.9979121538158983
29462,0.9989068278062491
29463,0.9941403138243801
29464,0.9999925156054451
29465,0.9820305960972838
29466,0.9995868911468686
29467,0.9999827877910462
29468,0.9997739856856221
29469,0.9722863625453635
29470,0.9450599056719425
29471,0.9107066218313619
29472,0.9538857886006545
29473,0.9755914455129743
29474,0.9935846939803153
29475,0.9999384232763654
29476,0.9391688064490302
29477,0.9992583813251579
29478,0.991108567413324
29479,0.9982292280759841
29480,0.9998110900605441
29481,0.9901494041476656
29482,0.9991024769545723
29483,0.9999396395772315
29484,0.8803642052355771
29485,0.9982257478213503
29486,0.9896683608613817
29487,0.9993166295594996
29488,0.9998962542566089
29489,0.9999253094054341
29490,0.9879762027285167
29491,0.9998551841632324
29492,0.997158826824279
29493,0.9167481276549572
29494,0.9952665568634814
29495,0.9999629176259349
29496,0.44817221706748567
29497,0.999960780775771
29498,0.9999402599302898
29499,0.9993170163470383
29500,0.9991320685215845
29501,0.9509177038774732
29502,0.9879348034501243
29503,0.974051065958001
29504,0.9999172802143605
29505,0.9965431579669287
29506,0.9996846235080652
29507,0.9871398698986603
29508,0.9996297277228997
29509,0.983899533401777
29510,0.9995434386297245
29511,0.9998968937526941
29512,0.9729065588068488
29513,0.977367551163971
29514,0.9990811623678624
29515,0.9999769393613396
29516,0.9998077193431826
29517,0.99984855664324
29518,0.9998523704805856
29519,0.9999376945195928
29520,0.9999502647935943
29521,0.9998426804895754
29522,0.9999333631768441
29523,0.9924751274010993
29524,0.9981938227266841
29525,0.999802479592307
29526,0.883452040000645
29527,0.5471609778020607
29528,0.9997269298104728
29529,0.9987056257605355
29530,0.9994978986049692
29531,0.877356858083117
29532,0.9994349972004527
29533,0.999940307613776
29534,0.8706173822700003
29535,0.9975685556135385
29536,0.9991841538996448
29537,0.998138541885668
29538,0.9984373635953024
29539,0.9999648768652233
29540,0.9999653758642945
29541,0.9947714619345202
29542,0.9971175695759156
29543,0.9999785810000952
29544,0.9999592170333337
29545,0.9976226209720493
29546,0.99981789342253
29547,0.998456667840569
29548,0.9940981569534817
29549,0.9992909174108462
29550,0.9990349845970754
29551,0.9705858530404322
29552,0.9968540103162206
29553,0.9992274157712883
29554,0.5708477258169772
29555,0.9992276872357376
29556,0.9989652472584639
29557,0.9981082180800425
29558,0.9954460646823431
29559,0.9996104488348324
29560,0.9979766087364983
29561,0.9943162191143744
29562,0.9932753224970133
29563,0.9998105219945473
29564,0.9994348659999047
29565,0.9232584441232521
29566,0.9996201690510835
29567,0.013490657945455614
29568,0.999301938106326
29569,0.9998995300315071
29570,0.9949168009512108
29571,0.9999121200031714
29572,0.9999558663646732
29573,0.999843176620187
29574,0.9999808958776681
29575,0.9853244752009245
29576,0.9987448306810605
29577,0.9999973756980932
29578,0.8241879575098129
29579,0.9988452783774461
29580,0.9999601072332459
29581,0.9919848055376029
29582,0.9873882875438973
29583,0.9988282821693195
29584,0.9988140437064909
29585,0.9999870709683524
29586,0.9525045622349798
29587,0.9748576010904887
29588,0.9912790719872633
29589,0.9735365195701914
29590,0.27895906826740147
29591,0.9998918382405168
29592,0.9466675439751497
29593,0.994927802857129
29594,0.9991794777042592
29595,0.9988220269182865
29596,0.9999329816172667
29597,0.9999508878177301
29598,0.999824229432778
29599,0.9996542628535905
29600,0.9999803783715677
29601,0.9997719600047179
29602,0.9994426693613909
29603,0.9999403159434825
29604,0.9523764178362826
29605,0.9998385138947056
29606,0.9988055282672937
29607,0.9995550917354794
29608,0.9634120497581183
29609,0.999072439538778
29610,0.9924216321614769
29611,0.5564927055852551
29612,0.9852340323068638
29613,0.9988378303230191
29614,0.9999726928015628
29615,0.9992888375266076
29616,0.9999389888731
29617,0.9999351871541519
29618,0.9995065462894128
29619,0.9999743127878131
29620,0.9992657122146235
29621,0.997872551155413
29622,0.9993321407514718
29623,0.5246727115951465
29624,0.9786934079547249
29625,0.9999400994915317
29626,0.9967603616253708
29627,0.9876222326440296
29628,0.999429401062269
29629,0.9780546264302868
29630,0.7747555603948912
29631,0.15704918545391985
29632,0.959791485083954
29633,0.9999751080774967
29634,0.999728207303073
29635,0.9992905524619244
29636,0.9934806814014087
29637,0.9999085226303815
29638,0.9842913202044972
29639,0.9994665502736557
29640,0.9999563679587187
29641,0.9637156641540581
29642,0.9292259087070847
29643,0.9999326360296974
29644,0.9993580379580985
29645,0.9999807771894214
29646,0.9951545721688403
29647,0.9996256144013047
29648,0.9999712930180574
29649,0.99990340601822
29650,0.9999242984812062
29651,0.9996564689518912
29652,0.9995043057765399
29653,0.9995230948895331
29654,0.9996567091243894
29655,0.9843518117684382
29656,0.9888851612577864
29657,0.9998756779178386
29658,0.9999885751542922
29659,0.9996436660704411
29660,0.9750275444239744
29661,0.8857455087372523
29662,0.9949594367704417
29663,0.9998045419678382
29664,0.9402107474977993
29665,0.9999615983389513
29666,0.9999494458670313
29667,0.9971534152033218
29668,0.9999077743107889
29669,0.9993481485972434
29670,0.9994099085096622
29671,0.9994603911248926
29672,0.9935912681086075
29673,0.9998861221788788
29674,0.999985921171586
29675,0.9660840288626572
29676,0.9914947476111032
29677,0.9998327092046231
29678,0.9987481904402641
29679,0.9993673001423982
29680,0.9999935280879994
29681,0.9995740768181958
29682,0.9996125743245426
29683,0.9993344235465623
29684,0.9980400267420693
29685,0.9989508509533448
29686,0.9768752923052089
29687,0.9441354960847732
29688,0.9989275523099692
29689,0.9999397929038827
29690,0.9999863910465635
29691,0.9997869118861135
29692,0.9991653309133077
29693,0.9993966919434054
29694,0.941808618050895
29695,0.9999503845935006
29696,0.987921846406715
29697,0.9929621121804623
29698,0.9877764261976691
29699,0.9984826361448705
29700,0.9995065585048455
29701,0.9998828380626306
29702,0.9982509975564969
29703,0.9999286392631975
29704,0.999929724182539
29705,0.9999641990337927
29706,0.9994994908620315
29707,0.999445722522857
29708,0.9999316848494209
29709,0.9997878983648998
29710,0.9999833394847476
29711,0.9885564694258453
29712,0.9999768299963876
29713,0.714257319078941
29714,0.995465048104869
29715,0.9999829460173448
29716,0.9998993505056261
29717,0.9998963724908206
29718,0.9999714082495899
29719,0.6478525445593095
29720,0.9434027106067202
29721,0.9751622700633338
29722,0.9996115022086133
29723,0.9994929019440719
29724,0.9981824730745014
29725,0.9921876737387473
29726,0.998392515196445
29727,0.9998539623677997
29728,0.9998690860453564
29729,0.9999472878741067
29730,0.999995220059315
29731,0.989974665456602
29732,0.9999189028398401
29733,0.9957330881699926
29734,0.9981658022641587
29735,0.9991714325117543
29736,0.9954751455532528
29737,0.998883407719522
29738,0.9442690737637128
29739,0.9999858819746597
29740,0.9999515721391284
29741,0.9991804999251428
29742,0.9999764288247757
29743,0.9959253876394099
29744,0.9987320821953721
29745,0.9999191257924127
29746,0.9999017411568549
29747,0.9624684670945809
29748,0.9992418742032521
29749,0.9993293291591073
29750,0.9995334783200663
29751,0.9779814316440394
29752,0.997674723369571
29753,0.9734405069633648
29754,0.9997547565728734
29755,0.9994167616042673
29756,0.9993048186374475
29757,0.9988998780489887
29758,0.9989303482108037
29759,0.9982071331412924
29760,0.9928399406123904
29761,0.9990763339169165
29762,0.6670660424804383
29763,0.9998809222726028
29764,0.6434404868416985
29765,0.9954096208698133
29766,0.9998991856166639
29767,0.9977225242516418
29768,0.9995486349010821
29769,0.9999032816537493
29770,0.9446481918481873
29771,0.8841206853210422
29772,0.9991790783057397
29773,0.9997295391245608
29774,0.07644299071125574
29775,0.878600132575779
29776,0.9778596663598675
29777,0.9544218603454235
29778,0.9999926234135034
29779,0.9999389468149565
29780,0.999457999365916
29781,0.9993419014465601
29782,0.9999618551431646
29783,0.9887170242643439
29784,0.9992569287541666
29785,0.9999890894751648
29786,0.9999434572357964
29787,0.9996278495493289
29788,0.9992226054270165
29789,0.9999127600175639
29790,0.9993824899917442
29791,0.9999640607269991
29792,0.9969086161549676
29793,0.9426669570982694
29794,0.99992005709297
29795,0.9997810606003219
29796,0.9974384399165557
29797,0.9716812269912612
29798,0.9996478423422465
29799,0.9697826303380179
29800,0.9942450603339087
29801,0.9950951825269166
29802,0.9988953889568296
29803,0.9471981494973457
29804,0.9932719739527132
29805,0.9999721602027261
29806,0.5548792870298782
29807,0.9870510944641848
29808,0.9921643815600472
29809,0.8997324305538332
29810,0.9992133915992568
29811,0.9825024752695336
29812,0.9998257310496547
29813,0.9999546781284537
29814,0.5380867240012333
29815,0.9999539422960937
29816,0.9998836758886561
29817,0.6608939682590309
29818,0.9888356885081925
29819,0.9898337987702711
29820,0.9967621456658973
29821,0.9185110485519916
29822,0.9994125547944568
29823,0.999185145338338
29824,0.9878551349305866
29825,0.990523662656822
29826,0.8659312036775174
29827,0.9769384923002373
29828,0.9998272535684373
29829,0.8344619392695602
29830,0.9680953343010738
29831,0.9779880076030361
29832,0.9993121179786371
29833,0.9453270493839999
29834,0.9516043855563957
29835,0.999994052226538
29836,0.996838685349772
29837,0.9992799467328666
29838,0.9978372539956456
29839,0.3979060451947627
29840,0.9987044674464295
29841,0.9999864111177915
29842,0.9999888760992293
29843,0.9983673041913705
29844,0.9999708672955273
29845,0.999834195117939
29846,0.9774946806163205
29847,0.9999808626220871
29848,0.9977245880995701
29849,0.8090723791964247
29850,0.9981735101757668
29851,0.9997301547879196
29852,0.9999963638629052
29853,0.9994433712800406
29854,0.998078499138131
29855,0.998880268202394
29856,0.6836929470548925
29857,0.9997204583986952
29858,0.9997086095760336
29859,0.9980571513450304
29860,0.29181643548931613
29861,0.9984584333193616
29862,0.9998510725804034
29863,0.9802999231050693
29864,0.9999582890749511
29865,0.9989627085300485
29866,0.9999300510790265
29867,0.999189471211977
29868,0.9525231723213241
29869,0.9960643585961966
29870,0.9999872531976034
29871,0.9999376357668253
29872,0.9999117113442669
29873,0.959375387895049
29874,0.8517824805809149
29875,0.9987881474916858
29876,0.9969998321112052
29877,0.9681438839131541
29878,0.9997251460359738
29879,0.9999950911260445
29880,0.9966668084998813
29881,0.8814084832984744
29882,0.9999248496075681
29883,0.9981481997320385
29884,0.9999553001984198
29885,0.9969081024956463
29886,0.9971410016660426
29887,0.9946233882394683
29888,0.997783401338395
29889,0.9999868004402095
29890,0.9982286655839938
29891,0.9971207512268887
29892,0.9999020356116356
29893,0.9986616030598034
29894,0.7151293383748764
29895,0.9994947057025909
29896,0.9997746360033767
29897,0.9998292462761657
29898,0.9122997055832394
29899,0.9949278165441722
29900,0.9982744646695821
29901,0.9967332192877131
29902,0.980690283698887
29903,0.9999279465681217
29904,0.9888350580136316
29905,0.9964662498240634
29906,0.9994907952523091
29907,0.9997869938574618
29908,0.9999084580064199
29909,0.9731386242181802
29910,0.9904490914858488
29911,0.9999517638538113
29912,0.9992660614432505
29913,0.9998881249442374
29914,0.9947983619086385
29915,0.9036024609028966
29916,0.9917801293656546
29917,0.9999315296733855
29918,0.9997173907545769
29919,0.999862935057362
29920,0.999793266720004
29921,0.9990036238760136
29922,0.9999565422348754
29923,0.999621259902979
29924,0.9947913705414523
29925,0.999993461475632
29926,0.9999284409851282
29927,0.9892654068024372
29928,0.9381404834899763
29929,0.9999829337528928
29930,0.9999570124338116
29931,0.9953163375312598
29932,0.9857853233644397
29933,0.9619165393585288
29934,0.9972933333221311
29935,0.9996723936631537
29936,0.9577997938325864
29937,0.9969865347248237
29938,0.9998265883560687
29939,0.4750779987185765
29940,0.9990621900809326
29941,0.9983806543286216
29942,0.9944656645751624
29943,0.9975170164642837
29944,0.9612694809795563
29945,0.9965302183536123
29946,0.9987651053393207
29947,0.9934699214349074
29948,0.904603653088505
29949,0.9656634069131155
29950,0.9999689477599653
29951,0.9999829037806625
29952,0.9812209252271186
29953,0.9999539230347352
29954,0.9990057903711429
29955,0.9815075281978861
29956,0.9953957921000796
29957,0.986236502899811
29958,0.7206465385911593
29959,0.9980759269178631
29960,0.9999788462165934
29961,0.9999843233358398
29962,0.7392770122404327
29963,0.9998498566227123
29964,0.9999509341887269
29965,0.998538035066484
29966,0.9996043659570549
29967,0.9998888743083886
29968,0.9366921195190588
29969,0.9991190839853427
29970,0.9983281598353984
29971,0.9998913747069881
29972,0.9715146095904746
29973,0.9999792878290878
29974,0.999995833867814
29975,0.9839516243664402
29976,0.9274309365833608
29977,0.9998282336281347
29978,0.9880154451679155
29979,0.9997888423133073
29980,0.9857149191795876
29981,0.999434002493577
29982,0.9999574502911529
29983,0.9997284662716037
29984,0.9968391032878611
29985,0.9823914241033834
29986,0.9770211793669689
29987,0.9998813235494969
29988,0.9995840253594194
29989,0.9885030674276116
29990,0.9984984589154046
29991,0.9969815033297025
29992,0.9883175289358442
29993,0.9995520896672224
29994,0.9996335525249656
29995,0.9985242116885832
29996,0.912894964175274
29997,0.9996355630662436
29998,0.9882029123975388
29999,0.9993723493447436
30000,0.9999589556053317
30001,0.9992560356552582
30002,0.9994312120339256
30003,0.9994978986049692
30004,0.999894803925208
30005,0.9999572392375731
30006,0.8736135286027157
30007,0.08123503995939729
30008,0.99997965766242225
30009,0.9995715175902158
30010,0.9875576571769227
30011,0.9998441140838767
30012,0.9997088432759316
30013,0.9981345285095026
30014,0.9518798330591314
30015,0.9945284875200334
30016,0.9956859677519081
30017,0.99924172666636
30018,0.9996500495782146
30019,0.7757561528670462
30020,0.9960957465828081
30021,0.9729296775985028
30022,0.9491933656386441
30023,0.6215629948639994
30024,0.9999162900028802
30025,0.9999618962449011
30026,0.979044265448012
30027,0.9999715496619522
30028,0.9998054788649539
30029,0.999094098910762
30030,0.9999718179316152
30031,0.9918808158360019
30032,0.6094399163350114
30033,0.9999556991589512
30034,0.9939159396025093
30035,0.9800468343056008
30036,0.9976761428707963
30037,0.9996148593039923
30038,0.1496218508815003
30039,0.9999579894255066
30040,0.9998138943802086
30041,0.9990107436415702
30042,0.9993737957190099
30043,0.9990598406935359
30044,0.9935288965114856
30045,0.9999473407914882
30046,0.9912532695906345
30047,0.9925387064659318
30048,0.9983158103040286
30049,0.9775838109497997
30050,0.999987842788296
30051,0.9988493236328511
30052,0.9998586051823963
30053,0.9899470707793467
30054,0.998925411536821
30055,0.9709002765558966
30056,0.9957713838859953
30057,0.9995090738966165
30058,0.9999790853926314
30059,0.9987801677962024
30060,0.9994804296729437
30061,0.9967727436754018
30062,0.7786282764556031
30063,0.9992388249940669
30064,0.8474206938749691
30065,0.24306429244041997
30066,0.9979280933488295
30067,0.9936797819130349
30068,0.9971569386238036
30069,0.9991077073328065
30070,0.9999678387442507
30071,0.9900118783590468
30072,0.9993967583117892
30073,0.971840606499613
30074,0.974082634574019
30075,0.9990028422436502
30076,0.9968702341617646
30077,0.9870652319037876
30078,0.9996816922506628
30079,0.9910458886758744
30080,0.9834973997915488
30081,0.9988859991768251
30082,0.9999910027412124
30083,0.9992547922131408
30084,0.8337063196514798
30085,0.6645376317034245
30086,0.9976912339116958
30087,0.9986615408333553
30088,0.9998541867788059
30089,0.9999631027406043
30090,0.9797131477242779
30091,0.9891222539602771
30092,0.9999704269999843
30093,0.06506488495790783
30094,0.9872441726353014
30095,0.9995110326346724
30096,0.9864999508403406
30097,0.9987543502587891
30098,0.9985952083212557
30099,0.8393030199954815
30100,0.9998512447242426
30101,0.9999007514989109
30102,0.9981248656736132
30103,0.9804797609717758
30104,0.9992869674349987
30105,0.9223907317739423
30106,0.9999533137638126
30107,0.9973333517828948
30108,0.9726316089185749
30109,0.9988167111603423
30110,0.9831710655369219
30111,0.9994444679910713
30112,0.9952329600871336
30113,0.9999670057888443
30114,0.9981440522725359
30115,0.9999487534968038
30116,0.9999682375279555
30117,0.9988725248936142
30118,0.9995652655646265
30119,0.9962548079588514
30120,0.9999724006591861
30121,0.9987839593459062
30122,0.7561512006668717
30123,0.9944926639338709
30124,0.9999513976984427
30125,0.9999570414875686
30126,0.9999958132001051
30127,0.9986413236538274
30128,0.9948737542573044
30129,0.9983073488534829
30130,0.9996999961747836
30131,0.9982453863921645
30132,0.999720312018361
30133,0.9993621292234086
30134,0.9999766199051984
30135,0.9999499856917152
30136,0.9965819117532919
30137,0.9979360788680958
30138,0.9489879999671984
30139,0.9978821677375646
30140,0.9989877905239597
30141,0.9874245271498572
30142,0.9999744575168865
30143,0.9994756435975852
30144,0.9999803481583779
30145,0.9999619122625036
30146,0.9501269675138364
30147,0.999540095726172
30148,0.863096900393495
30149,0.6027137721993195
30150,0.999989729879966
30151,0.9989820950337317
30152,0.9998732561232831
30153,0.9999140348717982
30154,0.9996110899023354
30155,0.9958839119051174
30156,0.9999941572194512
30157,0.9999500568863428
30158,0.999223476668769
30159,0.9960587060315803
30160,0.996572039048742
30161,0.9997568519668858
30162,0.9999811407509361
30163,0.9991893261865376
30164,0.9988781274992884
30165,0.9998153683805467
30166,0.9874248523432139
30167,0.9999264340325467
30168,0.9999638364553972
30169,0.9997915409493203
30170,0.9959904122122263
30171,0.9997696554123571
30172,0.9997826407612375
30173,0.9999905418074964
30174,0.9992627868985366
30175,0.999973457195915
30176,0.9986873228093106
30177,0.9993375898329603
30178,0.9996452385442518
30179,0.9969735377484842
30180,0.9943151388433112
30181,0.9999566011840704
30182,0.9999885035529549
30183,0.9804146691475367
30184,0.9978487672252428
30185,0.9923115775353915
30186,0.9971086204680034
30187,0.8904956957524529
30188,0.9950539635189434
30189,0.9994523028753988
30190,0.9985349902779543
30191,0.9940708186780838
30192,0.99802032171649
30193,0.9999125108519702
30194,0.9995896751380062
30195,0.9995470682937994
30196,0.9650451435310003
30197,0.9996008921001525
30198,0.9994645411002924
30199,0.980154521060845
30200,0.9999632624625396
30201,0.9994460922386587
30202,0.9997704300542067
30203,0.9979109669152788
30204,0.999749998354051
30205,0.49210672847034365
30206,0.999558572204663
30207,0.9967555854148656
30208,0.980920395707038
30209,0.9965882765934428
30210,0.999960506566382
30211,0.9982251980909677
30212,0.9993851892394822
30213,0.9983892702464042
30214,0.9932720181734006
30215,0.9758430673427273
30216,0.9985684034234452
30217,0.9987200327344462
30218,0.9989076994835857
30219,0.9847249389159822
30220,0.9989804109879644
30221,0.9999627936087594
30222,0.9860006867375537
30223,0.9884943881166935
30224,0.9757794184669324
30225,0.9995065462894128
30226,0.9999579609440915
30227,0.997033554461427
30228,0.9981689597812807
30229,0.9948756345779042
30230,0.9999621022752697
30231,0.9982853754857861
30232,0.9993232493663483
30233,0.9883857719626783
30234,0.999687924378812
30235,0.8273506477636972
30236,0.9981221212849385
30237,0.9427706999958738
30238,0.9884425895073529
30239,0.9999802010320401
30240,0.9997324958415046
30241,0.9997440911075505
30242,0.9996799414044
30243,0.9994976316583829
30244,0.9638922387412817
30245,0.9901884891848995
30246,0.9999815188089716
30247,0.9997391669483521
30248,0.9994436794776694
30249,0.9999771838923689
30250,0.9996616153171612
30251,0.9556874456869118
30252,0.9996577236999513
30253,0.9900833122769445
30254,0.998758043022558
30255,0.9995164387216583
30256,0.9999602412964697
30257,0.996098799373378
30258,0.9993204186255321
30259,0.9995069907493491
30260,0.9993727460917285
30261,0.9791694037251377
30262,0.9049159697417153
30263,0.9997407699639913
30264,0.9881175335223776
30265,0.999953819784262
30266,0.997903793268595
30267,0.9999800652214197
30268,0.9793936179390828
30269,0.9996624016296134
30270,0.99754424567979
30271,0.9992287018384722
30272,0.9995686691266473
30273,0.9992438440284782
30274,0.9485379768992431
30275,0.9994781312775138
30276,0.999487518254586
30277,0.9953678202700255
30278,0.9999972575471036
30279,0.9996779093415734
30280,0.9555560810391184
30281,0.999086855229258
30282,0.9997262914538619
30283,0.9999605854942777
30284,0.9979236064605282
30285,0.9899049046878958
30286,0.843359435821463
30287,0.9655382560905361
30288,0.9998451789663243
30289,0.2567306062760204
30290,0.9996909182285509
30291,0.49556824736082916
30292,0.8764093574799843
30293,0.9843193945098633
30294,0.9999785947510766
30295,0.9966186475977366
30296,0.9997646940979429
30297,0.999933776214033
30298,0.9884315951263193
30299,0.996608534149661
30300,0.9999625584992732
30301,0.9992667343443156
30302,0.9997848905545225
30303,0.9990119678970316
30304,0.9920428808071752
30305,0.996598890002345
30306,0.34973690446866706
30307,0.9997631814696787
30308,0.9993138093302143
30309,0.9995779597902796
30310,0.9997164847463347
30311,0.9999168219417083
30312,0.6714873808750111
30313,0.992708253339322
30314,0.9945787903718529
30315,0.9998589349561644
30316,0.9998402736921415
30317,0.999993707800969
30318,0.9998909966271129
30319,0.9995588507599554
30320,0.9999774945708054
30321,0.9998757088791231
30322,0.994260481827564
30323,0.9999592687884196
30324,0.9981200248765177
30325,0.9999369081703522
30326,0.9999027276536009
30327,0.9999862104613568
30328,0.8137553678784049
30329,0.9685902726365823
30330,0.9991667163803226
30331,0.9954535940965881
30332,0.9990614311402022
30333,0.999601949415311
30334,0.9889158119140798
30335,0.9903452835640225
30336,0.9823413158685222
30337,0.9992270002111031
30338,0.9994583838487014
30339,0.9999651271914559
30340,0.9794558737397635
30341,0.9992536152297639
30342,0.9994324194580847
30343,0.9998144109199265
30344,0.9899594456308702
30345,0.9992176405574127
30346,0.9998627986246169
30347,0.9999559031804467
30348,0.963044033547086
30349,0.9946471947402511
30350,0.9995811429175523
30351,0.9998579377761272
30352,0.9998647070259022
30353,0.9946318183894063
30354,0.9021318732331808
30355,0.9879260107586972
30356,0.9995422769620569
30357,0.9995204581744668
30358,0.9960277699627622
30359,0.996082271250316
30360,0.9763088577698582
30361,0.9984757629467926
30362,0.9954650165291243
30363,0.2766356832068289
30364,0.9981746675123002
30365,0.9752557595027085
30366,0.98570525641705
30367,0.9883414155875553
30368,0.9997921958255876
30369,0.9996694644580684
30370,0.9699209279863249
30371,0.9391975120098497
30372,0.9984467186344794
30373,0.9989621319077613
30374,0.9492457007440063
30375,0.9999401596439601
30376,0.9656429532190454
30377,0.9999559954880084
30378,0.9539059726342904
30379,0.9997105836126261
30380,0.9974137372195352
30381,0.9985646430125347
30382,0.9999813212150909
30383,0.9996401772482097
30384,0.9915493615673698
30385,0.9998809029080238
30386,0.9768543102379313
30387,0.9275447738344298
30388,0.9996346781684162
30389,0.7326761646729817
30390,0.9989377520436844
30391,0.9993689852594617
30392,0.9882218994340379
30393,0.9998501307557066
30394,0.3606442657848365
30395,0.998374313888092
30396,0.9987061146805919
30397,0.9741904940432443
30398,0.9510327753275226
30399,0.9986037190774446
30400,0.4765991269406422
30401,0.958411555955343
30402,0.9996245256149628
30403,0.9976017237826031
30404,0.9999238987562185
30405,0.9905175976658666
30406,0.9988911467250822
30407,0.9129420703615699
30408,0.9997064192430504
30409,0.9992609028009392
30410,0.9991791051140532
30411,0.9998809208731421
30412,0.9461107575294292
30413,0.997663676564596
30414,0.999817169761753
30415,0.9999371891354045
30416,0.9995662393078685
30417,0.9966479699431054
30418,0.9997966209223106
30419,0.9997383790164838
30420,0.9861680111818183
30421,0.9982471426179272
30422,0.9933777544272874
30423,0.9994424182374577
30424,0.9999916917949072
30425,0.9994600819568324
30426,0.9995980030122303
30427,0.9996188703268694
30428,0.9994208580434113
30429,0.9999772972433474
30430,0.9999006345892846
30431,0.9851186012618219
30432,0.9992427679159329
30433,0.9988397724411059
30434,0.9977695358594983
30435,0.4043234276364856
30436,0.9492835781059352
30437,0.9999877743762883
30438,0.9123387394864934
30439,0.99916648217486
30440,0.9999674743050636
30441,0.9979023157272319
30442,0.6997464771270463
30443,0.9995820241121278
30444,0.999970569114625
30445,0.9999581856743175
30446,0.9997713844394304
30447,0.9997910587671297
30448,0.9958270801361433
30449,0.9999752874258755
30450,0.9999670316793093
30451,0.9999764572484395
30452,0.9881039527235043
30453,0.9999677257243167
30454,0.9427094720797827
30455,0.997585602514511
30456,0.651404970639699
30457,0.9999660054925876
30458,0.9997698639251061
30459,0.9413185123228772
30460,0.9884706332706352
30461,0.9996282559813149
30462,0.9973220697969198
30463,0.9997476057159733
30464,0.9999583965416132
30465,0.9982912209327519
30466,0.9993198223950235
30467,0.9999206905276884
30468,0.980157280011523
30469,0.999393963307931
30470,0.9990000618115125
30471,0.9995436227768801
30472,0.9774985861341823
30473,0.9927923143481007
30474,0.9981644278611016
30475,0.9807785613369924
30476,0.9986573002890353
30477,0.9996212914229116
30478,0.999988667734663
30479,0.999871263970825
30480,0.9999015938706455
30481,0.998857162312154
30482,0.9993245424300975
30483,0.9983594123979583
30484,0.9999758859757091
30485,0.9979505741102349
30486,0.9565535371380731
30487,0.9992836928919345
30488,0.9997518053723399
30489,0.9121510542635753
30490,0.9993266162793494
30491,0.9982665550604604
30492,0.03632091206581317
30493,0.9999806136267031
30494,0.9997036666017957
30495,0.9189385619011569
30496,0.9999633692979183
30497,0.3517709956851398
30498,0.9996818773394827
30499,0.9987958890602235
30500,0.9959585492837668
30501,0.9999631689941746
30502,0.9988753727552748
30503,0.9997081211992674
30504,0.9994004492755635
30505,0.9996468787860018
30506,0.999420602851889
30507,0.8094860769618267
30508,0.9995549589558023
30509,0.9998036063173243
30510,0.9999161731750426
30511,0.9995694220923184
30512,0.9993943415176872
30513,0.999963603164951
30514,0.9349218416276303
30515,0.9973812101876134
30516,0.9998415282985602
30517,0.9939962775888976
30518,0.9999569011336499
30519,0.8421460619712791
30520,0.9926529825971433
30521,0.998646040035362
30522,0.9997969505864595
30523,0.9998775257872589
30524,0.9999907564083815
30525,0.29590847468336434
30526,0.9415220465965961
30527,0.9926405435939362
30528,0.9995144749952156
30529,0.9993258272207984
30530,0.9987960040599089
30531,0.9433237995626362
30532,0.9990585299511701
30533,0.47136471407235836
30534,0.9927654345233085
30535,0.9999798440747688
30536,0.9999601810932797
30537,0.9552013323087902
30538,0.9999797830637754
30539,0.9999249729863322
30540,0.999850475164775
30541,0.9994109934483351
30542,0.9963279980806768
30543,0.9997683242107163
30544,0.9995396843446691
30545,0.9989511191445823
30546,0.9984912022922364
30547,0.5273346053772471
30548,0.9999857446341673
30549,0.998825071998005
30550,0.999775081291233
30551,0.9933471946430896
30552,0.9997095723380479
30553,0.9998778178887234
30554,0.9997102222823624
30555,0.9937680897071197
30556,0.9998333192966925
30557,0.9990164281386135
30558,0.9989138069958046
30559,0.9997425102557654
30560,0.9927214410345363
30561,0.9192273214752119
30562,0.999747553678404
30563,0.998168103450857
30564,0.9998398724422882
30565,0.9612850603310966
30566,0.9970203852594413
30567,0.9773359949591927
30568,0.9999811248225748
30569,0.9995673717418584
30570,0.9996589611950197
30571,0.9990196505745459
30572,0.9999910520827829
30573,0.9999758774594767
30574,0.9999483460211911
30575,0.9986892826528954
30576,0.9961103779266578
30577,0.1259863561535281
30578,0.994007571238374
30579,0.999981871781394
30580,0.9544097005142809
30581,0.9964799040211201
30582,0.9964039696453952
30583,0.9888910528540092
30584,0.9999756717089185
30585,0.99406481974909
30586,0.9996651666476825
30587,0.9999695542458812
30588,0.9999852604183936
30589,0.972441251660565
30590,0.999990589121914
30591,0.9999820608802105
30592,0.9999201985067744
30593,0.917684076215104
30594,0.6525210795765092
30595,0.9998350573925971
30596,0.9996789269840289
30597,0.9978630635632669
30598,0.995275344306292
30599,0.9999545241204939
30600,0.9989929377705088
30601,0.9998029214034826
30602,0.5036683533905818
30603,0.9997768440753277
30604,0.9996606141931048
30605,0.9999847593732075
30606,0.9999950521644466
30607,0.9731434494030107
30608,0.9996514464364762
30609,0.9999749572794381
30610,0.9989145995348312
30611,0.9993052843756455
30612,0.9999669355450009
30613,0.9918498706349868
30614,0.998486694132207
30615,0.9999618953235917
30616,0.9971763213623255
30617,0.9999643497294239
30618,0.9743553008871274
30619,0.9944512563484212
30620,0.9995264202241089
30621,0.9981380002102656
30622,0.9950614584837347
30623,0.9660609404532868
30624,0.9999896157577813
30625,0.9833492446931266
30626,0.437293063845947
30627,0.6344439629353488
30628,0.9950226351920177
30629,0.9955815850203955
30630,0.9999521196917951
30631,0.9999234981388555
30632,0.9997794912231445
30633,0.9302502985947094
30634,0.9985966541964229
30635,0.9117961810877437
30636,0.999064465493172
30637,0.9994541355607399
30638,0.9935029784045243
30639,0.9854768021421147
30640,0.9999761781219068
30641,0.9999669212637385
30642,0.9751935688819683
30643,0.8005262123401483
30644,0.9565572957719961
30645,0.9523132195213136
30646,0.9999505137116153
30647,0.5646364631323739
30648,0.9993750803962023
30649,0.8802233451334603
30650,0.9843703483330777
30651,0.9647256572006389
30652,0.9993596472845766
30653,0.9992869674349987
30654,0.999965768154951
30655,0.998832808083302
30656,0.9996101241276902
30657,0.9999976962446046
30658,0.9995523682641517
30659,0.9994353942952885
30660,0.9998966591507563
30661,0.9999779422556971
30662,0.9974883278609107
30663,0.9395769121969041
30664,0.9995151634426178
30665,0.41908141092109347
30666,0.9999247490711592
30667,0.9999564347745448
30668,0.2158756085689532
30669,0.9948911028133014
30670,0.999966563191489
30671,0.9999374693819056
30672,0.9992872136853674
30673,0.9999622361110807
30674,0.996030657390204
30675,0.9999671185015199
30676,0.9923922227642779
30677,0.9999155540778722
30678,0.9943585985093591
30679,0.9982665550604604
30680,0.9997272819617369
30681,0.9999817307400437
30682,0.9995082053398135
30683,0.9990911695000326
30684,0.9887045426055472
30685,0.993448434328092
30686,0.9918497522169715
30687,0.9999592517245571
30688,0.8978194104105558
30689,0.9999979411107128
30690,0.9998209198876915
30691,0.9997529490178196
30692,0.9990685402691982
30693,0.9999533962467113
30694,0.99992924685853
30695,0.9998995228960883
30696,0.9999331136191655
30697,0.9947020064819301
30698,0.8752645284531843
30699,0.9985446296412335
30700,0.9993199948247009
30701,0.9996045697707364
30702,0.9552390659102461
30703,0.8900767979765309
30704,0.9997160888440672
30705,0.9966202167008644
30706,0.9982639520241272
30707,0.9967040003166495
30708,0.9993511534416252
30709,0.8634411120097786
30710,0.8565424532773833
30711,0.7065162553777807
30712,0.9988869545254894
30713,0.9991812678498501
30714,0.7481875804956077
30715,0.9999775164574463
30716,0.9960110677631148
30717,0.9999190932833433
30718,0.9991095846235679
30719,0.9993835286998282
30720,0.9506375289575819
30721,0.9975599039965005
30722,0.9788578716590689
30723,0.9868035824098895
30724,0.9868003697150641
30725,0.9972583987981045
30726,0.9998310633866357
30727,0.9991917337049274
30728,0.985356895004353
30729,0.9962714833666386
30730,0.9996145913438402
30731,0.985008282568281
30732,0.9999408770531799
30733,0.9993733832044566
30734,0.9997477152805109
30735,0.9977989621645481
30736,0.6612664227372866
30737,0.9990884476169223
30738,0.9993671954668621
30739,0.9981579458795813
30740,0.9998732560966732
30741,0.9976526642191275
30742,0.9996405500500785
30743,0.9999584434516401
30744,0.9999194522606718
30745,0.9929392814734197
30746,0.9982978161496963
30747,0.9999814297015313
30748,0.9995106404125411
30749,0.9989245832582192
30750,0.9999909433498527
30751,0.9867587273848281
30752,0.9995552340730405
30753,0.9994162022727905
30754,0.9921835575985123
30755,0.9986041576327104
30756,0.9840574822862925
30757,0.9998595907490779
30758,0.9994924611360678
30759,0.8770463719503676
30760,0.9153901869395423
30761,0.7426783686666666
30762,0.9987543248640609
30763,0.9854316493377346
30764,0.9944076172724933
30765,0.8596879068938698
30766,0.9999689938331001
30767,0.9995896290714461
30768,0.9988826786126678
30769,0.9991577800816795
30770,0.999515045263675
30771,0.37400224631664375
30772,0.9989648966256527
30773,0.9993170656182374
30774,0.997199546838037
30775,0.999747137609971
30776,0.949296560528747
30777,0.9916073200002378
30778,0.9998558733939563
30779,0.9999819660273546
30780,0.9999689475507381
30781,0.9980743941911138
30782,0.999868687659964
30783,0.9999016882460252
30784,0.9994840499259305
30785,0.999837493811483
30786,0.9931911997190895
30787,0.9998274166664293
30788,0.999199133702767
30789,0.999998634624576
30790,0.9980272959824634
30791,0.9965772838852883
30792,0.9995709233381748
30793,0.9997650652555656
30794,0.9986224479739961
30795,0.9969847300754642
30796,0.9976877040725979
30797,0.48156580329983073
30798,0.999981496893518
30799,0.999954489143569
30800,0.9997383951921366
30801,0.9997254282703794
30802,0.9999865293106988
30803,0.9862966466244629
30804,0.9999543686518431
30805,0.95397311290399045
30806,0.9987068499724763
30807,0.9995935102532069
30808,0.9999922010047235
30809,0.9998821616240259
30810,0.9999814381043186
30811,0.9858054614381253
30812,0.8707708237337545
30813,0.977538784418662
30814,0.9994148313834759
30815,0.9983159003008485
30816,0.9155223806684785
30817,0.06518469684975871
30818,0.9994142302051819
30819,0.9998556374991868
30820,0.9999674407076107
30821,0.999967858555802
30822,0.4879317381430878
30823,0.999995946299508
30824,0.9994586469135971
30825,0.9288966177484816
30826,0.9946573654568457
30827,0.9999942531757188
30828,0.7483493166304268
30829,0.9904855827250982
30830,0.9999184423507056
30831,0.9647256572006389
30832,0.9994149165236209
30833,0.9993431422395754
30834,0.9999554018070513
30835,0.28221132140025046
30836,0.9990632569211614
30837,0.9999895411001026
30838,0.9936950390141952
30839,0.9970100353186044
30840,0.9999899972527303
30841,0.9936969170374423
30842,0.9987296794044306
30843,0.9995316826696368
30844,0.9892646367856569
30845,0.9976850805782104
30846,0.9990810226808294
30847,0.9863945811483249
30848,0.9967880941237319
30849,0.9478111065719691
30850,0.9987792064044294
30851,0.9997662798650633
30852,0.9996098316117634
30853,0.9998385233205743
30854,0.9979202467297401
30855,0.9999661161657143
30856,0.9998358939780198
30857,0.9985210767610536
30858,0.9999801115322735
30859,0.9999530893575983
30860,0.9807250365351332
30861,0.9996240170936697
30862,0.9999488595621336
30863,0.9798561967929159
30864,0.9597258888792015
30865,0.09877070305131312
30866,0.999886917008031
30867,0.9993985008049313
30868,0.9997402297123269
30869,0.999951104408782
30870,0.9997552054750897
30871,0.9930963022236108
30872,0.9052355113561829
30873,0.9985966997587338
30874,0.9996725398335513
30875,0.999794760358805
30876,0.9999772208121376
30877,0.9999013721591655
30878,0.999354508041615
30879,0.9987957587438248
30880,0.9988992347573759
30881,0.9779464285821268
30882,0.9976851855746306
30883,0.9885436776101411
30884,0.9996802293838981
30885,0.9997921795373025
30886,0.9999472293674699
30887,0.9971929104465633
30888,0.9801373433259631
30889,0.9788173036887542
30890,0.9356065848551135
30891,0.9973681134521548
30892,0.9995896862115741
30893,0.9885935013585652
30894,0.9996755417794272
30895,0.9978617040836958
30896,0.9999898007506105
30897,0.99576412530872
30898,0.9676046140447693
30899,0.9996139058142095
30900,0.961109286744613
30901,0.9998869115725743
30902,0.971293192149003
30903,0.7711819939868769
30904,0.9986679575768467
30905,0.9978063842664721
30906,0.9995191853241049
30907,0.8557920038013265
30908,0.9992641856867845
30909,0.9944728050810135
30910,0.9999223679623926
30911,0.9993574407751675
30912,0.9980324460977849
30913,0.9996226008572192
30914,0.99964047315088
30915,0.9999633686893715
30916,0.9768924751068989
30917,0.5207897165747961
30918,0.9973851748993311
30919,0.9999679726991177
30920,0.9881567215877514
30921,0.11786070861572617
30922,0.9962198113932393
30923,0.9998497608045617
30924,0.9640970313701683
30925,0.9984115515808507
30926,0.10090096466520279
30927,0.8090723791964247
30928,0.9851247130601793
30929,0.9980304483387271
30930,0.03995692065504711
30931,0.9998766844440513
30932,0.0386131231380582
30933,0.9998691193830341
30934,0.9941744599354414
30935,0.9515168683206767
30936,0.980757936219271
30937,0.9999467207867323
30938,0.9993639376064177
30939,0.9139384202740795
30940,0.9999742112131194
30941,0.9367989243564497
30942,0.9999927505098218
30943,0.9945545513689893
30944,0.980130762837764
30945,0.999984057918442
30946,0.8427609267858618
30947,0.9997692866231113
30948,0.9952042418344864
30949,0.9999969855821527
30950,0.9922683135927781
30951,0.9994754538087545
30952,0.9997691267701635
30953,0.9728773191747969
30954,0.999963425103674
30955,0.897496698823507
30956,0.9967670637153662
30957,0.8399201313639296
30958,0.9961724980292104
30959,0.9998240488013526
30960,0.9984586825895502
30961,0.9999864284238255
30962,0.8032174791152903
30963,0.997551397039813
30964,0.9999380273182207
30965,0.999710217329267
30966,0.9996848467429758
30967,0.9996392282547125
30968,0.998307313432407
30969,0.9964327708656722
30970,0.9946568298388793
30971,0.9999737403336902
30972,0.8763837163695585
30973,0.999941216300797
30974,0.9990275965145999
30975,0.99929450591914315
30976,0.999965671389388
30977,0.9950150249123606
30978,0.9974767796251012
30979,0.9999968736041127
30980,0.9859366217106607
30981,0.9947557106017566
30982,0.9915778681842985
30983,0.9976622994148988
30984,0.7930101455354558
30985,0.9996436160685737
30986,0.998813669454295
30987,0.9998172223309932
30988,0.9845638932228785
30989,0.9999401367596163
30990,0.9903294619043561
30991,0.9999228057312041
30992,0.9997507547380684
30993,0.9999572461572996
30994,0.9995271168088926
30995,0.9974805593811609
30996,0.9841739328494534
30997,0.9982303085634504
30998,0.9995372799915889
30999,0.9994716042840841
31000,0.999969743184628
31001,0.9998377499072352
31002,0.9999163282783493
31003,0.9700551785255705
31004,0.398254452217832
31005,0.9724676066545824
31006,0.962140659576965
31007,0.999696289853982
31008,0.9999910622415097
31009,0.9999012203121768
31010,0.9999872680961334
31011,0.6820279869630093
31012,0.9987481904402641
31013,0.9999722721044852
31014,0.9999809143181471
31015,0.9997747709150903
31016,0.9998343459278464
31017,0.9928541611998386
31018,0.9886145161721889
31019,0.9942655179640408
31020,0.9892846633683916
31021,0.9955466043013931
31022,0.9998963486196314
31023,0.9999659058099432
31024,0.99865518824072
31025,0.9999670902408343
31026,0.99906584436794
31027,0.9983048903532232
31028,0.8690786640085889
31029,0.9994426073468977
31030,0.9999627781091395
31031,0.9891996597882536
31032,0.9985695451721605
31033,0.9978683898288243
31034,0.9887813577247505
31035,0.9999797841175787
31036,0.9994798994463393
31037,0.9914411438736138
31038,0.3173814313435648
31039,0.9828814292699709
31040,0.9988175574557524
31041,0.9906501734915506
31042,0.9981422675540549
31043,0.13313239603333157
31044,0.8944711220878424
31045,0.9726135971389537
31046,0.999894470049306
31047,0.9231594730296653
31048,0.44870295395197174
31049,0.9861742650905844
31050,0.9865527652224149
31051,0.9997271924767903
31052,0.7780672456411026
31053,0.9713071814430574
31054,0.9999690706353846
31055,0.8664233979797697
31056,0.8460210965982186
31057,0.5867408220689913
31058,0.9998357585662508
31059,0.8408828561432596
31060,0.999923174570869
31061,0.8794873619930511
31062,0.9995763521626052
31063,0.9982348297898267
31064,0.9994291771813038
31065,0.9998602933554099
31066,0.9700457336068496
31067,0.9998473720484644
31068,0.9995994371688436
31069,0.9974070908761792
31070,0.9991830574600868
31071,0.991752101873218
31072,0.9331661413228619
31073,0.9983130236145786
31074,0.9953797083691236
31075,0.9983465064949362
31076,0.9999469406419148
31077,0.32788728531842726
31078,0.9999749963389104
31079,0.9986150172465299
31080,0.9877202802788455
31081,0.9353885348013999
31082,0.9778431491025779
31083,0.9988115210219224
31084,0.9985112741370331
31085,0.9999387113289507
31086,0.9999924046084877
31087,0.9992527861426369
31088,0.9962563042082412
31089,0.9999258472996568
31090,0.9994362651718098
31091,0.9997155233349236
31092,0.998117249797803
31093,0.9991709388165438
31094,0.9998489526324256
31095,0.9995300027376377
31096,0.999820499333184
31097,0.8894738619698547
31098,0.5694491823379421
31099,0.9912307104499523
31100,0.9999486607661251
31101,0.5077409383778803
31102,0.9999809663130738
31103,0.9817168311632344
31104,0.9991768041177388
31105,0.9988812160920121
31106,0.9984993857944748
31107,0.998799518569325
31108,0.9947888890239466
31109,0.9999476036391303
31110,0.9999699381892907
31111,0.9851652320894679
31112,0.998947447578737
31113,0.9999799285093128
31114,0.9999157932300344
31115,0.9999983978781372
31116,0.9737497630981881
31117,0.9533123215086748
31118,0.9999596596271324
31119,0.9903430638053641
31120,0.9997546683092808
31121,0.9990025232975394
31122,0.999966991529723
31123,0.9999513746595715
31124,0.9997519903358091
31125,0.9800768333215072
31126,0.9689520716320243
31127,0.9998992513785495
31128,0.9924554654049762
31129,0.9993024484622892
31130,0.9997329418166762
31131,0.999954115641281
31132,0.9996841529039547
31133,0.948325441166849
31134,0.9999444500904577
31135,0.9999473181608673
31136,0.9990452249012897
31137,0.992472101621104
31138,0.978875475332169
31139,0.9714925335506694
31140,0.24522866551735772
31141,0.9999729389939437
31142,0.9998493703333999
31143,0.9478150254707178
31144,0.9995651624008016
31145,0.969022046219214
31146,0.9999332370154095
31147,0.9860578769841745
31148,0.9209381879628681
31149,0.99996404004533
31150,0.9992259612276763
31151,0.9997900086883558
31152,0.965079861718164
31153,0.9995468796513934
31154,0.9997004895816995
31155,0.9901777085647389
31156,0.9334921624429351
31157,0.9988998780489887
31158,0.9994613611313916
31159,0.9999865595554149
31160,0.9999631924067164
31161,0.9999845480633482
31162,0.998699183822036
31163,0.9986053783975591
31164,0.9945409666057229
31165,0.9681522002061781
31166,0.9995694168191122
31167,0.99977492395358325
31168,0.9999699783928641
31169,0.8799110330693602
31170,0.9622944621130796
31171,0.9923248807474369
31172,0.9964165898768936
31173,0.9800918191881429
31174,0.9999745445796434
31175,0.999885726950447
31176,0.6719260077285752
31177,0.9999530626846007
31178,0.9995892233986647
31179,0.9940188775561472
31180,0.9535256191380707
31181,0.9904435226845812
31182,0.9999784984686246
31183,0.9999703631878025
31184,0.9999018644241059
31185,0.9998035733015944
31186,0.9503693804828773
31187,0.9977913931982424
31188,0.9219848536702068
31189,0.9619722409470864
31190,0.998107972745428
31191,0.9690458658357842
31192,0.9983414458399388
31193,0.9998038182570362
31194,0.9999927580005068
31195,0.7926461126881246
31196,0.9898098050197754
31197,0.999930584311829
31198,0.9999731046660346
31199,0.9995106752410785
31200,0.999238461139345
31201,0.9999363685415703
31202,0.999199755685481
31203,0.9980168128625907
31204,0.9987344700889838
31205,0.9999081840804933
31206,0.995511125883871
31207,0.5974939346391459
31208,0.9997256416693538
31209,0.9890745552087435
31210,0.9986659635111181
31211,0.9999714520570163
31212,0.9998691082088312
31213,0.998577711231906
31214,0.9754255950531204
31215,0.9999920139093496
31216,0.5735886403159836
31217,0.9992887220702614
31218,0.9527295514593671
31219,0.9997184204252837
31220,0.11803391337280436
31221,0.9999712800810565
31222,0.999976834016496
31223,0.9999662320192774
31224,0.16161809596815638
31225,0.9999704176320428
31226,0.9996449916859026
31227,0.9995851428042356
31228,0.964420771943967
31229,0.9851384487318972
31230,0.9997677870025857
31231,0.9574472802202714
31232,0.9999819518008359
31233,0.9999788391023978
31234,0.9999888647404649
31235,0.9996461482223679
31236,0.9879862342744845
31237,0.9852129439969506
31238,0.999951606018462
31239,0.98858782351024
31240,0.9993320593618297
31241,0.9999088142132061
31242,0.997852210935348
31243,0.9882137706848226
31244,0.9994281098932465
31245,0.9998398470240317
31246,0.9986955806699712
31247,0.9999204044739689
31248,0.9997558095627754
31249,0.9999488979929985
31250,0.9912632983576317
31251,0.9999563268217744
31252,0.9899486214931411
31253,0.9999610620962309
31254,0.9993648240137464
31255,0.9757326275839396
31256,0.9999462319374822
31257,0.9999470682799522
31258,0.9996431222573023
31259,0.9969563241605609
31260,0.9573195271416598
31261,0.9999843192860093
31262,0.999728630675164
31263,0.9993139365083562
31264,0.9871657420203591
31265,0.9999871804283056
31266,0.9998248645004064
31267,0.999980951339097
31268,0.9957577837432295
31269,0.9820009334584762
31270,0.8949964561510492
31271,0.99553996028674685
31272,0.9993196936969038
31273,0.9963590088676662
31274,0.9998337428970678
31275,0.9999775059812569
31276,0.9997986296151236
31277,0.9725737665669414
31278,0.9997936569642385
31279,0.9951973473739422
31280,0.9901226093232544
31281,0.9986992420578102
31282,0.9624043033251702
31283,0.9996199210259098
31284,0.99968982563777
31285,0.9845975152946325
31286,0.9989656304669676
31287,0.9797792723874118
31288,0.9941014872630133
31289,0.9811542401718968
31290,0.9975084412719606
31291,0.9994989090145069
31292,0.999974771288813
31293,0.9991356264109255
31294,0.9999875210981254
31295,0.9580171691605649
31296,0.9939055923112882
31297,0.9996217590347393
31298,0.9888462799295086
31299,0.9990700908187619
31300,0.9413363066515662
31301,0.9996272952702459
31302,0.9999414382105022
31303,0.9969531366790626
31304,0.992511184416197
31305,0.9994308663091845
31306,0.9996277702111231
31307,0.8106422223552351
31308,0.9942516656602246
31309,0.9998320469079908
31310,0.9999591462983856
31311,0.9997685104132599
31312,0.9999877827100069
31313,0.9999611714718006
31314,0.9967072715765549
31315,0.26616648377184365
31316,0.9995027183121833
31317,0.9998125750353822
31318,0.9975049505934448
31319,0.9649963006179743
31320,0.9898741378116258
31321,0.996272064370881
31322,0.9984949692514186
31323,0.9999214439965366
31324,0.9981951600038041
31325,0.9994133531824286
31326,0.9999331383739015
31327,0.9911015223227612
31328,0.9999121298860223
31329,0.99983154667638
31330,0.9994981569740305
31331,0.852118788626043
31332,0.8922178041180505
31333,0.9999561500024289
31334,0.999456742889114
31335,0.9868228733177815
31336,0.9894096834467592
31337,0.9996887527823329
31338,0.997544054616858
31339,0.7442825521024966
31340,0.9986374498562236
31341,0.9993345148504794
31342,0.9809307164771964
31343,0.9992908083886478
31344,0.9998450719983931
31345,0.9999825609619483
31346,0.9998164967354752
31347,0.9990622509497427
31348,0.9999591181234329
31349,0.9999763240570944
31350,0.9976715906555249
31351,0.9991386127197943
31352,0.9999651611366628
31353,0.9954310356676934
31354,0.9987023432808014
31355,0.9990410695912308
31356,0.9994136693086298
31357,0.9999171551009558
31358,0.9999854205114649
31359,0.9999856025245529
31360,0.9994108025789428
31361,0.9997705458881357
31362,0.999959366674449
31363,0.9925406072089369
31364,0.98674676158909
31365,0.9943677313875068
31366,0.9979712016139407
31367,0.8634194130924245
31368,0.9895643552633925
31369,0.9997255532534832
31370,0.997537481853138
31371,0.9784403971860048
31372,0.9998737546836822
31373,0.9998665405187017
31374,0.9346314442351397
31375,0.9999837643206961
31376,0.9999993492578454
31377,0.9976151750766468
31378,0.998646383196719
31379,0.9999993167519207
31380,0.9048913281004771
31381,0.998090843803306
31382,0.9999642379017478
31383,0.6619760029724453
31384,0.6753365536109214
31385,0.9987888037043285
31386,0.9899832160897388
31387,0.7175167465607883
31388,0.9998118942281782
31389,0.9996115814361728
31390,0.9999844216201782
31391,0.9992076345952857
31392,0.9376834446183258
31393,0.9998086720822348
31394,0.9998831381911462
31395,0.999967847293299
31396,0.9792221668734749
31397,0.985167113402857
31398,0.9713353051075043
31399,0.7775818527653404
31400,0.9983487061156089
31401,0.9993974513978426
31402,0.904835694106742
31403,0.9993811263054436
31404,0.99996596543481
31405,0.9998750819831291
31406,0.9999966833647443
31407,0.9986897762158685
31408,0.883460467198865
31409,0.9992532523364535
31410,0.9998382746514544
31411,0.999664460742962
31412,0.9990044593542953
31413,0.9999327313610087
31414,0.6566680825086672
31415,0.9997401755769983
31416,0.9979474492525545
31417,0.99921793810335
31418,0.9841466083273063
31419,0.9999593918006219
31420,0.9994332898048338
31421,0.9999776633842858
31422,0.9997576167606885
31423,0.9998164295446486
31424,0.9998788511013479
31425,0.9997239902612847
31426,0.9999473997754422
31427,0.9804151043226671
31428,0.9993873355301979
31429,0.997646368712707
31430,0.9999514700286161
31431,0.999992987265829
31432,0.9998561052388875
31433,0.9994476329104427
31434,0.9994775891088116
31435,0.9225461122310397
31436,0.9940677699128254
31437,0.9999856392978023
31438,0.5737394976635576
31439,0.9997917909889616
31440,0.9921993620089571
31441,0.9995216691531229
31442,0.9998606501355622
31443,0.9999610401848344
31444,0.9976213326362903
31445,0.9999739641317138
31446,0.9908175920590089
31447,0.9998971710017073
31448,0.9992536330070156
31449,0.9993224078408054
31450,0.9996911690898634
31451,0.9999727621875473
31452,0.9998958829182683
31453,0.999058497768416
31454,0.9999715038691508
31455,0.3745236268019791
31456,0.9998636311681448
31457,0.96856554195756694
31458,0.9999931791983183
31459,0.9999648715842663
31460,0.9990463996027056
31461,0.9987450591549754
31462,0.9982033843530942
31463,0.9987981203357723
31464,0.3431325350715257
31465,0.9856385489895635
31466,0.9932378983963861
31467,0.9996623589917688
31468,0.9929993176073884
31469,0.9755883081939638
31470,0.9999816848105649
31471,0.9992087910350755
31472,0.7275320297737929
31473,0.9731617537508345
31474,0.9972269617729693
31475,0.9981666763875056
31476,0.9974963273088959
31477,0.9993902159039201
31478,0.9830103060105918
31479,0.9998157111207259
31480,0.9976525345033554
31481,0.998674736176267
31482,0.9988578436936034
31483,0.9960681620204853
31484,0.9298815877636426
31485,0.9991896945930597
31486,0.9920842539154674
31487,0.858335761924421
31488,0.999909791135581
31489,0.9984062934778272
31490,0.9851638927722632
31491,0.9998720754375165
31492,0.9995886675325861
31493,0.9995125333136204
31494,0.4364844783931634
31495,0.999932391880437
31496,0.9926157262675104
31497,0.9998652581736703
31498,0.9422561285491651
31499,0.9993818946154106
31500,0.9993434202957502
31501,0.9998862915744938
31502,0.9965323648411243
31503,0.9997915409493203
31504,0.9228144525347185
31505,0.999448951915444
31506,0.9998158073507082
31507,0.9997063114893072
31508,0.9944584345373617
31509,0.9990859580052005
31510,0.13266605434138082
31511,0.9997462704310489
31512,0.9996494568390614
31513,0.9999360884925322
31514,0.8441283364213162
31515,0.999935429585929
31516,0.9989712545559384
31517,0.999152290358474
31518,0.6233246885311488
31519,0.9990558883351393
31520,0.8624281211102142
31521,0.9994712468555434
31522,0.9997432372286411
31523,0.3530501593291833
31524,0.9999844423149753
31525,0.9980288808048774
31526,0.9435587709429104
31527,0.9995515675830692
31528,0.9999600017034119
31529,0.9975148660849089
31530,0.9501988091996335
31531,0.9997865948993707
31532,0.9999049943707484
31533,0.9996387491532386
31534,0.9580728910412485
31535,0.9972699405933801
31536,0.9851167311581227
31537,0.9967845452318818
31538,0.9998561726230182
31539,0.9955385717028613
31540,0.9999967783372036
31541,0.9999273113995847
31542,0.9991875681632792
31543,0.9989216907112465
31544,0.961803714078983
31545,0.9988457384992462
31546,0.9996895190379151
31547,0.8627314445139672
31548,0.8666397586124814
31549,0.9994515762546108
31550,0.9986394108875022
31551,0.9999804995491618
31552,0.9998276051430159
31553,0.9999537856609589
31554,0.9975300883567132
31555,0.9997155870595004
31556,0.9979819134640323
31557,0.9990694716011734
31558,0.9999880706143474
31559,0.9999100421594919
31560,0.9793954989131123
31561,0.9734102308025361
31562,0.9992965373321355
31563,0.9967831538085705
31564,0.9990523509357906
31565,0.9993839479768939
31566,0.9997567821805078
31567,0.9956545701124124
31568,0.7529451073291911
31569,0.9996655923998577
31570,0.99983608435753335
31571,0.9965963541839911
31572,0.9660749357657686
31573,0.99991950628431
31574,0.9032851884984222
31575,0.9923281181113222
31576,0.9962257927656366
31577,0.9923329508608416
31578,0.9994997667185376
31579,0.9993709272491598
31580,0.9951815454789564
31581,0.9983601393002207
31582,0.9985345124313816
31583,0.9922947357604311
31584,0.9618974174247413
31585,0.999987298808616
31586,0.9975104647692111
31587,0.9999965424462304
31588,0.629187630113791
31589,0.9999637757642118
31590,0.9742960625648537
31591,0.9996520904410849
31592,0.999885960417287
31593,0.958121348103361
31594,0.9943862728363436
31595,0.18648891003908727
31596,0.9999500145694407
31597,0.9996940403079901
31598,0.9999812811672258
31599,0.8344560825813049
31600,0.9995169169287632
31601,0.999498551264288
31602,0.9999626081446076
31603,0.999965635600155
31604,0.9980662588166843
31605,0.990331218838675
31606,0.9966071176378163
31607,0.9999880746601628
31608,0.9991425343523176
31609,0.9999844864009878
31610,0.9997685173128628
31611,0.9997439445036532
31612,0.9997973952833011
31613,0.9999922845315484
31614,0.9942768681842605
31615,0.9996188853734151
31616,0.15724510096817076
31617,0.5594552009732563
31618,0.9993781417810237
31619,0.9937318648154687
31620,0.9998298404940967
31621,0.9999600950513283
31622,0.998451152689412
31623,0.9983459080577495
31624,0.9979774016943178
31625,0.9584023335234365
31626,0.9996401144663191
31627,0.9999216105132935
31628,0.9999660299204517
31629,0.6818400046856401
31630,0.9996961332928633
31631,0.9999076113279549
31632,0.9998298572962238
31633,0.9992846571435614
31634,0.9999790128830012
31635,0.9994309134852649
31636,0.9999343946988138
31637,0.9999487470930853
31638,0.9994665502736557
31639,0.9998971010815834
31640,0.9906424174763293
31641,0.9997062540158942
31642,0.9872092177476064
31643,0.9730789617042768
31644,0.9791482005714395
31645,0.9696949897972867
31646,0.999705004988362
31647,0.9999024808389543
31648,0.999928078913702
31649,0.994103979889423
31650,0.9955296492474935
31651,0.9997516206149759
31652,0.9999745836936625
31653,0.9993581530671966
31654,0.7107455259641223
31655,0.999958953920392
31656,0.9999904232290115
31657,0.943900349198058
31658,0.9998829761746416
31659,0.9985173303396089
31660,0.992923557074872
31661,0.9999402004192706
31662,0.999850527510787
31663,0.8569499786299136
31664,0.9947362387159164
31665,0.9999937358655003
31666,0.9973204337180029
31667,0.9946850514054697
31668,0.9999379562451752
31669,0.9999753431941935
31670,0.9999942518197481
31671,0.9995619887603784
31672,0.9997054500766177
31673,0.999902681852277
31674,0.9997194553049694
31675,0.9935294801614899
31676,0.9996042418629307
31677,0.9994129425839742
31678,0.9941905546909945
31679,0.9981951304397148
31680,0.9999521733679635
31681,0.6369958701334867
31682,0.9986962773402343
31683,0.4576570390930465
31684,0.9990333832608022
31685,0.945377281076078
31686,0.9995374697927828
31687,0.9924771839150976
31688,0.999176628784686
31689,0.6434404868416985
31690,0.9984326983110703
31691,0.998670588009558
31692,0.9206138337326301
31693,0.15001746919571152
31694,0.9994048124725374
31695,0.9999946008430626
31696,0.9967545449145553
31697,0.9999771601820834
31698,0.9596284301906088
31699,0.9956122558294951
31700,0.9995894644578776
31701,0.9823585686316073
31702,0.9993725106007401
31703,0.9996735432087019
31704,0.9089420722197786
31705,0.7908330000720702
31706,0.999941542018692
31707,0.9987968975289317
31708,0.999969529519023
31709,0.9999709862503152
31710,0.987744016913573
31711,0.21955193002873
31712,0.9999795165784136
31713,0.9999989998599345
31714,0.9997781933874266
31715,0.9290650110792609
31716,0.9997840637262655
31717,0.999883661184563
31718,0.999998909347154
31719,0.9995090252133438
31720,0.9871149245514098
31721,0.9999430146514273
31722,0.9999595274783141
31723,0.807935358802308
31724,0.9999414391942345
31725,0.999962935263332
31726,0.9531779002182736
31727,0.999977014934379
31728,0.5447546998446499
31729,0.9981736615086356
31730,0.9994964186186663
31731,0.9999048617265907
31732,0.008523584654968388
31733,0.9964665080785209
31734,0.9996846435159077
31735,0.8055790187837104
31736,0.9999886573754863
31737,0.9390850784536523
31738,0.9934635408875334
31739,0.9992239296848684
31740,0.9959916221726927
31741,0.999757896591865
31742,0.9999696624875801
31743,0.9986341545204148
31744,0.9995454894954842
31745,0.987456654004035
31746,0.9997788568326013
31747,0.9020719669424588
31748,0.9996498433885196
31749,0.9964490100134772
31750,0.9997196379616371
31751,0.9997072468575908
31752,0.9992569033105966
31753,0.9442815730559977
31754,0.9988922149548637
31755,0.9999292875693332
31756,0.9952500788166144
31757,0.9977792561211989
31758,0.2075753493958702
31759,0.9994890147280353
31760,0.9999274940801035
31761,0.9999462240569555
31762,0.7657818409084886
31763,0.9999843371311422
31764,0.9939262845611133
31765,0.9999685844782822
31766,0.9533979635407488
31767,0.9994625097081847
31768,0.9936467413641087
31769,0.9988133820943009
31770,0.9999680086574603
31771,0.9999706538826367
31772,0.9999873607612784
31773,0.9999677189558516
31774,0.1506723218103594
31775,0.9994532585852475
31776,0.9973572774919792
31777,0.9999724690624974
31778,0.999806930396784
31779,0.9998765973029209
31780,0.9934144713605851
31781,0.9939786155084589
31782,0.9980933108900497
31783,0.9999907979918132
31784,0.998624135998835
31785,0.9963870745374508
31786,0.9994132590762066
31787,0.9999491526890233
31788,0.9999534674472244
31789,0.999991226012313
31790,0.9072547242210312
31791,0.9893306929043285
31792,0.88791323865958
31793,0.9933679233551452
31794,0.08002392141341148
31795,0.9999393100336984
31796,0.9982691929742646
31797,0.7834706620662277
31798,0.9909248714989614
31799,0.9992292407753536
31800,0.9995308113290187
31801,0.9999819553507527
31802,0.9943044413362714
31803,0.9947197255245492
31804,0.999530293424937
31805,0.88112398278443
31806,0.995208754195549
31807,0.9999654443812892
31808,0.9998968118136194
31809,0.9912594796909072
31810,0.9729099987303155
31811,0.9747225828290961
31812,0.9936293149621384
31813,0.9997658806850535
31814,0.9726524602792493
31815,0.8532793359431832
31816,0.9982006577226744
31817,0.9401128170409863
31818,0.9997677442453528
31819,0.9997747207758922
31820,0.9999082667359945
31821,0.9998421400742482
31822,0.988691820295893
31823,0.9992256564415728
31824,0.9997516585636845
31825,0.9806116695537592
31826,0.9319962101533984
31827,0.3069035802876067
31828,0.9996014314890892
31829,0.9999863910465635
31830,0.9997601988851054
31831,0.9999825881265426
31832,0.9936734973599387
31833,0.9943164607613514
31834,0.9985757748144583
31835,0.999815161107788
31836,0.9904490914858488
31837,0.9998886746435511
31838,0.9999065418176533
31839,0.9952531639333875
31840,0.9932381924948358
31841,0.9996482015807749
31842,0.9054014961704128
31843,0.9528755748032031
31844,0.9978137929779753
31845,0.9999419854129429
31846,0.9999899858182567
31847,0.9998980341286081
31848,0.9999651947149579
31849,0.9981203570087965
31850,0.9995440522310861
31851,0.9998360633349731
31852,0.9907517869878045
31853,0.9999272872791269
31854,0.9999679254531779
31855,0.9997024270459668
31856,0.462269916730573
31857,0.9894899008032026
31858,0.9996997650781283
31859,0.999725997952117
31860,0.9999282317109075
31861,0.9997659225702349
31862,0.9812195871298943
31863,0.9988801566224335
31864,0.9931030074589826
31865,0.9585849913097308
31866,0.9992002512280017
31867,0.9986503964803043
31868,0.9997250032724676
31869,0.9998913440404884
31870,0.9946189860175554
31871,0.9653169117872171
31872,0.9998758049154489
31873,0.1685685223432445
31874,0.666228796171533
31875,0.9982562997318694
31876,0.9999880239604512
31877,0.999979380934407
31878,0.9999439467510676
31879,0.963519979549259
31880,0.9999931285295475
31881,0.9999778158774184
31882,0.9999233198120983
31883,0.9954043452766007
31884,0.9988196032132016
31885,0.9995509529478445
31886,0.9987230549352533
31887,0.7457325094015315
31888,0.9540819082133888
31889,0.9993232930036489
31890,0.9958428730438663
31891,0.8863660264145954
31892,0.9998799337308307
31893,0.9994641156903452
31894,0.9760819389867202
31895,0.9805875555185084
31896,0.9999812427937689
31897,0.9999967725029272
31898,0.9973053736758877
31899,0.9993689024592649
31900,0.9999457845127606
31901,0.999896439130216
31902,0.9995032600511241
31903,0.999927506951929
31904,0.1451159846563254
31905,0.7846594074914998
31906,0.989322935238387
31907,0.9993435996005341
31908,0.9991113849453419
31909,0.9948020115048488
31910,0.9849175824595726
31911,0.7648292823167435
31912,0.9906977197055504
31913,0.9887813577247505
31914,0.996802747957996
31915,0.9999710972369988
31916,0.9956994604415604
31917,0.985904448020048
31918,0.9968434521115946
31919,0.1585532271285359
31920,0.9998292596313191
31921,0.9473227371735194
31922,0.9846567549707187
31923,0.9900653807051454
31924,0.9569115516199667
31925,0.9999818914372549
31926,0.997351705062197
31927,0.9987276097454149
31928,0.9981534669520142
31929,0.9964955583416136
31930,0.9998335031209921
31931,0.9979645483839755
31932,0.9982526128930347
31933,0.9990903075820652
31934,0.999350365346627
31935,0.9999856559904082
31936,0.999993312570726
31937,0.9996958341108075
31938,0.8716260429070796
31939,0.9999614390961453
31940,0.9983968040904477
31941,0.9971792508104691
31942,0.9999426729257351
31943,0.9778853562295436
31944,0.9998385851094165
31945,0.9458054751156326
31946,0.999838575971916
31947,0.9998267206794802
31948,0.999312041479386
31949,0.9998550325716007
31950,0.9944512563484212
31951,0.9999705328896491
31952,0.9999169829875967
31953,0.6522642514353562
31954,0.9999562672882855
31955,0.999553555397737
31956,0.9278445025568237
31957,0.9997248731386887
31958,0.998018615059659
31959,0.9981111730985576
31960,0.9990094441968921
31961,0.9942485329443259
31962,0.9933856721377655
31963,0.9996809106119212
31964,0.9998514209185507
31965,0.9991146380765452
31966,0.6552095898709795
31967,0.9795592032925181
31968,0.9666726750530121
31969,0.9959536786620987
31970,0.9968948087017191
31971,0.9999830450525206
31972,0.9996401090854938
31973,0.9999056704415394
31974,0.9995928300773573
31975,0.5315042996449436
31976,0.977299729874375
31977,0.9970568097474559
31978,0.9903405560556702
31979,0.9991290723268973
31980,0.9993232821084217
31981,0.5552807906768239
31982,0.8330551080791893
31983,0.999977679475436
31984,0.9992937239460313
31985,0.9999672461940963
31986,0.9999715586427363
31987,0.20284870962952184
31988,0.9995596404691289
31989,0.8372639592132854
31990,0.9993297677590285
31991,0.9999806385394125
31992,0.9998214036695137
31993,0.9875845392243323
31994,0.9969232210563554
31995,0.9990620388882616
31996,0.9994681264558857
31997,0.2152143093393924
31998,0.9998470860280281
31999,0.9996286006892838
32000,0.9977546804788628
32001,0.999820621285271
32002,0.9983804226778453
32003,0.9901102112194996
32004,0.9999585748878365
32005,0.999984876703496
32006,0.9999864085467012
32007,0.9985849694861736
32008,0.9970112530571063
32009,0.9958396559454294
32010,0.9996199459557262
32011,0.983252863862122
32012,0.9925648745272788
32013,0.9493215786894978
32014,0.9997326063651236
32015,0.9897405962045861
32016,0.999387859487551
32017,0.9974664276763449
32018,0.9877211265947948
32019,0.9999780478128976
32020,0.9925804865229595
32021,0.999793521479246
32022,0.9635254286628169
32023,0.9997439844053796
32024,0.9985402649726177
32025,0.5789213908785642
32026,0.9998386712646665
32027,0.9953845793305963
32028,0.9988837670267136
32029,0.9829126649173501
32030,0.9999874641792165
32031,0.9999775017376515
32032,0.9961724980292104
32033,0.9992363624458095
32034,0.6288144037257895
32035,0.999943193487039
32036,0.9997766593739182
32037,0.9999637367533747
32038,0.9970540920322684
32039,0.75248885048445
32040,0.9993781417810237
32041,0.999873317141005
32042,0.9999970623378577
32043,0.9998958340973603
32044,0.9996564954324147
32045,0.40223055527151347
32046,0.9986488737334371
32047,0.09585669562204005
32048,0.9999564583324682
32049,0.9922019153271425
32050,0.9989683848175683
32051,0.999974206789378
32052,0.9997524304029082
32053,0.9992449542662033
32054,0.9888096839668635
32055,0.9624088186451106
32056,0.9752563115595136
32057,0.9961808304797996
32058,0.9992633590452679
32059,0.9720628439514574
32060,0.9987908928941379
32061,0.999462300095091
32062,0.9989786765125059
32063,0.9980372904563002
32064,0.9999649546332259
32065,0.9999120347710415
32066,0.9931121908998732
32067,0.9970670712058036
32068,0.9959536485070244
32069,0.9998165227916282
32070,0.9999366139337003
32071,0.9998829791226288
32072,0.99519646469886
32073,0.9795177502992848
32074,0.9774181197008077
32075,0.9998442895101425
32076,0.99999691546823255
32077,0.9981170118038977
32078,0.9999981173435268
32079,0.9794196293679699
32080,0.9999854776512921
32081,0.8663252370228496
32082,0.9999490018657432
32083,0.9989682534220928
32084,0.9983551368533644
32085,0.9999072165187535
32086,0.9786448569572996
32087,0.9999189337086778
32088,0.9999785183336157
32089,0.9989500251400547
32090,0.9995022023580787
32091,0.7131771238255546
32092,0.9577008953083068
32093,0.9405705604539034
32094,0.9997615898753694
32095,0.999968200570616
32096,0.9997069139528203
32097,0.9955986186602479
32098,0.999945373259757
32099,0.973817607367458
32100,0.9997110884759334
32101,0.9992929024206604
32102,0.9939212001548288
32103,0.9842727983870869
32104,0.9991427215351677
32105,0.9967558611773697
32106,0.9999618962449011
32107,0.9997682233559514
32108,0.9905019339381427
32109,0.9997641311630807
32110,0.9325027853112895
32111,0.9258840222611958
32112,0.9999842192077206
32113,0.9999845794864193
32114,0.9991969188570821
32115,0.9985634964712689
32116,0.9999637720512629
32117,0.892588974224732
32118,0.9996300059068058
32119,0.959125761340318
32120,0.9989105134464449
32121,0.9997288592683953
32122,0.9997807096258423
32123,0.9998801997954697
32124,0.9945082055958604
32125,0.999972823570673
32126,0.9999731236927231
32127,0.9999706164100456
32128,0.9972069020446603
32129,0.9999962469287381
32130,0.99975313131095
32131,0.99969011592921
32132,0.9687086478433443
32133,0.9998638075339663
32134,0.9918773776822077
32135,0.16563918295144586
32136,0.9910471353142924
32137,0.9999522384677708
32138,0.9996832458224509
32139,0.9703459070338661
32140,0.9988943279001813
32141,0.9984610440076598
32142,0.9820281783446252
32143,0.9871795276694133
32144,0.9942543170286225
32145,0.9991499171216748
32146,0.9999299704041528
32147,0.9814203911688147
32148,0.6447866259625838
32149,0.9998682024383708
32150,0.9999674628308437
32151,0.9975655736235289
32152,0.9745793021672688
32153,0.9828469880065507
32154,0.9999164492314067
32155,0.9956527907604619
32156,0.9999779997260273
32157,0.6631366657814124
32158,0.999897727876896
32159,0.8036846837364133
32160,0.9989482305429386
32161,0.9993632133574089
32162,0.9999431871219777
32163,0.5729324103735381
32164,0.9999479455278751
32165,0.9996670531366609
32166,0.9568307012102991
32167,0.9979822704671242
32168,0.9995756629255138
32169,0.9996338310273715
32170,0.9972345243153125
32171,0.099345545051471
32172,0.993462358633413
32173,0.9994123414118218
32174,0.9805837632371747
32175,0.9386205234189798
32176,0.9999740580993328
32177,0.999979991812606
32178,0.9936566338964804
32179,0.9994502798487945
32180,0.9997822691073827
32181,0.9998596965164149
32182,0.999645669315099
32183,0.9999903552030659
32184,0.9999920154252762
32185,0.9994577643545606
32186,0.9946402333991325
32187,0.9994049035099023
32188,0.9996412112700823
32189,0.999160319037288
32190,0.9956306943268179
32191,0.9999941523665533
32192,0.9997874064391163
32193,0.9998905681667541
32194,0.9999795448177843
32195,0.9996704947103308
32196,0.9999053919388166
32197,0.999828067300204
32198,0.9998097959691575
32199,0.9999964495449412
32200,0.9999070941021111
32201,0.9996222339970087
32202,0.993555983911713
32203,0.9992904924485093
32204,0.5898801514994563
32205,0.999902028009768
32206,0.999591904428892
32207,0.9999826743032149
32208,0.2022864053576342
32209,0.9373117552418483
32210,0.9999677090910347
32211,0.9999535060283027
32212,0.9321216055460604
32213,0.4656841748853894
32214,0.9987131766127768
32215,0.9998575759569415
32216,0.6569554635437177
32217,0.8543578706744736
32218,0.9999741786478601
32219,0.99997433876036
32220,0.9813046234313144
32221,0.9999840973577357
32222,0.9995113783874141
32223,0.49793168787890946
32224,0.999389005385758
32225,0.9998867739820432
32226,0.9999801950780943
32227,0.9968882556253655
32228,0.9998104237132527
32229,0.9998081346082887
32230,0.9999892690449623
32231,0.9999517147266426
32232,0.9999496513109192
32233,0.9945638452484212
32234,0.9594516386259208
32235,0.9999809423878474
32236,0.999967207441198
32237,0.9996127456526799
32238,0.9999823329329391
32239,0.9998643249756759
32240,0.9996002357868995
32241,0.9999099847036967
32242,0.992474076915253
32243,0.9980829822516765
32244,0.9999747575379615
32245,0.9993290615469983
32246,0.973676621561227
32247,0.9973731642814991
32248,0.9936814212830118
32249,0.9938313514656426
32250,0.9999709154124212
32251,0.9515540659005564
32252,0.9999477315298576
32253,0.9976848151038195
32254,0.9999874062944445
32255,0.9986117967607784
32256,0.9999231218498362
32257,0.9999932703480153
32258,0.48024369193631455
32259,0.8903094300436061
32260,0.998699796105081
32261,0.9956189207402454
32262,0.9998597232766355
32263,0.9998901140600926
32264,0.9198574513554235
32265,0.9987906869557217
32266,0.9986414674720493
32267,0.99874807098073
32268,0.9290866308673816
32269,0.9995110584325296
32270,0.9994396233701185
32271,0.7776173684873562
32272,0.9992085823248247
32273,0.9983312308277712
32274,0.8872629326665131
32275,0.9949780223365285
32276,0.9999630381959855
32277,0.9981233047505083
32278,0.9978298695068243
32279,0.9999359058071408
32280,0.9999335798411396
32281,0.9992278574731016
32282,0.999780203417313
32283,0.9999746090810914
32284,0.999991804025596
32285,0.9999923739374227
32286,0.9646672996404855
32287,0.9995824535214024
32288,0.9999968565209719
32289,0.9559541565272051
32290,0.9947488081975435
32291,0.9999659662408021
32292,0.4589870525803979
32293,0.8274325794895936
32294,0.9301390321988569
32295,0.9966801093878452
32296,0.9920469023083136
32297,0.9998021053060179
32298,0.7974560840475049
32299,0.9997878018936355
32300,0.9982636815585489
32301,0.9996042182770263
32302,0.9422872530737689
32303,0.9983008473979599
32304,0.9997759572297363
32305,0.9979238432304439
32306,0.9993937923592293
32307,0.9998961759478345
32308,0.9969945960634505
32309,0.9998990569012961
32310,0.8636220810184992
32311,0.9941772303788401
32312,0.9925363937575463
32313,0.9621861614285125
32314,0.9462424321938414
32315,0.9958034926103131
32316,0.9998118285136366
32317,0.9996485170518903
32318,0.9986098454360414
32319,0.9880585352837039
32320,0.9997516490658459
32321,0.9996403488480322
32322,0.9896313707742291
32323,0.9999597873547593
32324,0.9991225613095507
32325,0.9989525836213947
32326,0.8938018090752317
32327,0.9997681548217705
32328,0.9998376698900514
32329,0.9992333823816357
32330,0.9992719423394749
32331,0.9899090145879995
32332,0.9999876012283664
32333,0.8732750532948717
32334,0.9998988161506656
32335,0.9999713419117062
32336,0.9987700831096337
32337,0.9763408931839705
32338,0.9991728735518959
32339,0.9914051280917552
32340,0.9257943082778066
32341,0.9998231672595469
32342,0.9992575358494966
32343,0.9999850176240003
32344,0.999878702481984
32345,0.9994637023638397
32346,0.9996069820313129
32347,0.9967659290201729
32348,0.9528327784080788
32349,0.6493531068463199
32350,0.9999757829347685
32351,0.9997423811257147
32352,0.9929533702524828
32353,0.9997752957712207
32354,0.9778536261453697
32355,0.9997771363962143
32356,0.988655176793128
32357,0.9997578898713203
32358,0.9999679351390732
32359,0.9997196057026325
32360,0.6094567446979272
32361,0.9970162682561319
32362,0.9999917054730354
32363,0.7567840026417146
32364,0.9998545581694798
32365,0.9998875411925159
32366,0.9994581136352865
32367,0.9978285100911873
32368,0.8979425339071238
32369,0.9994293014602341
32370,0.99821964601356
32371,0.9937372684862084
32372,0.9989896846822036
32373,0.9991374237313599
32374,0.9996364349175778
32375,0.8477167117525052
32376,0.9932795788044925
32377,0.9995192943206658
32378,0.9999415973666841
32379,0.9998830422043988
32380,0.9691521503692373
32381,0.9145477544780453
32382,0.999839008272845
32383,0.9987390229456827
32384,0.5003060754869175
32385,0.999985875011446
32386,0.9985034463265793
32387,0.975255879273613
32388,0.8700603327938478
32389,0.9993214533172848
32390,0.010055120149232393
32391,0.9984238674237281
32392,0.9995804092457884
32393,0.9942242454214419
32394,0.9998821889493866
32395,0.9999610485916313
32396,0.9720013299057261
32397,0.9568569109118977
32398,0.9999899206259583
32399,0.9999922555168966
32400,0.7694969470427148
32401,0.9817021377346092
32402,0.9999392388917432
32403,0.9995386219302067
32404,0.9978260251886371
32405,0.9806876613702463
32406,0.9928764172455773
32407,0.9974815834116828
32408,0.9996442814672905
32409,0.9854212091852765
32410,0.9998670726071144
32411,0.9999725289702207
32412,0.9610330489165044
32413,0.9955824196805567
32414,0.9998740795417246
32415,0.9982825437050035
32416,0.9999987471654385
32417,0.9974395002018649
32418,0.9962173099256482
32419,0.9807841050929692
32420,0.9998925584702141
32421,0.9976562569494737
32422,0.9999504432833728
32423,0.9991260588079819
32424,0.9965356902923524
32425,0.8273205227298628
32426,0.9989107099409693
32427,0.9962652380659691
32428,0.9997555397301428
32429,0.9990173672710947
32430,0.9999179392521829
32431,0.9993083465974141
32432,0.999273834407834
32433,0.999426114553065
32434,0.9929177885811357
32435,0.9994968450239197
32436,0.9999991193739727
32437,0.9999813217285733
32438,0.999971686285169
32439,0.9999827937299572
32440,0.9983926062712306
32441,0.9995740791970786
32442,0.3979036603185128
32443,0.9999025718560105
32444,0.9989621319077613
32445,0.9991281304302638
32446,0.9908134260059582
32447,0.1677095172947954
32448,0.8808336695583725
32449,0.9991863311546916
32450,0.9988581140603008
32451,0.9964942511626421
32452,0.9999452909174618
32453,0.9998702841844783
32454,0.9724559324151754
32455,0.9711283265977704
32456,0.9999990919760402
32457,0.9999783601127575
32458,0.9999948974930094
32459,0.9943167174696497
32460,0.974029468345728
32461,0.99995882662871
32462,0.9999816296823701
32463,0.9989488603264823
32464,0.999904406447178
32465,0.9978966256148595
32466,0.9947988474484726
32467,0.9999889557385012
32468,0.32542927290690327
32469,0.993543963091267
32470,0.9991790783057397
32471,0.9999991978644913
32472,0.989449126382395
32473,0.5082143918527001
32474,0.9997585965402707
32475,0.9998786365867027
32476,0.9996681163336888
32477,0.9991100929100996
32478,0.9997393698088566
32479,0.9995213883478623
32480,0.9922283497534697
32481,0.9989747101993921
32482,0.9999430002470608
32483,0.9999871061289878
32484,0.9997937783902708
32485,0.9995730670612898
32486,0.7459582779934059
32487,0.9948431231204374
32488,0.9996919064094637
32489,0.998811663260334
32490,0.9970613050522211
32491,0.9999195253425676
32492,0.8360793539304867
32493,0.9958335095488968
32494,0.9979419285717975
32495,0.9977155920394677
32496,0.888912193093511
32497,0.9999602153007906
32498,0.9846068730568966
32499,0.9969042481308394
32500,0.9992034591709079
32501,0.9557845460228478
32502,0.9988976899409586
32503,0.9999283615626254
32504,0.9999595732162955
32505,0.9852685998360916
32506,0.9995680975494144
32507,0.9999995598418577
32508,0.46522372895954084
32509,0.9999592911478883
32510,0.9916399989608684
32511,0.9994781591420301
32512,0.9988735463474687
32513,0.9991937624504093
32514,0.9995016203767678
32515,0.9750500959012585
32516,0.9997600007630078
32517,0.9790014506654284
32518,0.9970390448901674
32519,0.44042069094402253
32520,0.9429702876373846
32521,0.9986144325135682
32522,0.999971151866307
32523,0.9988132322289534
32524,0.9998915578221632
32525,0.9983159213542461
32526,0.9990013319370913
32527,0.996637285381941
32528,0.999729337985302
32529,0.9998119339457978
32530,0.9974469335001649
32531,0.990429731525199
32532,0.9955464832595652
32533,0.9995289714029012
32534,0.9950574718445087
32535,0.9339950618103543
32536,0.9999506859020341
32537,0.9994024561745037
32538,0.9999358328024095
32539,0.19240394644637793
32540,0.9788779638191442
32541,0.99933117820916
32542,0.9963389610172069
32543,0.9898789670397717
32544,0.9996349860772632
32545,0.9933107937397914
32546,0.9988186746283029
32547,0.32827534955511267
32548,0.9999903985040945
32549,0.9997772153733353
32550,0.9904495465499483
32551,0.9979563587290172
32552,0.9817585424439478
32553,0.9032078649628226
32554,0.9997907984763338
32555,0.9844993776916109
32556,0.7672163661477797
32557,0.9983821159182027
32558,0.9996224707755756
32559,0.9999410102193285
32560,0.9991753875459192
32561,0.9997983300048264
32562,0.9999830970839283
32563,0.9892850911994012
32564,0.9938041009553312
32565,0.9956110126450497
32566,0.9996961350316932
32567,0.9965926123316509
32568,0.9920123411147695
32569,0.9987981201113949
32570,0.9992372506447992
32571,0.9999813815065023
32572,0.9981562342241562
32573,0.9999706318680205
32574,0.8771842884327522
32575,0.9975849183828212
32576,0.7603658995903773
32577,0.9830353579956874
32578,0.9976391969031987
32579,0.9959624445584325
32580,0.9979871888980989
32581,0.9997772153684057
32582,0.6222051430671134
32583,0.9739741653283592
32584,0.9999919818798245
32585,0.9998684886022352
32586,0.9946373092681529
32587,0.9996409950406339
32588,0.9999304229577012
32589,0.9825900151070228
32590,0.9992961404005356
32591,0.9967031307824787
32592,0.9995329009857408
32593,0.9998491515938487
32594,0.9999434605552161
32595,0.9995134934111155
32596,0.9933552739202798
32597,0.9557173433987508
32598,0.999774325625263
32599,0.9869753332108115
32600,0.9997155712655681
32601,0.9906544794728731
32602,0.9991670054589855
32603,0.9990286249145099
32604,0.996137654159095
32605,0.9960288722275096
32606,0.9978017876799719
32607,0.9999662058436222
32608,0.9999362331943225
32609,0.9989817276563819
32610,0.7065407945664522
32611,0.9994785764114376
32612,0.9996676987439378
32613,0.9957480552825984
32614,0.9913636350400042
32615,0.046018510693648214
32616,0.9995919926025858
32617,0.9995567961770646
32618,0.8852722673534229
32619,0.9947821584345936
32620,0.9976073616447699
32621,0.8806600644392316
32622,0.9983604206851696
32623,0.9999664015327756
32624,0.9998207482889258
32625,0.052852201814547535
32626,0.875562984136333
32627,0.999923423652457
32628,0.999883591926635
32629,0.9999696142311394
32630,0.9973041208180357
32631,0.9865684066687229
32632,0.9999275493589869
32633,0.9850819960594169
32634,0.9895547235198557
32635,0.999513005573096
32636,0.9998543094360275
32637,0.9982982389494992
32638,0.9999711259034457
32639,0.9765524020301212
32640,0.9993163861074127
32641,0.9992270005462985
32642,0.9988457359891794
32643,0.9995199635043286
32644,0.9976952127017129
32645,0.9956527907604619
32646,0.9999819774610555
32647,0.9999057429737896
32648,0.7010323884976567
32649,0.9999514138695844
32650,0.9999894807050218
32651,0.44742875347320094
32652,0.7651776198420968
32653,0.9995827197000773
32654,0.9992774173404777
32655,0.9970263870182031
32656,0.999956138032372
32657,0.9328607398514664
32658,0.7860270201618801
32659,0.9998491695222688
32660,0.995268153053422
32661,0.9999077104428822
32662,0.9999588800637469
32663,0.9990977002804792
32664,0.99929280812560906
32665,0.9600434581460972
32666,0.9088146413391364
32667,0.9990339693033672
32668,0.9989557424568789
32669,0.9999873363169431
32670,0.9995839280460657
32671,0.9932512420516385
32672,0.9476118018876141
32673,0.9992219789920483
32674,0.7941856685448806
32675,0.999688401032288
32676,0.9999199277551531
32677,0.9895478097298427
32678,0.892815666193023
32679,0.9999634781606194
32680,0.9999816848105649
32681,0.9995831935404982
32682,0.9947232697869314
32683,0.9993017088063266
32684,0.9828549344814096
32685,0.9999248025441304
32686,0.999982488730942
32687,0.7621066862965082
32688,0.9994014408867941
32689,0.9989073974232097
32690,0.9997116677988163
32691,0.6072445155777525
32692,0.9992906112201047
32693,0.9992351876555711
32694,0.9807918121871143
32695,0.9990921918511458
32696,0.9997066447463056
32697,0.8273982312570708
32698,0.9986429630311953
32699,0.9985208009868055
32700,0.9469819512896628
32701,0.9976317735269921
32702,0.9024137918819237
32703,0.9998509364525773
32704,0.9994482899564855
32705,0.9975678854660864
32706,0.9258840222611958
32707,0.9800157566870201
32708,0.998022284001865
32709,0.999965859310754
32710,0.998174197026775
32711,0.9999901193876503
32712,0.9696620621741437
32713,0.9997062326770988
32714,0.42922687395508935
32715,0.9977782491728469
32716,0.9938042048310484
32717,0.9993727460917285
32718,0.9999121200031714
32719,0.9999763893289011
32720,0.999933439959935
32721,0.9990750084824254
32722,0.9999659091668642
32723,0.9992844766633832
32724,0.9991207914339736
32725,0.9997788935434441
32726,0.9995851242680615
32727,0.9991735886285513
32728,0.9999959406322987
32729,0.9999592461777771
32730,0.999864351603642
32731,0.9999605583424401
32732,0.9947213212145053
32733,0.9992125111606709
32734,0.9481762760847223
32735,0.999894684471806
32736,0.9995565181508775
32737,0.95960530210386
32738,0.9985186330699528
32739,0.9999620575014087
32740,0.9886933186927815
32741,0.9995382892192282
32742,0.9999743197736012
32743,0.9970543938519228
32744,0.9999573909151667
32745,0.9715889811177442
32746,0.999930724396897
32747,0.9999803624951584
32748,0.9998144609308027
32749,0.9344012785013129
32750,0.9999847024336086
32751,0.9910386837415537
32752,0.7094371311259491
32753,0.9988914208107353
32754,0.9998918223749521
32755,0.7596619320769025
32756,0.9923415251714548
32757,0.9980862849061999
32758,0.5122423622709047
32759,0.999895992824561
32760,0.9988586595370772
32761,0.9920108216008836
32762,0.9999923689401017
32763,0.9774306870226704
32764,0.9999610179789334
32765,0.9995658469255184
32766,0.9999907553120863
32767,0.9999954603745923
32768,0.9999825868294314
32769,0.9994362651718098
32770,0.9947763023114765
32771,0.9792945478111146
32772,0.9996851851142111
32773,0.9999129736170053
32774,0.9995111139701974
32775,0.9999073233767926
32776,0.9998766635468236
32777,0.9930317941091034
32778,0.9895547235198557
32779,0.9977812783669439
32780,0.9824871421984595
32781,0.9989528270749849
32782,0.986128689198738
32783,0.9814597817590478
32784,0.998043517889977
32785,0.9056873431262497
32786,0.8733497860075586
32787,0.9994246428303101
32788,0.9997432037527292
32789,0.9997980610751389
32790,0.9999152995534669
32791,0.9994699668977495
32792,0.991355009093245
32793,0.9999628264660573
32794,0.9995342252435592
32795,0.9997502104156287
32796,0.9996354150056056
32797,0.9989034405591024
32798,0.9997048654871541
32799,0.998797270645268
32800,0.9983495283744576
32801,0.9977083714551714
32802,0.17513761525568966
32803,0.9999563082407505
32804,0.9996397780095225
32805,0.9995028745133027
32806,0.9678835581791398
32807,0.99734035854353
32808,0.9999860226092083
32809,0.9999686689824268
32810,0.9990099371976771
32811,0.7532027939384698
32812,0.9999524939124464
32813,0.9992366631719691
32814,0.9999854521627777
32815,0.8665101891747482
32816,0.9998439967200323
32817,0.7143471942194284
32818,0.9952481686872974
32819,0.9961724980292104
32820,0.3997814875269046
32821,0.9982326205408477
32822,0.996302780429032
32823,0.9999098576776217
32824,0.9896224872927222
32825,0.9998494454824549
32826,0.9967565169424335
32827,0.9998873158909103
32828,0.9967534279220799
32829,0.9998941306043813
32830,0.9993271611538791
32831,0.8946597437964183
32832,0.9593480249163737
32833,0.6164658786346929
32834,0.9961617228093989
32835,0.8463208392587823
32836,0.9984674910117404
32837,0.9999759486723312
32838,0.9722411131816955
32839,0.9903504848696173
32840,0.9989655554559691
32841,0.9987538943619083
32842,0.9937261992223378
32843,0.9999756730271331
32844,0.9936035580684782
32845,0.5028261435689128
32846,0.9981181676870309
32847,0.9998283224746376
32848,0.993342116756815
32849,0.9997075503032564
32850,0.9999622673100872
32851,0.9999584568346146
32852,0.9993457502416306
32853,0.99775946048027
32854,0.9529178450633059
32855,0.9991786826325293
32856,0.7829509676477491
32857,0.9906708992768477
32858,0.9851059085179529
32859,0.9999055913343782
32860,0.9021318732331808
32861,0.9954591423072591
32862,0.9999903328112955
32863,0.9995839188481604
32864,0.9999800840262266
32865,0.9999839825327526
32866,0.9979482821833143
32867,0.9686564094015744
32868,0.2204908479779914
32869,0.9991188407552437
32870,0.9937339698485768
32871,0.9882629270491766
32872,0.9914398248611528
32873,0.9989201409087315
32874,0.9986497981318262
32875,0.9392731685390198
32876,0.99460523720618
32877,0.8423943349914489
32878,0.9999725018969825
32879,0.9997429069009816
32880,0.2552772913776631
32881,0.9999616966170745
32882,0.9816703653538676
32883,0.9994161294596704
32884,0.9999697939261097
32885,0.9984128010613591
32886,0.9797296961363327
32887,0.9999622636446567
32888,0.9972410627309211
32889,0.9990394732567507
32890,0.9996074125052987
32891,0.9999285380438455
32892,0.9979784940450103
32893,0.9123706879705241
32894,0.9256964580218399
32895,0.9975960771238916
32896,0.9987166302040621
32897,0.9842719694615568
32898,0.9999776525367122
32899,0.9971059940483367
32900,0.9980571782402389
32901,0.9820186958026378
32902,0.9982692695002455
32903,0.9999725443552586
32904,0.9861719967139543
32905,0.9999613500372404
32906,0.996701466570603
32907,0.9954666548062386
32908,0.9999559694608858
32909,0.999941936637571
32910,0.9969000653929587
32911,0.9993915414308144
32912,0.9997557866989519
32913,0.9871159458452243
32914,0.9993662878705759
32915,0.9897012260547536
32916,0.9997186979024898
32917,0.9783545068770325
32918,0.9995291694159831
32919,0.9980874386471535
32920,0.9105305798025835
32921,0.9988741073768814
32922,0.99985270929316306
32923,0.9988250817237593
32924,0.9915776563686137
32925,0.9172001002456851
32926,0.9474049098453096
32927,0.9989216892584385
32928,0.9986173617421863
32929,0.999631304619287
32930,0.9376525408144746
32931,0.9994596827021344
32932,0.9995062348758597
32933,0.9823164763067173
32934,0.9999653415882682
32935,0.9236579747019362
32936,0.9988874827740896
32937,0.991508934594343
32938,0.9999404446070819
32939,0.9691539181113896
32940,0.9972827899572252
32941,0.9999394031899843
32942,0.9999611741296065
32943,0.9991419288048723
32944,0.9999493694169083
32945,0.9980404112665197
32946,0.999594138463682
32947,0.9995445295554546
32948,0.9833060943550653
32949,0.9925905050442474
32950,0.9994276695661243
32951,0.9979150732467871
32952,0.9999796434980802
32953,0.998693072430208
32954,0.999324805876578
32955,0.998879930934634
32956,0.99992889992437
32957,0.9960167374398899
32958,0.9990534259090245
32959,0.9998236255284372
32960,0.9831104331865227
32961,0.9945361355109477
32962,0.9970486549761289
32963,0.9989028030331364
32964,0.962801975643911
32965,0.99991004119149
32966,0.9987784478413059
32967,0.9998385948313724
32968,0.9997358340579022
32969,0.9999344329991696
32970,0.9897053482692938
32971,0.9999836409225185
32972,0.997596884604935
32973,0.9999422504034982
32974,0.9984152507663314
32975,0.961842225129683
32976,0.6570346358005592
32977,0.998817143186159
32978,0.9999328892527329
32979,0.9998638770635853
32980,0.9998141377061248
32981,0.9972549542579559
32982,0.973214720165986
32983,0.999857147351531
32984,0.9747367918363352
32985,0.9967508346630338
32986,0.9999338503910209
32987,0.9795432902829082
32988,0.999459057943246
32989,0.9999064167054073
32990,0.45279610305815854
32991,0.9994551465449394
32992,0.9972171535794101
32993,0.6376418154926198
32994,0.999179885501695
32995,0.9999771000622159
32996,0.9870883762001887
32997,0.9996819349272956
32998,0.9998555471464352
32999,0.9619594981368972
33000,0.9999007902886815
33001,0.9997604103894047
33002,0.9999140877784467
33003,0.9989817276563819
33004,0.9999500607187926
33005,0.9972962630833971
33006,0.9732535785370631
33007,0.9996881140112416
33008,0.9997912620082781
33009,0.9988100624200253
33010,0.9999681107269408
33011,0.288326187298895
33012,0.9992632752249563
33013,0.9999987842366669
33014,0.9999023426764881
33015,0.9997870971027145
33016,0.9933644195457217
33017,0.9999635792108692
33018,0.9930375463208928
33019,0.9995384653349856
33020,0.9664467164355567
33021,0.9994836845998988
33022,0.9999771489630547
33023,0.996158394582308
33024,0.9968253572593058
33025,0.9979173383584474
33026,0.9999843179660527
33027,0.9912244379742123
33028,0.9657543566763567
33029,0.9945327139556208
33030,0.9951689455511639
33031,0.9949539171786865
33032,0.9996294469537773
33033,0.9980963068103662
33034,0.999985588496964
33035,0.9971524642804455
33036,0.9997044919049461
33037,0.9650431212061492
33038,0.999335598042546
33039,0.9999837349762005
33040,0.9989941645447609
33041,0.917907817775235
33042,0.9718625504960264
33043,0.9993965769317079
33044,0.9633054916140072
33045,0.9732923035144926
33046,0.4139298988595618
33047,0.9600400665127106
33048,0.9897771320444887
33049,0.9998123590492181
33050,0.9995331203565524
33051,0.9989905404537094
33052,0.9799955449955553
33053,0.999999464036137
33054,0.9620651643209592
33055,0.9999028907428403
33056,0.9999766643643653
33057,0.9991732549162564
33058,0.9989811937189578
33059,0.9921559497314728
33060,0.9997122962054036
33061,0.99987056610802
33062,0.9998568982706949
33063,0.6722390921900228
33064,0.0355600078008958
33065,0.1460724326727248
33066,0.5243277023904899
33067,0.9996198554022507
33068,0.4424581457290767
33069,0.9997041894468434
33070,0.9970927612037638
33071,0.9994954719442398
33072,0.9998700345026359
33073,0.9998765465207768
33074,0.999747089454797
33075,0.9993713140672329
33076,0.9957648503763912
33077,0.9774658820646764
33078,0.9997134146884338
33079,0.9982535224577982
33080,0.9943131555283129
33081,0.9823413158685222
33082,0.9998480327197754
33083,0.9952851534418483
33084,0.9999241979361241
33085,0.9905145186012988
33086,0.9992825141358541
33087,0.9988641321601883
33088,0.8484015571346699
33089,0.9998167834784084
33090,0.9763651706727087
33091,0.9994709468821523
33092,0.9992742429407818
33093,0.9999875902113183
33094,0.9992129451724641
33095,0.9999620416930219
33096,0.9461888633209677
33097,0.997891866253592
33098,0.9740010202428349
33099,0.9981261891805423
33100,0.9916610270542024
33101,0.99912090403613385
33102,0.932244524020684
33103,0.9984294826283344
33104,0.998577569866555
33105,0.9350397993854868
33106,0.9996839121757946
33107,0.9970486086459862
33108,0.9999853501230365
33109,0.45371235958663625
33110,0.999875080799464
33111,0.999902909079225
33112,0.8773592935120222
33113,0.9745274716371063
33114,0.9996576825279251
33115,0.9906731037041856
33116,0.9998351978707813
33117,0.9950535271083651
33118,0.9999805516821698
33119,0.9967751346153136
33120,0.999008963297658
33121,0.9999653685971198
33122,0.8599998981171777
33123,0.8755916495711612
33124,0.9999824932392904
33125,0.9993002866629694
33126,0.22887092874660583
33127,0.9999067508417331
33128,0.9987558172956652
33129,0.999915555623098
33130,0.4184045333305403
33131,0.991873715447174
33132,0.9997144816585761
33133,0.9908587218907245
33134,0.8300685599077848
33135,0.9999574087690958
33136,0.9996926643682972
33137,0.9905320533991965
33138,0.8967392709149827
33139,0.9549623734795185
33140,0.999189932291251
33141,0.9999035357012487
33142,0.23555510010146036
33143,0.9997707433556023
33144,0.9994039468474266
33145,0.8612362800891715
33146,0.8991052835239646
33147,0.9993920084316684
33148,0.9997019001842647
33149,0.9999718869984762
33150,0.9999848706267196
33151,0.9999837431725187
33152,0.9994380639309006
33153,0.9993865227671399
33154,0.9855218370233854
33155,0.9998241374503541
33156,0.9847249389159822
33157,0.9974382540126295
33158,0.7745885750790893
33159,0.3901229010199884
33160,0.9990214563620355
33161,0.9982062738546206
33162,0.9980290561644952
33163,0.9999155985549834
33164,0.9963221620424527
33165,0.9999128521258799
33166,0.9942958424885142
33167,0.9991435086145976
33168,0.998881338441226
33169,0.9441501760291939
33170,0.9998460418481975
33171,0.9999836196656523
33172,0.9964959326594527
33173,0.9993675997802094
33174,0.9999488845991134
33175,0.9931267416055684
33176,0.9998604615892501
33177,0.9489273226703511
33178,0.9789777592403439
33179,0.9996734420471559
33180,0.9955810932210772
33181,0.9999324202994162
33182,0.9996898737393383
33183,0.999818438525075
33184,0.33574112484772933
33185,0.9893708919475199
33186,0.9997689808475619
33187,0.9991013162858815
33188,0.9999742361599239
33189,0.9999900859609981
33190,0.9977388525538576
33191,0.9995545563089914
33192,0.999708815687016
33193,0.8591587269222839
33194,0.9972525567239439
33195,0.9086476194079254
33196,0.9998173304014227
33197,0.999766679908342
33198,0.9996679556853981
33199,0.9994037483411468
33200,0.992579448002177
33201,0.9945395182494596
33202,0.9999892712992371
33203,0.9999753217314462
33204,0.9872680656119678
33205,0.9943258571578302
33206,0.9999832911183784
33207,0.984776735401569
33208,0.9860799291527531
33209,0.927203126989768
33210,0.9999683049581523
33211,0.999984310621666
33212,0.9998347217608765
33213,0.7851010921187286
33214,0.8671882316648744
33215,0.7287810383589111
33216,0.9997418372334452
33217,0.9973352460798305
33218,0.9999505269085017
33219,0.9999936364190835
33220,0.9999915798510213
33221,0.9987166724571774
33222,0.9998688343635401
33223,0.9993763205045322
33224,0.9971337166895249
33225,0.999931468387016
33226,0.9999726645505492
33227,0.390892208619467
33228,0.9986982736187114
33229,0.9993216410085632
33230,0.9985268542650091
33231,0.9990714519155288
33232,0.9905634410423804
33233,0.9999640990812764
33234,0.9998800953067096
33235,0.9748062307399964
33236,0.2232528644321395
33237,0.9988494086525296
33238,0.9997515912309588
33239,0.9981199784890533
33240,0.9994695600371776
33241,0.9996983341103932
33242,0.9989533758113435
33243,0.8668548077523512
33244,0.9994007704265415
33245,0.9413901872266117
33246,0.9853705494968341
33247,0.9998547834377437
33248,0.9964073301422555
33249,0.9999800305299146
33250,0.9815299491796697
33251,0.9996144822744822
33252,0.9996236634801826
33253,0.9994732079113846
33254,0.9998664629341987
33255,0.9857651709193266
33256,0.9999555586388563
33257,0.9669133689065238
33258,0.6909553083257464
33259,0.9981892301513444
33260,0.4289262594156443
33261,0.998575982308963
33262,0.44913745544703915
33263,0.9541083553492045
33264,0.9999528849727696
33265,0.9996624085762988
33266,0.9999549607635785
33267,0.9999391160473502
33268,0.9985559451243466
33269,0.9996841685063874
33270,0.9998641680655974
33271,0.9998420946806678
33272,0.992289742327198
33273,0.9993103946314651
33274,0.9933075651698963
33275,0.999987294038954
33276,0.9950712643438214
33277,0.9992554892906669
33278,0.9968142864992534
33279,0.9991319649757096
33280,0.2524502346089606
33281,0.9455435495492664
33282,0.9999644395366204
33283,0.4231534510576894
33284,0.9656597625144704
33285,0.9994614070587776
33286,0.993923180514007
33287,0.057154026922816355
33288,0.9884518481899781
33289,0.9999273614425782
33290,0.9998740992145262
33291,0.9997507130575854
33292,0.9987754996619379
33293,0.9996667352619755
33294,0.9690937782978862
33295,0.9999739619005378
33296,0.9999708076830827
33297,0.9994348484071583
33298,0.9701742489694858
33299,0.9984371134278375
33300,0.9973700761089996
33301,0.9833448470666808
33302,0.9998533088046587
33303,0.9966209967893638
33304,0.9998602286549332
33305,0.9277600820481693
33306,0.990562084292316
33307,0.9024137918819237
33308,0.9999628213677985
33309,0.6736599572224489
33310,0.9478806948479054
33311,0.9280696546548121
33312,0.996314423646879
33313,0.9989507642541253
33314,0.9971700833962116
33315,0.9999169073520522
33316,0.9997392511707149
33317,0.9971576348223872
33318,0.9996375407854244
33319,0.9704633367081262
33320,0.9788738901247209
33321,0.9843408956253938
33322,0.9992766494711361
33323,0.9969344165573082
33324,0.9999092166918877
33325,0.9871795276694133
33326,0.17749346625802195
33327,0.9996435679152571
33328,0.9994208580434113
33329,0.9999743626491393
33330,0.9996937393971276
33331,0.9992566723911446
33332,0.9978162290761905
33333,0.9998550961138374
33334,0.9997777637128432
33335,0.9999270521565848
33336,0.998842318080084
33337,0.9890041276226327
33338,0.99497544451152
33339,0.998859139805354
33340,0.9926623114970864
33341,0.9991207714498112
33342,0.9999793154034472
33343,0.9901817465928685
33344,0.799958950424864
33345,0.9936151273201999
33346,0.9232584441232521
33347,0.999971394606494
33348,0.9999459666326432
33349,0.9762654309674517
33350,0.9991277688239427
33351,0.9999760433289097
33352,0.9992398401821863
33353,0.9999255887156918
33354,0.998334479025635
33355,0.9995637674695701
33356,0.9858482662746456
33357,0.9999941915988017
33358,0.9999647435034711
33359,0.9968306063143179
33360,0.999319752301709
33361,0.9916866835646496
33362,0.9993236668015617
33363,0.708467023123984
33364,0.999398258520275
33365,0.9979481504273343
33366,0.9927041546990255
33367,0.8695366754712579
33368,0.9998349305054542
33369,0.6679577928357134
33370,0.9984918106074143
33371,0.9984929691405131
33372,0.9995226183059736
33373,0.9997853040680799
33374,0.9999534505279434
33375,0.996816496333194
33376,0.9958035120194682
33377,0.9997650537229369
33378,0.9994846944604273
33379,0.9913124178405402
33380,0.9993384932331454
33381,0.9985378560042079
33382,0.99989172104504
33383,0.9315523533565173
33384,0.080609300236290607
33385,0.999991178832411
33386,0.9994507541889754
33387,0.999639586551941
33388,0.44156935487897847
33389,0.9902520121068756
33390,0.8746974960909628
33391,0.9999002900413823
33392,0.9998975949171719
33393,0.9965649169824451
33394,0.9994510792269136
33395,0.9983043957864486
33396,0.9997124794985991
33397,0.999985732680845
33398,0.9994117466419687
33399,0.9996544392744017
33400,0.8895418015068506
33401,0.9953682337732547
33402,0.9993243982912512
33403,0.998047769464486
33404,0.9991018845855925
33405,0.9947112695666146
33406,0.9999647744677522
33407,0.9995915664713259
33408,0.1960449689535781
33409,0.9932064110107228
33410,0.9944430509973635
33411,0.9770454350501364
33412,0.9994338522870531
33413,0.9995844092417909
33414,0.99998095371521
33415,0.9992608053954974
33416,0.9997043485783773
33417,0.9919520185899197
33418,0.9993941006650693
33419,0.9995761172065468
33420,0.9982180503724716
33421,0.6528517142986784
33422,0.9999820670692054
33423,0.9999462366532706
33424,0.9803772706627722
33425,0.976649877614512
33426,0.9870851886121377
33427,0.9999186380525339
33428,0.9991017307614861
33429,0.9992050306831205
33430,0.9989391085655887
33431,0.9999721478354886
33432,0.9960319151392035
33433,0.8872006808916195
33434,0.7116193500085485
33435,0.999391877626816
33436,0.9347462034958892
33437,0.9976771331918767
33438,0.9932645107725694
33439,0.924242346366729
33440,0.9998646660339906
33441,0.984666842542186
33442,0.9998974653917475
33443,0.9987156899930137
33444,0.9998507568552908
33445,0.9844017186296483
33446,0.9946850097847972
33447,0.8758607668901203
33448,0.989463021789562
33449,0.9982648929796946
33450,0.9931595150727743
33451,0.9942697346473984
33452,0.9999685973435474
33453,0.9999655112031283
33454,0.9984337687282411
33455,0.9998419950779758
33456,0.9984991066956475
33457,0.9998346907335939
33458,0.9849850234669227
33459,0.9810126332169066
33460,0.9997688970047861
33461,0.8497321116247419
33462,0.9997641634744598
33463,0.9895176676683327
33464,0.998595358313018
33465,0.999081887854701
33466,0.9989487516810354
33467,0.9999794126154697
33468,0.9992836928919345
33469,0.9947020064819301
33470,0.9992989704152256
33471,0.9972437480246482
33472,0.9950776394618492
33473,0.9900184542357958
33474,0.9998884831390563
33475,0.9999822270846549
33476,0.9907242425069621
33477,0.9993695404083531
33478,0.9840340176125394
33479,0.9975850972311077
33480,0.9999428052043121
33481,0.9997429278866609
33482,0.9597838312571956
33483,0.9980022620546322
33484,0.9981473476387711
33485,0.9998715193934804
33486,0.9999774315316494
33487,0.9990493964838206
33488,0.9999163856258871
33489,0.7251305969585863
33490,0.9999904817727283
33491,0.9939339054047253
33492,0.9877210218687574
33493,0.9999589981113648
33494,0.9671616648369168
33495,0.9989289093868691
33496,0.9972726844076916
33497,0.9917994777481789
33498,0.9999636941790568
33499,0.990482361953369
33500,0.964816541589391
33501,0.999823978978872
33502,0.6667020191542111
33503,0.9998218468983375
33504,0.9396277371949032
33505,0.9814708023669558
33506,0.9684358692963896
33507,0.8169475140634287
33508,0.9988247464640726
33509,0.9999559773607936
33510,0.2834843914723285
33511,0.9999933149844191
33512,0.3658185319508343
33513,0.9994332191706412
33514,0.9784938928741411
33515,0.9983815429828587
33516,0.9999781225813893
33517,0.7616701495994596
33518,0.9998453076612028
33519,0.9999435311628083
33520,0.9999450385770787
33521,0.9981547115176597
33522,0.62770512472432
33523,0.9999954503018121
33524,0.9999316672098544
33525,0.8450128506349769
33526,0.9996296362702644
33527,0.999959919899416
33528,0.9964222354445216
33529,0.9999428934413749
33530,0.9999918971839566
33531,0.9997564017525683
33532,0.9999462605878291
33533,0.9996007575271624
33534,0.9998748041809378
33535,0.999979577573351
33536,0.9911482577481887
33537,0.9941030604410003
33538,0.9871655314218197
33539,0.9997884923341361
33540,0.9999782785110287
33541,0.9166878117946682
33542,0.9999603226504684
33543,0.9998987785708305
33544,0.9964491625358054
33545,0.9995888284041898
33546,0.9994805388233664
33547,0.9989192318592031
33548,0.9991481696823067
33549,0.9947980299725349
33550,0.9739280282183591
33551,0.9998891923238826
33552,0.9999798043308985
33553,0.11180018987825378
33554,0.9999894820314453
33555,0.8959037482014219
33556,0.9999168068803715
33557,0.9999503326900291
33558,0.9985816308340754
33559,0.997475405827144
33560,0.9999297675795247
33561,0.9804799955642105
33562,0.9718006035428229
33563,0.6877411982179286
33564,0.9999750038318216
33565,0.9997947806388077
33566,0.9857713339538402
33567,0.9999964514635428
33568,0.9999888446802995
33569,0.9999615035042427
33570,0.9989322383837483
33571,0.9989581252553581
33572,0.9995316987593476
33573,0.9992600979081383
33574,0.999213276277187
33575,0.9987663034837357
33576,0.9584775841494398
33577,0.9981577153306639
33578,0.9700975496730774
33579,0.9981009898645201
33580,0.9999342607710827
33581,0.9996564125933951
33582,0.7922072976499931
33583,0.9975203733539677
33584,0.9297015494012916
33585,0.0072825290058811795
33586,0.9970351285908277
33587,0.9918485010168666
33588,0.9951701687669765
33589,0.8436362421816954
33590,0.9662131556598165
33591,0.9983971726927444
33592,0.9996680864291997
33593,0.927512529977553
33594,0.9990084697032828
33595,0.996970905709499
33596,0.9999689640117622
33597,0.9999723066898015
33598,0.9693137007870617
33599,0.35940461230033016
33600,0.9948970412265786
33601,0.9991693738841609
33602,0.9994224148341271
33603,0.9993844998543648
33604,0.9727338215436689
33605,0.9999754195326767
33606,0.9357281004771703
33607,0.995644781036284
33608,0.9950303974839394
33609,0.9984200761206501
33610,0.8373965586787819
33611,0.9985906459903434
33612,0.9997358255900121
33613,0.9955612770596198
33614,0.9998899024805117
33615,0.9938922639632609
33616,0.9919553891678311
33617,0.999998062460763
33618,0.9959508476905885
33619,0.9998855582034811
33620,0.9979501197208681
33621,0.9994210129520514
33622,0.9999463720131878
33623,0.9999628280297191
33624,0.9769405162763861
33625,0.9999357486999483
33626,0.9988036932860304
33627,0.9987346090220608
33628,0.9929544021850141
33629,0.999927182710871
33630,0.5046211063933068
33631,0.9999380673674052
33632,0.9959302721747012
33633,0.9994528606634954
33634,0.9918796009467211
33635,0.9999772826974735
33636,0.9999678720749278
33637,0.9967533786138921
33638,0.9999559660189418
33639,0.8305893412373138
33640,0.9992416391262154
33641,0.9981523269207111
33642,0.9999771088294015
33643,0.9991441163754932
33644,0.9996542273767584
33645,0.8880966340362711
33646,0.9441463295334064
33647,0.9999955262274138
33648,0.9972518972829737
33649,0.27173816552893343
33650,0.9924724348144778
33651,0.9990813490316911
33652,0.9969067995638639
33653,0.9994650902518881
33654,0.9999818325229055
33655,0.9998244617437874
33656,0.9998302036972547
33657,0.985710888062798
33658,0.9999610882089578
33659,0.9999617725560593
33660,0.9779518209110676
33661,0.9998152175621602
33662,0.9994894827575684
33663,0.9993647253725264
33664,0.9995077997713652
33665,0.9996868308926875
33666,0.9998753811074016
33667,0.9993386539625567
33668,0.9998805722826963
33669,0.9836663745329246
33670,0.999785153980499
33671,0.9998321473805646
33672,0.9958148554992095
33673,0.9997900694268675
33674,0.9996222559120588
33675,0.9729857013688521
33676,0.8975129824371074
33677,0.2953019434693547
33678,0.982130514336108
33679,0.9981581099780988
33680,0.9999805663284588
33681,0.9992820430364223
33682,0.9906759935582375
33683,0.9989815839472149
33684,0.9387610113415357
33685,0.9994157677413127
33686,0.9999317439115041
33687,0.9988708963351928
33688,0.9973550266313125
33689,0.9908852949208423
33690,0.999167813931438
33691,0.9996704401202777
33692,0.9998517775834388
33693,0.9997954874978014
33694,0.9911667673853268
33695,0.9978432601072414
33696,0.9987698103000365
33697,0.9994411778523644
33698,0.9996564683276897
33699,0.9433382840587324
33700,0.999417690139896
33701,0.9758226896570381
33702,0.9751534502033609
33703,0.9994076101194175
33704,0.9999822561610857
33705,0.9998951886846753
33706,0.9970387903582277
33707,0.9999131925318119
33708,0.9996985693429216
33709,0.9999412839152517
33710,0.9951115194561272
33711,0.997234311191875
33712,0.9999820498066478
33713,0.9756502453129888
33714,0.9995836670516074
33715,0.9998665533666727
33716,0.9995752111459499
33717,0.985643764042365
33718,0.9918069312679442
33719,0.24032005939615655
33720,0.9961082225957035
33721,0.9946457892807757
33722,0.9994914079182547
33723,0.9998106886070638
33724,0.9986586946921501
33725,0.9964226471722754
33726,0.9998985898039634
33727,0.9635544518537527
33728,0.9999513117986671
33729,0.9999967905189837
33730,0.999831838596701
33731,0.999535934973696
33732,0.9188875603065451
33733,0.9945881686618316
33734,0.9999519844984531
33735,0.9987701960470019
33736,0.9992313798941109
33737,0.9999717319071362
33738,0.9979035625753722
33739,0.9999329167586519
33740,0.9998934528739153
33741,0.9999135394109777
33742,0.998486723392055
33743,0.9998904298137725
33744,0.9978121122896465
33745,0.9999443527523988
33746,0.32344164136775544
33747,0.9993725370230832
33748,0.999293972180173
33749,0.996811382262225
33750,0.23085279607028417
33751,0.9948101948699386
33752,0.6801863441040962
33753,0.9999286192244279
33754,0.9998454290339123
33755,0.9896222698368363
33756,0.9991443824452495
33757,0.9983449036228284
33758,0.9851960295602399
33759,0.9999050624457028
33760,0.9999826611856862
33761,0.9999282600670575
33762,0.9999719158484829
33763,0.9935106757148267
33764,0.9997390416397786
33765,0.9464434960456665
33766,0.9872085775000727
33767,0.9961875767991332
33768,0.9953104927927567
33769,0.9995225515203889
33770,0.9993837310290667
33771,0.9946663191004558
33772,0.9982003291295728
33773,0.9705304213796493
33774,0.9990727738208812
33775,0.8931577178864553
33776,0.9992431900259179
33777,0.9995643512865143
33778,0.9972863548149917
33779,0.999708815687016
33780,0.9994744542197369
33781,0.9988967480999099
33782,0.9830806900808201
33783,0.9999815940547775
33784,0.9116361444828368
33785,0.980677785140833
33786,0.9930325714985068
33787,0.9625008580537964
33788,0.9995362447792467
33789,0.9993898194531924
33790,0.9989824602207018
33791,0.9998541247228566
33792,0.9999331558459016
33793,0.9999769924060744
33794,0.9989741924113126
33795,0.9762876183105972
33796,0.9995728299750279
33797,0.5440210683545634
33798,0.9999906164744835
33799,0.9999740598168005
33800,0.9984153799362635
33801,0.9978355067579457
33802,0.9996641910035737
33803,0.9994560246884661
33804,0.9344684589859517
33805,0.9994806677412885
33806,0.9992166468433215
33807,0.5999430607710619
33808,0.9997783909274404
33809,0.991287291015433
33810,0.9998714701784165
33811,0.9991014928351316
33812,0.9999848476114892
33813,0.28582870284296036
33814,0.9996999953964905
33815,0.04237046561077304
33816,0.7807958791096488
33817,0.9999680399516822
33818,0.9998950998151227
33819,0.998837480541767
33820,0.997256138180701
33821,0.9999164731016104
33822,0.9998924685949618
33823,0.9958758655300302
33824,0.9997574461444871
33825,0.995224042144131
33826,0.9995730941899428
33827,0.9997032134418822
33828,0.9901959858711248
33829,0.9971630943607155
33830,0.9999992169394555
33831,0.9804896896608039
33832,0.9999669337573598
33833,0.9993019578022649
33834,0.9996011828961481
33835,0.9996984769281342
33836,0.9995746552362644
33837,0.9999544880640241
33838,0.9994936227430697
33839,0.9959058325002964
33840,0.9998912693658493
33841,0.9999417235880969
33842,0.9293032540584606
33843,0.9996693689062226
33844,0.9999154179549761
33845,0.9985655963503993
33846,0.8785029841191885
33847,0.9998610665177701
33848,0.9999519541980508
33849,0.999981830082003
33850,0.9960967285056372
33851,0.874872111474076
33852,0.28012849352004804
33853,0.9999845324526694
33854,0.9989181677038522
33855,0.9999859527755908
33856,0.49404593087715043
33857,0.573798845431856
33858,0.96797260822089215
33859,0.9995744659119459
33860,0.2215917766963146
33861,0.9857425222077699
33862,0.9795223234364839
33863,0.999082422380602
33864,0.9998935871036286
33865,0.9790431490327266
33866,0.9991598584543279
33867,0.9996888253004403
33868,0.8958602435640958
33869,0.9978875086490867
33870,0.9991079915166313
33871,0.9953245397407887
33872,0.9997434864637311
33873,0.9999630456244306
33874,0.9999949644309248
33875,0.9992336672367236
33876,0.999106823767344
33877,0.16546054703851842
33878,0.9972069666239216
33879,0.9986729781965531
33880,0.9862362332167723
33881,0.9999143466867175
33882,0.9973721893430924
33883,0.9998800553097423
33884,0.934493356943621
33885,0.941358505465922
33886,0.6836865603614872
33887,0.9747794857628658
33888,0.9994224840034588
33889,0.9999829612405932
33890,0.9999483949591613
33891,0.9998890848634342
33892,0.4405386785971057
33893,0.5836649508149151
33894,0.9695666747197649
33895,0.988192997954897
33896,0.999871393808988
33897,0.9999161753013566
33898,0.999985856703433
33899,0.9993081740496608
33900,0.9067830304134266
33901,0.9952131150379407
33902,0.9830692840810429
33903,0.5647551114526707
33904,0.9998625908398585
33905,0.9999310833584285
33906,0.9991735863833829
33907,0.9682928900598825
33908,0.9999423767131169
33909,0.9989616860713572
33910,0.9831433668316498
33911,0.92476746080296
33912,0.9999982507140507
33913,0.9720894355353918
33914,0.999999380880926
33915,0.9999937579845796
33916,0.9999752808216388
33917,0.9983878653192245
33918,0.999066983689275
33919,0.9706128237248838
33920,0.999591810672492
33921,0.9951999752994102
33922,0.9999341978744236
33923,0.9996602335217931
33924,0.9975070051804297
33925,0.9999587501867527
33926,0.9999753990289438
33927,0.9994296005636853
33928,0.8838175249761662
33929,0.9999488845991134
33930,0.9899477642682614
33931,0.996221750225918
33932,0.961565960881283
33933,0.9996907062746943
33934,0.9991478560842898
33935,0.9999904764187972
33936,0.9997669538422008
33937,0.9995098065580108
33938,0.9998473994846652
33939,0.9999549766806938
33940,0.9999340234061269
33941,0.963273827431295
33942,0.996631202461467
33943,0.9964870894707971
33944,0.9997414546901232
33945,0.9990552017302803
33946,0.9990007273856434
33947,0.9994051692843742
33948,0.9922247394171
33949,0.9999589522060897
33950,0.9876662517878728
33951,0.999899834880081
33952,0.9991125513333753
33953,0.9999726984055608
33954,0.988183759021687
33955,0.9999768299963876
33956,0.9996892278053264
33957,0.9887373471638777
33958,0.9766956709566867
33959,0.9774785570834055
33960,0.9992413657735715
33961,0.9999050684307214
33962,0.9999147177211517
33963,0.9982775022611122
33964,0.9972603492065046
33965,0.9998946312653174
33966,0.9999791438837311
33967,0.9848519560458591
33968,0.9887777991999064
33969,0.9996091354427211
33970,0.9395427768555724
33971,0.998372946048314
33972,0.9987576948093599
33973,0.9999652450336121
33974,0.993275375619836
33975,0.9972449008927775
33976,0.9980831679629142
33977,0.9982437822546963
33978,0.9965130790363772
33979,0.9998023115949218
33980,0.6916876087715783
33981,0.9998063139733444
33982,0.9986585138782991
33983,0.9994783802110074
33984,0.9991808668835009
33985,0.9995772063190195
33986,0.9979293126613579
33987,0.9997819729365117
33988,0.9990601462197751
33989,0.9719867118527203
33990,0.782364852775565
33991,0.9999872565694092
33992,0.998864427732383
33993,0.5289451958184294
33994,0.9999863910465635
33995,0.9573293921792538
33996,0.9990660140532218
33997,0.999902411461242
33998,0.9996626006318632
33999,0.9994447359953235
34000,0.9997016503877637
34001,0.999622602828987
34002,0.9999620345393153
34003,0.7385561913825427
34004,0.9999563082407505
34005,0.999980757750047
34006,0.9864693211170442
34007,0.9983076612800251
34008,0.9984374952102446
34009,0.6280633015431708
34010,0.853411393421144
34011,0.9997273367060813
34012,0.9999491215252477
34013,0.979112769531011
34014,0.9996641338758282
34015,0.9994281419110947
34016,0.9937866131732432
34017,0.9999854507932404
34018,0.9968998015481209
34019,0.9994732795778849
34020,0.9999625429152611
34021,0.9999174487871119
34022,0.9948458045927943
34023,0.9999564115044861
34024,0.9979325968535389
34025,0.9999734048975214
34026,0.9728596191628817
34027,0.9338825525671387
34028,0.9995127495394683
34029,0.9379976678083217
34030,0.43976024997105384
34031,0.999843202582435
34032,0.5988804094601884
34033,0.7348702720092991
34034,0.9985010189605044
34035,0.9985600249138082
34036,0.9620109606855807
34037,0.9991005216514358
34038,0.6716642651047666
34039,0.9998144386627236
34040,0.9999501884321689
34041,0.9999669784680344
34042,0.9779216767947759
34043,0.9999813416542451
34044,0.9995047394787537
34045,0.9995725781600111
34046,0.9998823645513097
34047,0.9999452601380909
34048,0.9999335457030615
34049,0.9999958621091363
34050,0.9910010162281576
34051,0.99911748031920955
34052,0.9995457394410231
34053,0.9906779230974927
34054,0.9995387238134964
34055,0.9985752267747978
34056,0.9999814916828698
34057,0.9999866892509547
34058,0.9993199567770541
34059,0.9997709024128346
34060,0.9998068428939944
34061,0.9898740724849664
34062,0.9931873370512514
34063,0.9721909440129558
34064,0.9860444419972445
34065,0.9999919866077411
34066,0.9939281030164611
34067,0.9999911724842495
34068,0.11614519849882135
34069,0.9993504718240406
34070,0.9999728761148323
34071,0.7255659830973784
34072,0.999372444022549
34073,0.99894832685333
34074,0.9996988770704396
34075,0.994904726786216
34076,0.9998569207368092
34077,0.998025786997729
34078,0.9993065883906619
34079,0.9999603697087467
34080,0.9405842245544964
34081,0.9969254097873745
34082,0.9999758913995634
34083,0.9996372666514212
34084,0.9822220513830061
34085,0.9091536838156185
34086,0.9999191524888235
34087,0.8779259965788762
34088,0.9959573673684016
34089,0.999981607360612
34090,0.9999735198315672
34091,0.997961992316808
34092,0.9978563147153848
34093,0.9998288215813265
34094,0.9999959046013375
34095,0.9999896142690887
34096,0.9985879334960602
34097,0.9998695528122555
34098,0.9998998313317772
34099,0.9999223372352445
34100,0.9985288867373546
34101,0.9997911320293883
34102,0.7603399680596957
34103,0.9966639394760122
34104,0.9642520308271392
34105,0.9992537337273537
34106,0.9891657561324373
34107,0.9919072426619567
34108,0.9998541653315263
34109,0.9999818575397031
34110,0.9942365590390558
34111,0.9999706983658028
34112,0.9946439818526924
34113,0.99913903973224
34114,0.9808574318908416
34115,0.9998244446473378
34116,0.9996966147274928
34117,0.9998655208414856
34118,0.97382841755943506
34119,0.9908967729917557
34120,0.993117048626576
34121,0.9999809091357061
34122,0.9995849968240427
34123,0.9961816817498795
34124,0.9970576624044983
34125,0.9933068746346181
34126,0.998198098732382
34127,0.9999703629399859
34128,0.9993865323505472
34129,0.9999828720744233
34130,0.9991021282733827
34131,0.9994794546048833
34132,0.9996161444002715
34133,0.9895532302698663
34134,0.9995601213831948
34135,0.9998912386539401
34136,0.9466886665809661
34137,0.8674212164915861
34138,0.9999504979678623
34139,0.9997202488600576
34140,0.9947879794970951
34141,0.9999615966000658
34142,0.9982691929742646
34143,0.3478875051489466
34144,0.9999856520966256
34145,0.9921461191164529
34146,0.9869697331753228
34147,0.9995550189606754
34148,0.9951391130205225
34149,0.9975145648625654
34150,0.9999421908362868
34151,0.9853053546036251
34152,0.9660343594460338
34153,0.6726184073152219
34154,0.9991184720534926
34155,0.9987601099598848
34156,0.9999179333186802
34157,0.9999851781302449
34158,0.9983161420950042
34159,0.9998176647494746
34160,0.9999963663938508
34161,0.9898074976629989
34162,0.9845902199677752
34163,0.7264389823427511
34164,0.9988351920955988
34165,0.9989625999801851
34166,0.9984458036371849
34167,0.9842126601207717
34168,0.9749652760608983
34169,0.999460368701498
34170,0.9446110890542114
34171,0.7316862910191898
34172,0.9402764732014772
34173,0.9823250171977722
34174,0.9886771670253452
34175,0.9996856908860798
34176,0.9983660097932432
34177,0.9778201505349178
34178,0.9966815257980968
34179,0.9970902504650205
34180,0.9998996887800106
34181,0.999661359581522
34182,0.999954170462411
34183,0.990330951824353
34184,0.9983149077103125
34185,0.9996363305688241
34186,0.9992793712077718
34187,0.9974794980188064
34188,0.6544499734918346
34189,0.9999838262857679
34190,0.9803151999320674
34191,0.9999781064398655
34192,0.9977749238122814
34193,0.9937894166490157
34194,0.9862272134816837
34195,0.9709693971200465
34196,0.9998808970932652
34197,0.9963064256285971
34198,0.9985703929286405
34199,0.9989620626900194
34200,0.9999051773845381
34201,0.9977148012548006
34202,0.9999923341103096
34203,0.9991598584543279
34204,0.999799426857925
34205,0.99900143657215
34206,0.9997823675937358
34207,0.99993463331192
34208,0.9999774634893003
34209,0.03116952740598515
34210,0.9993409691661751
34211,0.9995626200912778
34212,0.9990079199214204
34213,0.9926877850771985
34214,0.9749104755036118
34215,0.66467752730607
34216,0.9950665544871163
34217,0.9999960276996044
34218,0.9988551215131709
34219,0.9007367118775065
34220,0.9996098906277853
34221,0.9990852895969206
34222,0.982749192614896
34223,0.9965137991987609
34224,0.998418610760058
34225,0.9974625342756857
34226,0.9909233164040012
34227,0.9968120916790638
34228,0.999286692888395
34229,0.9999612368320477
34230,0.9998993187644187
34231,0.999885813983399
34232,0.9978816668985371
34233,0.9999491584978777
34234,0.9999940657793372
34235,0.9826198060830139
34236,0.9885526031679206
34237,0.9999438164902388
34238,0.9993218127851617
34239,0.999113227289427
34240,0.9833092067581756
34241,0.9943761915765924
34242,0.9994776654875652
34243,0.9999937269949672
34244,0.9916957806438126
34245,0.9528917343959717
34246,0.9999541528878555
34247,0.9995098223203172
34248,0.9975059623183617
34249,0.9999418280320292
34250,0.9981892301513444
34251,0.9036427101796233
34252,0.9998269257812673
34253,0.9997865592872907
34254,0.9993349740504323
34255,0.9491896385173546
34256,0.9994577389552887
34257,0.8579516819704335
34258,0.22937968451303067
34259,0.9999052910125978
34260,0.9999774711688538
34261,0.9989941423364121
34262,0.9998148288921677
34263,0.9995712162487237
34264,0.9995059040011758
34265,0.9956674300765789
34266,0.9999155953314588
34267,0.999880807824894
34268,0.9999817337910455
34269,0.9999816401209297
34270,0.9998835001693476
34271,0.9825919947581324
34272,0.9995883377915866
34273,0.9992836497067864
34274,0.5414447462960364
34275,0.9999565347673322
34276,0.7706554627860261
34277,0.9798316475034472
34278,0.9987597584350502
34279,0.9999736444050049
34280,0.9996200766498079
34281,0.9997514265324678
34282,0.9987603734556527
34283,0.999803439448328
34284,0.9981506074969628
34285,0.9551489567118431
34286,0.9967598940931945
34287,0.6212841689522509
34288,0.9285979238793025
34289,0.9916390441631813
34290,0.997159829242048
34291,0.9986729223749382
34292,0.9993524919710748
34293,0.9999540083071634
34294,0.9619710211071929
34295,0.9999421166351006
34296,0.9976967534019836
34297,0.9998766951396342
34298,0.9999679699282542
34299,0.9999668994004038
34300,0.9991625281187595
34301,0.9757424276723754
34302,0.9933680428574332
34303,0.9988823055994479
34304,0.9997793727161797
34305,0.9995049895284486
34306,0.9954996471725029
34307,0.9990369862390784
34308,0.6396151709332968
34309,0.8990691939502364
34310,0.872605840625749
34311,0.9994067928544956
34312,0.9305496693189308
34313,0.994344054915102
34314,0.9999114429695174
34315,0.7749347193453908
34316,0.9993863365649001
34317,0.9999162926630134
34318,0.998817143186159
34319,0.42723950594396914
34320,0.9994199572160294
34321,0.9991358265565333
34322,0.9991159902316493
34323,0.986236502899811
34324,0.9821714985580939
34325,0.9999086598860556
34326,0.9996483616644096
34327,0.999570109648413
34328,0.9655467240846339
34329,0.031793100313718146
34330,0.999628151927695
34331,0.9999074272851046
34332,0.9999390792553295
34333,0.9999356212901968
34334,0.9993933782009622
34335,0.9587004575098924
34336,0.8215552337906081
34337,0.9973343503142895
34338,0.8710107980726546
34339,0.9983956173343009
34340,0.9981502324917163
34341,0.9999972561040621
34342,0.9966403044744692
34343,0.36331755430498924
34344,0.9540503604105579
34345,0.9992723137389571
34346,0.999964605988103
34347,0.9967115353866589
34348,0.9980454165791061
34349,0.99998714306292
34350,0.9998236099721891
34351,0.9992433323220391
34352,0.9989294038287999
34353,0.9979829525629429
34354,0.9637914105146614
34355,0.9923931991748498
34356,0.9993123155069412
34357,0.999938219748096
34358,0.9998745307712584
34359,0.8135438350579559
34360,0.999938271516663
34361,0.9987573187209703
34362,0.9999391881387906
34363,0.9998692774178154
34364,0.8992452858903892
34365,0.9994741774853597
34366,0.9962329405953826
34367,0.999987097371893
34368,0.9992315603404995
34369,0.9716317489740335
34370,0.9999370782118079
34371,0.9999853236467836
34372,0.9995642432621925
34373,0.9992357150344737
34374,0.9999683422548796
34375,0.9999724564498813
34376,0.999769533078193
34377,0.9996175301095755
34378,0.9983702084148904
34379,0.980054948513115
34380,0.9960423022940552
34381,0.9723226880604299
34382,0.9994359193598088
34383,0.9999763772010576
34384,0.993361504278622
34385,0.99676929394888
34386,0.9795523275016613
34387,0.9780226506819073
34388,0.9998878607505601
34389,0.9968295225845305
34390,0.9821152730461584
34391,0.9754930495267358
34392,0.985893651345281
34393,0.9997865590552563
34394,0.9115045839826088
34395,0.9994935132669704
34396,0.9993355206471233
34397,0.9997665592122738
34398,0.999218040670655
34399,0.9955858461971999
34400,0.9975572749035504
34401,0.027436813112243375
34402,0.9902918221225994
34403,0.6063628755088463
34404,0.9966469369610732
34405,0.9999799862908602
34406,0.9990745759088534
34407,0.9995734590564865
34408,0.9995259309515231
34409,0.9997875533354847
34410,0.9996212599244918
34411,0.9996311213649339
34412,0.9898988457923407
34413,0.9904712551889836
34414,0.9995869793014079
34415,0.9999929263531995
34416,0.9999524662783947
34417,0.9994271534891404
34418,0.9999987628420584
34419,0.9347091607919353
34420,0.9993423936005655
34421,0.3851579807308305
34422,0.9995263033658068
34423,0.841103632567005
34424,0.9964124025953963
34425,0.9996078434675477
34426,0.99946561289797
34427,0.999538939920238
34428,0.9999787044116804
34429,0.9989788132995054
34430,0.9999714070229848
34431,0.9957411561962666
34432,0.9999883101295867
34433,0.8619877911341137
34434,0.9995183245779705
34435,0.9223779909521445
34436,0.9994414381198592
34437,0.9994701908095872
34438,0.9999781023945317
34439,0.9991726036889994
34440,0.9999087955195319
34441,0.9999080418621341
34442,0.8742665837729736
34443,0.9999299235983927
34444,0.9842796574676455
34445,0.9978402449794145
34446,0.999935109740829
34447,0.999957914861904
34448,0.9971626144215091
34449,0.9960787349286142
34450,0.8167824760598147
34451,0.9915058404081664
34452,0.9982772136883236
34453,0.9826254417210201
34454,0.9996925329018799
34455,0.9983167272305725
34456,0.9999323834431076
34457,0.9895441603013122
34458,0.9663963805940385
34459,0.9963858921922044
34460,0.7732458987544033
34461,0.99950803630920515
34462,0.7461094829840297
34463,0.9999482154011331
34464,0.9999838446086478
34465,0.9993228477247249
34466,0.9995264143212774
34467,0.9999734752132775
34468,0.9999877331755027
34469,0.9999069316116949
34470,0.9995697560010516
34471,0.9997245619187627
34472,0.9544260667080428
34473,0.9999695063922334
34474,0.999946021732642
34475,0.9472229042360107
34476,0.9955674830591827
34477,0.8864419155433574
34478,0.9999192954490452
34479,0.999406673838673
34480,0.9936059038658428
34481,0.9998825019557745
34482,0.9997971937562659
34483,0.9950095953406434
34484,0.9964033343965131
34485,0.9997810817807669
34486,0.9987975883464294
34487,0.9999639397296188
34488,0.2006820228660839
34489,0.5554561248897787
34490,0.9970950274604139
34491,0.9980335643285599
34492,0.9998467579654554
34493,0.9999179271618044
34494,0.9999687138985275
34495,0.999987926638349
34496,0.9990343851730128
34497,0.9999769018229968
34498,0.9991544692418772
34499,0.9999693263489998
34500,0.9999670616417153
34501,0.0269435368583005
34502,0.9986330870862956
34503,0.7971403837373837
34504,0.9999072056780065
34505,0.9601635081696631
34506,0.9995366153894377
34507,0.96913009176455
34508,0.9999747368629545
34509,0.9999770196621803
34510,0.9997529255966938
34511,0.9998742549053994
34512,0.9999590732507717
34513,0.9928089611581199
34514,0.9999503226294928
34515,0.8238857592044385
34516,0.970570590605252
34517,0.9992859737723251
34518,0.9998070415896533
34519,0.9999612045892206
34520,0.9998741840901614
34521,0.9909131035493913
34522,0.9800146407798515
34523,0.9992959640950361
34524,0.8878684231478771
34525,0.9987048219025804
34526,0.9988850410652724
34527,0.9999142828202398
34528,0.9987523949989868
34529,0.23475946592970237
34530,0.9986847213271848
34531,0.9998251813804544
34532,0.9996282767842237
34533,0.999852395862225
34534,0.999928887766711
34535,0.9888887318478319
34536,0.9988066117454925
34537,0.9977910517447255
34538,0.9992887691778505
34539,0.00414287217805009
34540,0.9984120532871477
34541,0.9994962887969228
34542,0.9998742060916752
34543,0.999958021438405
34544,0.30849742547173953
34545,0.9979879383523135
34546,0.9916586428352664
34547,0.9672521788280584
34548,0.9992401460416779
34549,0.969043436537082
34550,0.9986257860176244
34551,0.9959462076573936
34552,0.9988257816050974
34553,0.9999838391920874
34554,0.9829756936384911
34555,0.9956925405532906
34556,0.9991260588079819
34557,0.06533530809606333
34558,0.9991550031255922
34559,0.9940856143429765
34560,0.9999147139685084
34561,0.9849979234109234
34562,0.9998581526437957
34563,0.9995877853027537
34564,0.9900051018351618
34565,0.9973306514495546
34566,0.9956350008236807
34567,0.9986980833832052
34568,0.9990726527729488
34569,0.9537982981767471
34570,0.999107973135349
34571,0.9994709791796009
34572,0.9999429347292592
34573,0.9953540604828603
34574,0.9972992316852106
34575,0.9644363080273848
34576,0.9998443491901173
34577,0.9995726588632415
34578,0.9057806638757983
34579,0.9996446402997703
34580,0.9994119783919613
34581,0.9987471465907146
34582,0.9998363299078574
34583,0.9998728227836059
34584,0.9982991594464593
34585,0.35017980565513357
34586,0.9762040373568529
34587,0.9999496460824215
34588,0.9838854520589176
34589,0.9993498318861954
34590,0.999637102626522
34591,0.9999426762152875
34592,0.9946351560273818
34593,0.9996404669786986
34594,0.9999883801399936
34595,0.7785048330494069
34596,0.9896598598020133
34597,0.9956774482028714
34598,0.9981925859997023
34599,0.9999715657646387
34600,0.9971645031118588
34601,0.9933052491225675
34602,0.9775112286849218
34603,0.992325524130893
34604,0.9995542863803555
34605,0.9996361213430507
34606,0.9999733771142202
34607,0.932313324117614
34608,0.058692093897437035
34609,0.9859536971657621
34610,0.9988970656963285
34611,0.9999036332305242
34612,0.9997224107066978
34613,0.9995438608557226
34614,0.9898704278633828
34615,0.9990891983528608
34616,0.9999273212996337
34617,0.9878572895813355
34618,0.9999890585657765
34619,0.9992387314674621
34620,0.9973408089661638
34621,0.9650231507744627
34622,0.9684445260345027
34623,0.9997736877653066
34624,0.9836213044179238
34625,0.9362628470746087
34626,0.9999891946022595
34627,0.9995939280864533
34628,0.9975388070900036
34629,0.9998862652307614
34630,0.9977587961907245
34631,0.9990493918813674
34632,0.9996114614125874
34633,0.9047777577340201
34634,0.9997613546263755
34635,0.926364134276438
34636,0.9807430777364518
34637,0.9993926843072929
34638,0.9981176249466875
34639,0.9832427020098017
34640,0.9483125600480747
34641,0.9956551227309177
34642,0.9893016744529141
34643,0.999923887966146
34644,0.9999862156731493
34645,0.9621865199870784
34646,0.9384193987885585
34647,0.9999973429835766
34648,0.9720053105088924
34649,0.999214951043963
34650,0.977601006790635
34651,0.9911536324042951
34652,0.5776490457060481
34653,0.9995087469375008
34654,0.9716489972501448
34655,0.9934582046765161
34656,0.9780704271178007
34657,0.9998743605346884
34658,0.9999854205114649
34659,0.999919033243688
34660,0.9671927137425038
34661,0.6056872684352497
34662,0.7881296206391011
34663,0.9998369636271697
34664,0.9999112151086913
34665,0.9999800355276222
34666,0.9995690412500591
34667,0.9999860108213305
34668,0.9965812603113461
34669,0.9999820433766632
34670,0.9994860296994496
34671,0.9983794301919177
34672,0.9999685381655234
34673,0.9988460722906151
34674,0.7620413488771032
34675,0.9945847900564881
34676,0.9890781415396022
34677,0.9999180367662588
34678,0.5881445458059752
34679,0.9999964222821337
34680,0.02200167049276941
34681,0.6953702263027233
34682,0.9639896707248187
34683,0.9992287767231073
34684,0.9998574675395054
34685,0.9998673835510008
34686,0.9999733331902686
34687,0.9834486197513322
34688,0.993336673469148
34689,0.9785979905686192
34690,0.9993123216812737
34691,0.9976614274608455
34692,0.9999916927988772
34693,0.9845895180773268
34694,0.9986591128992518
34695,0.9982399437583646
34696,0.999983393776876
34697,0.9994094594903788
34698,0.9998859490447622
34699,0.9627106050286756
34700,0.9999823123153327
34701,0.9996506355582399
34702,0.9999073503311952
34703,0.9984962762469062
34704,0.99138622373769
34705,0.9999846195914603
34706,0.9817909651619868
34707,0.9999717188449538
34708,0.9943975483167747
34709,0.9995236551741115
34710,0.998573384878909
34711,0.9975852083427674
34712,0.999297600329522
34713,0.9973094748289196
34714,0.9969123516667039
34715,0.4263138476565621
34716,0.9994905791070829
34717,0.9995347001955033
34718,0.9970318264323111
34719,0.9984371970649621
34720,0.5055492655845002
34721,0.9860017609084732
34722,0.9990913580025647
34723,0.9996266303664956
34724,0.9951558017450621
34725,0.9680486759483643
34726,0.9994042127531196
34727,0.9304564262796183
34728,0.8618506410993
34729,0.9933055861813874
34730,0.9996576216736689
34731,0.9998663823154929
34732,0.9999322591628136
34733,0.9423466416960891
34734,0.9519971761252435
34735,0.9961605999042346
34736,0.9798830644594945
34737,0.41614769575654953
34738,0.999824439218651
34739,0.9999094694775896
34740,0.9744604095415221
34741,0.9998824962093715
34742,0.9998039119345135
34743,0.9998566160124631
34744,0.9708559408513473
34745,0.9989391225546215
34746,0.9998395973638374
34747,0.9997004921294327
34748,0.9838880484475248
34749,0.9999775863836167
34750,0.6024436195887154
34751,0.9999803701088981
34752,0.9992126384697176
34753,0.9999158925460809
34754,0.4554338176031916
34755,0.9947000716255114
34756,0.9995416822174007
34757,0.999831126493566
34758,0.9994806460177188
34759,0.9935739983821346
34760,0.9991199132193438
34761,0.999767376621442
34762,0.9981678778682516
34763,0.9990837965867174
34764,0.9988977960545515
34765,0.9999394406063612
34766,0.9995730916248767
34767,0.9999670520195595
34768,0.9496979914887483
34769,0.9996000433931058
34770,0.9999684560321169
34771,0.9998182989419809
34772,0.9999230767967312
34773,0.998738238200102
34774,0.9449112702011689
34775,0.9967235315708186
34776,0.9988705223279001
34777,0.9998667679316594
34778,0.9999042341746474
34779,0.9999618126971479
34780,0.8286056910490797
34781,0.9996926776479567
34782,0.9997949998384158
34783,0.9987682644547227
34784,0.9996142220001937
34785,0.9998318021341221
34786,0.9986484480787886
34787,0.9999740997664104
34788,0.99984070324457
34789,0.9999108451390655
34790,0.9987999934871605
34791,0.9993598252242165
34792,0.9995217059620977
34793,0.9999355329154698
34794,0.9978313733975149
34795,0.9999838399823242
34796,0.9972675923744589
34797,0.9999659088823504
34798,0.976362894385735
34799,0.7872335243234438
34800,0.9987222179160854
34801,0.9907144214185628
34802,0.848064403539545
34803,0.9935267471029079
34804,0.9941557298409512
34805,0.9991764032855954
34806,0.938697161737948
34807,0.9994969198275782
34808,0.97410066574167
34809,0.9967609060257329
34810,0.979917280342524
34811,0.4989480230343711
34812,0.9999003904697338
34813,0.9998709141847779
34814,0.9995282329845108
34815,0.998398791734426
34816,0.9999091753782167
34817,0.7259757523827174
34818,0.1493871860159002
34819,0.0040662353207946865
34820,0.9982926190915112
34821,0.9963963393624803
34822,0.9999499665455599
34823,0.99995670299668
34824,0.9465729933976029
34825,0.9999964136870396
34826,0.9999834142232822
34827,0.9999726230051499
34828,0.9935671406525324
34829,0.9985924799622793
34830,0.9992660128550874
34831,0.9998900248637517
34832,0.7039955730866632
34833,0.9999191346740286
34834,0.9999784818387084
34835,0.9987917815199693
34836,0.9996496438228748
34837,0.9994235695566324
34838,0.9999985584626006
34839,0.9996174667052173
34840,0.9997571542460566
34841,0.9999789536429179
34842,0.9980674047763527
34843,0.9915829597424654
34844,0.9999955877039298
34845,0.9994908698840066
34846,0.9996939524999222
34847,0.9758229304683887
34848,0.9922102875799987
34849,0.9999639031188797
34850,0.999823160555579
34851,0.9988155554367143
34852,0.9985245309128651
34853,0.9260004753514912
34854,0.27120116804887234
34855,0.9999536980892157
34856,0.9999966192678503
34857,0.9868316415694949
34858,0.9994014748184098
34859,0.9921095314882563
34860,0.9945350642709109
34861,0.9999864989047347
34862,0.9994560307558734
34863,0.9994403947790299
34864,0.990808902439069
34865,0.9999022220165015
34866,0.9991219240886574
34867,0.5656675161146042
34868,0.9991446827331751
34869,0.9999480400507759
34870,0.9999164153516977
34871,0.9473866722551225
34872,0.9957828737806819
34873,0.9997824831224659
34874,0.999883746839929
34875,0.9987155330942207
34876,0.9998633020692281
34877,0.999904232659185
34878,0.9749707232957787
34879,0.9979983924904499
34880,0.9987735922774775
34881,0.8540409356450408
34882,0.9998488057678057
34883,0.990811399758526
34884,0.9992291251782219
34885,0.9956396426542137
34886,0.9977582957143506
34887,0.6492495948888112
34888,0.9992596971945586
34889,0.999921202824029
34890,0.9998367215329841
34891,0.9995014696130039
34892,0.9995024169179388
34893,0.9997503256687749
34894,0.9990297391773665
34895,0.9921709917058438
34896,0.9875011812962047
34897,0.9999456592123662
34898,0.9894580091652911
34899,0.9962046651415156
34900,0.9971364074209111
34901,0.9975813671956879
34902,0.9998590753682208
34903,0.9962338005624892
34904,0.9998441821611617
34905,0.9696053547263738
34906,0.9999566922441223
34907,0.9998760516094043
34908,0.9997847699168632
34909,0.9985566139791663
34910,0.9957728284160499
34911,0.9947062364068026
34912,0.9998733467673758
34913,0.779694652402517
34914,0.9999844882644655
34915,0.9977984854315479
34916,0.9998766987124251
34917,0.9999614018879637
34918,0.999952746735552
34919,0.9999715036093092
34920,0.9999874834009039
34921,0.9146132817956207
34922,0.9623120725908787
34923,0.9900347065551265
34924,0.9968728111175671
34925,0.9995415542399247
34926,0.9999589930522877
34927,0.9999451514940523
34928,0.9989994714225664
34929,0.9999638539084575
34930,0.9999731917271385
34931,9.85044411219656e-4
34932,0.9991283787705509
34933,0.9996825744125581
34934,0.9999709029553189
34935,0.9995792131483124
34936,0.9892289886011514
34937,0.991575142048048
34938,0.9983328457842084
34939,0.9997354994306387
34940,0.9999732188164354
34941,0.9925489743899557
34942,0.9980102838654425
34943,0.999488395051572
34944,0.9152835297546644
34945,0.9916719636610943
34946,0.828040152622187
34947,0.9992448707457126
34948,0.9995328538060452
34949,0.9999894807050218
34950,0.996844621779052
34951,0.9979299944941163
34952,0.8859735576082061
34953,0.9993877340552911
34954,0.9982574028892046
34955,0.9991206398625492
34956,0.9965010786112457
34957,0.9997272790276074
34958,0.9891616279885311
34959,0.9999592990122441
34960,0.9996785399541385
34961,0.9998664984704803
34962,0.9999210249629062
34963,0.9998609005814372
34964,0.9954593068871332
34965,0.9938948077944828
34966,0.9995087619876952
34967,0.9934529066352761
34968,0.9927339676840929
34969,0.9997209450731588
34970,0.9999640740525257
34971,0.9739280341242835
34972,0.9987204126482119
34973,0.9962135335729198
34974,0.9987128240943862
34975,0.9980638729600835
34976,0.9999706922507882
34977,0.9986912228680439
34978,0.9980798523965512
34979,0.9999773242038296
34980,0.9986989922022368
34981,0.9577826686860427
34982,0.9932862542899229
34983,0.9954989175012491
34984,0.9997591877350398
34985,0.999841028923039
34986,0.9999744280812634
34987,0.9993110468603598
34988,0.998919269969746
34989,0.9993280694005008
34990,0.9997881085278296
34991,0.9983978386538354
34992,0.9999601371725853
34993,0.9999352467459304
34994,0.9911405101991001
34995,0.9996898461956089
34996,0.9897746417238859
34997,0.9994111843475311
34998,0.999780300667933
34999,0.9640952029425519
35000,0.9999350118282481
35001,0.9999928784417167
35002,0.9998310025382966
35003,0.9998130552480249
35004,0.9982969942571044
35005,0.9928248713032892
35006,0.9996540874186485
35007,0.9999598363248265
35008,0.992763463819723
35009,0.9998930120941277
35010,0.9999731027574937
35011,0.9999506055260625
35012,0.9938554819316845
35013,0.9985538622622763
35014,0.5989444866570806
35015,0.9872347130204743
35016,0.9987042584755766
35017,0.9993527496285577
35018,0.9998892082653683
35019,0.5876280518567167
35020,0.9998231748448262
35021,0.9998125411922104
35022,0.9997854397632642
35023,0.9798174256280916
35024,0.038568718645606945
35025,0.9998408693199722
35026,0.9997822077572661
35027,0.9991235765397718
35028,0.9992872399827759
35029,0.9331527236479273
35030,0.9999484945097314
35031,0.99996564008733
35032,0.9974895150179717
35033,0.9999699399357086
35034,0.999521934849972
35035,0.6733880465538276
35036,0.9998334532909608
35037,0.9991046586042029
35038,0.974771232464418
35039,0.9994465895626505
35040,0.7484416672673768
35041,0.9999673891205808
35042,0.9963080915240992
35043,0.999963222889349
35044,0.9983179775082598
35045,0.9999413567346798
35046,0.19665753621868196
35047,0.9974204859226637
35048,0.9782138537773526
35049,0.9995000067482565
35050,0.852054998525748
35051,0.8804920341185449
35052,0.9682169907808432
35053,0.9999416110848243
35054,0.9999956006061466
35055,0.9999673162213266
35056,0.999919838060703
35057,0.9997511162607445
35058,0.999825951536879
35059,0.999975015702622
35060,0.9997611914104982
35061,0.9285158342141695
35062,0.9999342337996672
35063,0.9997803875288541
35064,0.9995526414634217
35065,0.9992694517514187
35066,0.9725449662011654
35067,0.9755116208633086
35068,0.9994466261924649
35069,0.9847040311283211
35070,0.9992077530772034
35071,0.9999303637327488
35072,0.9954040754265423
35073,0.9999736673559504
35074,0.9463702584675747
35075,0.9908614329548
35076,0.9811882924485824
35077,0.9999951452335736
35078,0.998819638475784
35079,0.9993150409035788
35080,0.9990519071881003
35081,0.9999443127452677
35082,0.9998861568288442
35083,0.9976381653795034
35084,0.9991500511807022
35085,0.8722633862282739
35086,0.9888968988702037
35087,0.9998138476563581
35088,0.9999364623039211
35089,0.9986295931755493
35090,0.9995681637478965
35091,0.9998571543280513
35092,0.987933808289947
35093,0.9999701529910932
35094,0.9991627903857686
35095,0.9999050826061313
35096,0.9998740398523501
35097,0.9919696753861309
35098,0.9999845855634942
35099,0.6827171244498685
35100,0.9957236942947343
35101,0.30185552955960504
35102,0.9999439432253914
35103,0.9940776362173218
35104,0.9862956345246257
35105,0.9999928773501247
35106,0.7574789872509664
35107,0.999117827325659
35108,0.9999695542458812
35109,0.9996527916860246
35110,0.9999457862593154
35111,0.8950128903069631
35112,0.9997176439216774
35113,0.9936653426970512
35114,0.9941354945059088
35115,0.9999614576319044
35116,0.9988601024262307
35117,0.9999748345249437
35118,0.9995651596609691
35119,0.9811170943304388
35120,0.9998908683628039
35121,0.9999005795594909
35122,0.9992333598324711
35123,0.8372699937500281
35124,0.952513677951261
35125,0.9995411768592746
35126,0.999389252197242
35127,0.9999461752205041
35128,0.9999477373914463
35129,0.9503648378477821
35130,0.9996133290554802
35131,0.9976595061078767
35132,0.9999441898016388
35133,0.9999216599025434
35134,0.9868126702214318
35135,0.9778345389819164
35136,0.2571391792747931
35137,0.9999272748849847
35138,0.9659803862506555
35139,0.9962068399950775
35140,0.9999780228277495
35141,0.9999798628642822
35142,0.99512107857191
35143,0.9999668012042295
35144,0.9994359193598088
35145,0.9998168264120771
35146,0.998649053569128
35147,0.9609879316356831
35148,0.999664686812843
35149,0.8816974985623538
35150,0.9999857022989752
35151,0.99446389611261
35152,0.9989172957909929
35153,0.9999803975004016
35154,0.9997715591882005
35155,0.9947486441110925
35156,0.9697232780234472
35157,0.9946295788446031
35158,0.8981657579372117
35159,0.74694280616417
35160,0.9476726477908017
35161,0.9347810514396963
35162,0.9996431652589141
35163,0.9996192713417011
35164,0.9578825829666502
35165,0.9983773546662708
35166,0.5383841854730403
35167,0.9973827666491729
35168,0.9999679646213702
35169,0.9988252914017127
35170,0.9994886967559481
35171,0.999957172335457
35172,0.28209776870006714
35173,0.9771045282416219
35174,0.9525841442829603
35175,0.959684131509573
35176,0.8215865041518036
35177,0.999711273855956
35178,0.9819146757347098
35179,0.9999905569368346
35180,0.999979992671349
35181,0.14082695947324578
35182,0.8860122589953282
35183,0.9998865614935742
35184,0.9996976372083162
35185,0.9999572497097549
35186,0.9999078043255273
35187,0.9928900480732766
35188,0.9946759179389834
35189,0.9999983612982926
35190,0.8889356472791569
35191,0.9452489913452737
35192,0.9995763598826845
35193,0.755836732975953
35194,0.9498392800065987
35195,0.9981274819284224
35196,0.9994582644570104
35197,0.9678029506826638
35198,0.9941683277152485
35199,0.9999275508080097
35200,0.4950816708028572
35201,0.9997363122995302
35202,0.9936426856736474
35203,0.9999740295108764
35204,0.9993042514326843
35205,0.9995133092372785
35206,0.9993376142213853
35207,0.9993289506329932
35208,0.5575152171311394
35209,0.01097772096749509
35210,0.9926913957916993
35211,0.9545621407846736
35212,0.9993160390087079
35213,0.9583742226402937
35214,0.9962476483711278
35215,0.9961288895292844
35216,0.8442484772425954
35217,0.995291138121532
35218,0.7626140127021306
35219,0.9980187982814763
35220,0.8387573510637163
35221,0.9997533747802545
35222,0.8509955217188363
35223,0.9737421278840841
35224,0.9985486582321503
35225,0.7167585914215853
35226,0.9999329674842858
35227,0.9999944592570229
35228,0.9938257389794813
35229,0.9379360310625595
35230,0.9937335559058487
35231,0.9964137879464051
35232,0.9999756556929562
35233,0.9691158761552664
35234,0.9969827742775016
35235,0.9999484478239109
35236,0.9772678396205274
35237,0.999518080859794
35238,0.9998464672723115
35239,0.9999840621496352
35240,0.9999566114879764
35241,0.9686460744487292
35242,0.9999952499961823
35243,0.8699346916473067
35244,0.9999523725003412
35245,0.9998232763226592
35246,0.999972486664498
35247,0.9986783613341856
35248,0.9692950396055282
35249,0.9811898219406175
35250,0.9996173147175469
35251,0.9995726941365728
35252,0.9915058404081664
35253,0.9997022637225224
35254,0.9990660434172633
35255,0.8527357009467389
35256,0.9997152078243482
35257,0.9945065597265375
35258,0.9997734242352139
35259,0.9938260266276903
35260,0.9940579134113735
35261,0.9997729845780982
35262,0.9814766536255124
35263,0.9987739399073841
35264,0.9999519208317457
35265,0.9167049812501921
35266,0.9988812160920121
35267,0.013934539355502094
35268,0.9976318168826197
35269,0.9989391468347308
35270,0.9961295318321297
35271,0.9919063431900198
35272,0.9999687007025186
35273,0.9999542675389584
35274,0.9994266973824416
35275,0.9988035386623855
35276,0.9995699739508171
35277,0.9999464976436939
35278,0.9998907751554963
35279,0.9965576491991808
35280,0.9999910879658734
35281,0.9999959416001718
35282,0.999691176956745
35283,0.9991924114853208
35284,0.7594731186325733
35285,0.996575157378535
35286,0.9895891277006249
35287,0.9808902210896567
35288,0.9999642931136087
35289,0.999799976398314
35290,0.9993702288040842
35291,0.9613859650753359
35292,0.99033705473016
35293,0.9651310905139383
35294,0.9999583547362164
35295,0.9948174238821668
35296,0.9893409583704647
35297,0.9986393792525539
35298,0.9993978810884412
35299,0.998656474128412
35300,0.9740105307750758
35301,0.9839536185092987
35302,0.7556145951949718
35303,0.5546921226246024
35304,0.999977313364264
35305,0.9909162146405944
35306,0.8522634473823876
35307,0.9918608580757262
35308,0.990547777525018
35309,0.9396277371949032
35310,0.9993401934651432
35311,0.9569424892970769
35312,0.9509145685412378
35313,0.4510097350274463
35314,0.9789023477691123
35315,0.9999710577800864
35316,0.9990542244423993
35317,0.9999268301548154
35318,0.9825147457302673
35319,0.9994615602850033
35320,0.9951614586014571
35321,0.9993367132011552
35322,0.7459771996200347
35323,0.9999429643101121
35324,0.9779563216056952
35325,0.9933753399684792
35326,0.9356404156368114
35327,0.999744939731375
35328,0.9999824205236154
35329,0.9548883812952363
35330,0.9969516884682011
35331,0.991462274259838
35332,0.9997635335435592
35333,0.996964973787946
35334,0.9999711692683643
35335,0.9980291468614232
35336,0.25464971406950654
35337,0.9825123602505791
35338,0.9957126925288066
35339,0.3307585749335925
35340,0.9999752797695406
35341,0.999555110458606
35342,0.980812742619641
35343,0.8884802848839318
35344,0.9977377307156075
35345,0.9943881549812071
35346,0.9999105283496358
35347,0.41699457053084754
35348,0.9999865825430718
35349,0.9970793128532498
35350,0.7015082059305299
35351,0.998747763998604
35352,0.9992051910664463
35353,0.9998405020449664
35354,0.9991547991868661
35355,0.8998011833472002
35356,0.9999730255105911
35357,0.9996462137730051
35358,0.9999316290596726
35359,0.9995655298340346
35360,0.9991432831813598
35361,0.9926896482571295
35362,0.9986500588613536
35363,0.9998422560108164
35364,0.9998849107617999
35365,0.9997111332301062
35366,0.9977887509059706
35367,0.996726209930182
35368,0.9956122558294951
35369,0.9923755859515933
35370,0.999832006390877
35371,0.9801736320916385
35372,0.9971073216577792
35373,0.8506052024982275
35374,0.9203954824200675
35375,0.9898058266900658
35376,0.8071178757747162
35377,0.9996724250394748
35378,0.8620637087830738
35379,0.9968707142859272
35380,0.9731672074905882
35381,0.768012350208643
35382,0.9993494833492094
35383,0.9936081952004361
35384,0.9838016130667624
35385,0.9996433767274086
35386,0.9988415798708983
35387,0.9999849777228389
35388,0.9973973046153117
35389,0.9981666406530738
35390,0.9994507405549935
35391,0.9989917515974313
35392,0.9999828256162983
35393,0.9999240084485633
35394,0.9997744565842281
35395,0.9936376814600446
35396,0.9993064688271043
35397,0.005131195317617599
35398,0.9461526604681797
35399,0.9540211620790419
35400,0.9939648154112307
35401,0.9981460718655757
35402,0.9768621521384869
35403,0.9999622636446567
35404,0.9922514374134231
35405,0.465988488427285
35406,0.9798952120712788
35407,0.9996680755417446
35408,0.975015672753966
35409,0.9999968556323444
35410,0.9542948548292859
35411,0.9904562280560407
35412,0.9998987132909294
35413,0.9930638962523238
35414,0.9907111414070653
35415,0.9999710734372874
35416,0.7207160961440608
35417,0.999864614459312
35418,0.9971705525075917
35419,0.9953205857402011
35420,0.9960912687593942
35421,0.9979538347216023
35422,0.9998514535604653
35423,0.9988602989226497
35424,0.9999422677477253
35425,0.9969677731158001
35426,0.9999593364577221
35427,0.999914771905947
35428,0.9725910811358826
35429,0.9021318732331808
35430,0.29436000010757357
35431,0.9920500895602052
35432,0.9980103241382127
35433,0.9873766133417369
35434,0.9999405946830783
35435,0.9805314678042566
35436,0.9843391836672197
35437,0.979224525614335
35438,0.9616795945009091
35439,0.9997244651070779
35440,0.9932921488077092
35441,0.9999245305737399
35442,0.9991573109150345
35443,0.9995997255586008
35444,0.9998030601380934
35445,0.9993050907794712
35446,0.9960220316157686
35447,0.9995331868289685
35448,0.9998434141684227
35449,0.9993821237989573
35450,0.9991585593216951
35451,0.9906682444789402
35452,0.9987225777676787
35453,0.9998180693027992
35454,0.9981496854922796
35455,0.9999651189687958
35456,0.9991051127238422
35457,0.9999849120623485
35458,0.9811137786845809
35459,0.9991650008680437
35460,0.99981521093588
35461,0.9984355539044744
35462,0.9997126133972042
35463,0.9370509107118614
35464,0.9969883401672205
35465,0.9992302715572416
35466,0.9999093081463845
35467,0.9934157331331102
35468,0.9988170674568263
35469,0.9998904428001788
35470,0.9757424276723754
35471,0.9888372315309991
35472,0.9966690307008598
35473,0.9999940193731742
35474,0.9999666319355848
35475,0.9720947899167204
35476,0.999944766064575
35477,0.999402358718
35478,0.9990818112903318
35479,0.9999002878257084
35480,0.5304960091307526
35481,0.9993418689394936
35482,0.9998918191311831
35483,0.9928608190447212
35484,0.9998280143348101
35485,0.9994392092074718
35486,0.9999572053318035
35487,0.9990849072267001
35488,0.9856154777406371
35489,0.9999393599217733
35490,0.9894846900431545
35491,0.9943165745152432
35492,0.9693100814327674
35493,0.9330635897690778
35494,0.773324848726423
35495,0.9975746445946891
35496,0.9982093094230817
35497,0.8749749001908875
35498,0.9870247236603822
35499,0.9995140481800836
35500,0.6212841689522509
35501,0.9996011828961481
35502,0.999813916166717
35503,0.9999711214335375
35504,0.9680782777723993
35505,0.9999483942959629
35506,0.9703577780411816
35507,0.9999881184165489
35508,0.9904095434440432
35509,0.9944852858575998
35510,0.9995764945231721
35511,0.9999649333922878
35512,0.999484798173043
35513,0.9999752778086982
35514,0.08926447500523248
35515,0.9993448237767782
35516,0.9996363234538141
35517,0.9999631451647444
35518,0.9989194803343143
35519,0.9996753575327026
35520,0.9998984156871803
35521,0.9999158789657038
35522,0.9776884857259504
35523,0.9998568228264497
35524,0.9999628565801181
35525,0.9350746930867025
35526,0.9984116852009632
35527,0.9990002391044616
35528,0.9992387314674621
35529,0.9997778382308645
35530,0.9995652662683416
35531,0.9938553824764679
35532,0.9967904405983877
35533,0.9987610199272037
35534,0.9996181805277864
35535,0.9934413997983181
35536,0.9999636353063115
35537,0.9970286048924311
35538,0.9971295647341353
35539,0.9991053252657679
35540,0.9990714297907117
35541,0.9847238688687813
35542,0.9971146526674198
35543,0.9978224066055029
35544,0.9825985284361081
35545,0.9999591239643216
35546,0.9999168822597131
35547,0.9780131195131205
35548,0.9947809891038272
35549,0.9998774051583987
35550,0.9998418986387436
35551,0.9999810148178335
35552,0.978142180660249
35553,0.958071501687014
35554,0.3787950120500642
35555,0.9986104182643152
35556,0.82848779803357675
35557,0.9337268002866856
35558,0.9981469588984545
35559,0.992737580549997
35560,0.996491555430037
35561,0.26866407988915686
35562,0.9995230356275577
35563,0.9998473905663459
35564,0.9967654755280674
35565,0.9909229606686137
35566,0.9008101676646659
35567,0.8809854605534362
35568,0.9166829243971213
35569,0.9998896704438781
35570,0.9999485694332735
35571,0.940682273552933
35572,0.9837789653961063
35573,0.991503718768812
35574,0.9997792704838881
35575,0.9986604594281562
35576,0.9992695475891668
35577,0.998682012064009
35578,0.8931361435500851
35579,0.9999344651400465
35580,0.9980900933908095
35581,0.9999711910845052
35582,0.9708703933523102
35583,0.9999232049607393
35584,0.9998453061972415
35585,0.7263464636376333
35586,0.9983882640267184
35587,0.9999554034082225
35588,0.9923949691613155
35589,0.9997431710213764
35590,0.9998019421324088
35591,0.99956572465613
35592,0.9999934584384629
35593,0.9988544572012295
35594,0.995593579446397
35595,0.9985295131712237
35596,0.9956044455157952
35597,0.9994317637269671
35598,0.9864513644261136
35599,0.9996329905090224
35600,0.9998049928038549
35601,0.9660940798700748
35602,0.9988140437064909
35603,0.9995219168357179
35604,0.9927222130865772
35605,0.9995594541202435
35606,0.9973032985987992
35607,0.9999345425764468
35608,0.9206614556663568
35609,0.9982879680296858
35610,0.8774321782101577
35611,0.9996674671250696
35612,0.9865075129608304
35613,0.9836463133058482
35614,0.9996028439592636
35615,0.9999064473845904
35616,0.995379614417362
35617,0.9981033311527905
35618,0.9998589044017692
35619,0.9999905748353765
35620,0.9999756973466399
35621,0.9605903369038351
35622,0.9999596903046468
35623,0.9997667458865435
35624,0.9964941019069431
35625,0.9982089469814897
35626,0.9985956162474792
35627,0.9476329052954563
35628,0.9999733728302994
35629,0.9939251169354095
35630,0.9402031067781667
35631,0.9926164569797221
35632,0.9799563147425735
35633,0.12661436390868858
35634,0.9913643767319799
35635,0.9994478229534299
35636,0.9979740714016074
35637,0.9989769813353598
35638,0.999281948175881
35639,0.9997077395047972
35640,0.9999431862150814
35641,0.9993292292097573
35642,0.9994071486543578
35643,0.9975392488549527
35644,0.9998068242109687
35645,0.9787276462125302
35646,0.9867734998115345
35647,0.7177892254603128
35648,0.9993876675267968
35649,0.44687760978768215
35650,0.9991899511712874
35651,0.9999874175931638
35652,0.03920518679441977
35653,0.9999686749761786
35654,0.9995167551623997
35655,0.9998835645890927
35656,0.999230819309883
35657,0.9955807840334302
35658,0.9994631977379985
35659,0.3864568178946676
35660,0.987527640101251
35661,0.9999563633059824
35662,0.9999893967683867
35663,0.8995610389206395
35664,0.9996260884307788
35665,0.8933506012708183
35666,0.9999877380091637
35667,0.9859158066672724
35668,0.9995431312307642
35669,0.9998095917758495
35670,0.9999696003779409
35671,0.9999472720690883
35672,0.9710344936299493
35673,0.9992639043978763
35674,0.9988961791638081
35675,0.9999429580607612
35676,0.9973177670394877
35677,0.9993863307694469
35678,0.33516242383001005
35679,0.9998130682916286
35680,0.9993277068806936
35681,0.9855956165395903
35682,0.9989493248580188
35683,0.9960531758508385
35684,0.9991788126327209
35685,0.9956534013982542
35686,0.9999567393027672
35687,0.9990129266168711
35688,0.9984738701863369
35689,0.9665157922929086
35690,0.9999879376766587
35691,0.9999226789965742
35692,0.9999747034942887
35693,0.9999916439272865
35694,0.9701908521835921
35695,0.9999070621891344
35696,0.9998686433525166
35697,0.9999773508278598
35698,0.9994151106285721
35699,0.9866004572814958
35700,0.9986990385615491
35701,0.9999540319913837
35702,0.9999914938688829
35703,0.9999921067572697
35704,0.9989236371413085
35705,0.999744686739577
35706,0.9995269752354984
35707,0.9999264704314406
35708,0.9816146729268609
35709,0.9982041471742571
35710,0.998339843061684
35711,0.9964474180478357
35712,0.9060405987469561
35713,0.9999884783608555
35714,0.9988915780275217
35715,0.961175714441207
35716,0.999981757035625
35717,0.991220005535355
35718,0.9992427062293758
35719,0.7109214671392331
35720,0.9996084983343
35721,0.9994720456339513
35722,0.9998740224254223
35723,0.9963405946471212
35724,0.9999489579765934
35725,0.9996079138030403
35726,0.9715585024058965
35727,0.9869420247939451
35728,0.9998926387188041
35729,0.9996252138664966
35730,0.9932835527846753
35731,0.9999666348466475
35732,0.9996031537787297
35733,0.8072518160840665
35734,0.9470302413217642
35735,0.999849601647166
35736,0.9728107262769029
35737,0.9999404887080309
35738,0.99932569792211
35739,0.9951165146306333
35740,0.9985095221157133
35741,0.9978398321004309
35742,0.9998585076936246
35743,0.9879590591903565
35744,0.9807464008230955
35745,0.8269346786841543
35746,0.9998837010380004
35747,0.998535932620081
35748,0.9993884072438163
35749,0.9877045360698729
35750,0.9999835896917331
35751,0.9956450482534958
35752,0.9650874552374834
35753,0.9999653988302689
35754,0.9996853121659605
35755,0.9987859872174921
35756,0.9999981885885325
35757,0.9994517767748552
35758,0.9825235905823525
35759,0.9997186184170368
35760,0.9995470263065758
35761,0.9893906563598898
35762,0.9946890121949177
35763,0.9998430969702979
35764,0.9999690757011008
35765,0.9934394818997003
35766,0.9966532444788315
35767,0.9927925881900352
35768,0.998092111834969
35769,0.9995065585048455
35770,0.9819669105847748
35771,0.996433042999384
35772,0.9897150430239303
35773,0.9963720572490752
35774,0.9998115698980304
35775,0.9708955037483684
35776,0.9166404649488487
35777,0.9962109937556969
35778,0.9617971753560721
35779,0.9999432633158762
35780,0.987057874716117
35781,0.9837824461926161
35782,0.9999902894699896
35783,0.9990623009949775
35784,0.9998350993300827
35785,0.999418945000372
35786,0.999461652015199
35787,0.9566945214690133
35788,0.9942720570010678
35789,0.9989602723888841
35790,0.9933761914975899
35791,0.9931711290417405
35792,0.9988415627897251
35793,0.9996412574266474
35794,0.9998733051510205
35795,0.9954001984387504
35796,0.9957854691079875
35797,0.9995251993734267
35798,0.9786069445711589
35799,0.9995172464916109
35800,0.9893337518334158
35801,0.9991578665771985
35802,0.5249316765075251
35803,0.9999984879294479
35804,0.9999514700286161
35805,0.9864764058150693
35806,0.9999512299528385
35807,0.9959445814431902
35808,0.975584728532247
35809,0.9962617406174726
35810,0.9893726002529013
35811,0.9991086215063323
35812,0.9998795512625727
35813,0.9998352527270411
35814,0.9999643880217656
35815,0.9999726366179711
35816,0.9999637995861699
35817,0.9990193831056561
35818,0.9988376984818256
35819,0.9772868120663486
35820,0.8992062052560468
35821,0.9998563040633714
35822,0.9791994067883785
35823,0.9989069150876891
35824,0.9891308096025714
35825,0.9996751030795719
35826,0.9999200143285722
35827,0.973654953750824
35828,0.9980325625870907
35829,0.9946398406904587
35830,0.9912971483859506
35831,0.999435052166634
35832,0.9850642882906329
35833,0.9802713260641417
35834,0.9854353650408517
35835,0.9985346625879888
35836,0.6606978462294961
35837,0.8711388480777107
35838,0.9994906584311324
35839,0.9996325757180297
35840,0.9991675312878386
35841,0.9995493315508648
35842,0.9996240730502289
35843,0.9999643973585511
35844,0.9639669998146825
35845,0.6212997004982161
35846,0.9998276499476497
35847,0.1827073053774637
35848,0.9895891277006249
35849,0.999088018878215
35850,0.9998983452783393
35851,0.9582200819890858
35852,0.9999771265779899
35853,0.9977657885666991
35854,0.9998878445808632
35855,0.999889153661657
35856,0.998714784156043
35857,0.9990388717925534
35858,0.9999316672098544
35859,0.9992718998991933
35860,0.9998512405572185
35861,0.9996852939115743
35862,0.9981851133412833
35863,0.998994687018571
35864,0.9953314286257845
35865,0.9998611014671661
35866,0.999509787007798
35867,0.9629535366976681
35868,0.9117961810877437
35869,0.973909917414365
35870,0.9994718075490111
35871,0.9987117972840593
35872,0.40282063927605044
35873,0.9998742352756315
35874,0.5519460817393742
35875,0.9985347943979989
35876,0.9978581906476722
35877,0.9999402425731491
35878,0.9485283640983068
35879,0.9998305562857905
35880,0.9991925527157943
35881,0.9942474450682762
35882,0.9998365602558974
35883,0.8774304312619113
35884,0.9999433987131914
35885,0.9991015243876017
35886,0.9993978873519094
35887,0.9999687180218665
35888,0.1634883070748022
35889,0.9998681943816966
35890,0.9992992830024453
35891,0.9982965180573732
35892,0.9430736903567931
35893,0.9999848330578176
35894,0.99955883609152
35895,0.9995597753794465
35896,0.9999949997130203
35897,0.9999860751320988
35898,0.9999111503721961
35899,0.9647670382252128
35900,0.9639986524665778
35901,0.9970151601161115
35902,0.9999504256635231
35903,0.9925022998196821
35904,0.9987588865135673
35905,0.9986811472975664
35906,0.9990985812634307
35907,0.95980539840923
35908,0.9999524320649321
35909,0.9999665208803601
35910,0.9973969001591516
35911,0.9999764693261028
35912,0.9996331093835302
35913,0.9999387185496794
35914,0.9998743927676712
35915,0.9998994390186149
35916,0.9910090750424699
35917,0.9982296914528975
35918,0.9999769444561848
35919,0.9995300027376377
35920,0.96935257084466
35921,0.9999433734099819
35922,0.9999291440858872
35923,0.992387889250542
35924,0.9962483812002542
35925,0.29389067749538544
35926,0.9993167222433325
35927,0.999802479592307
35928,0.10248099368210814
35929,0.9999735452161467
35930,0.9969361886178267
35931,0.9994697206062468
35932,0.9994264966209243
35933,0.9995370028502928
35934,0.9994907952523091
35935,0.999948311723407
35936,0.9960874086184979
35937,0.9993439254714127
35938,0.9763139463225607
35939,0.9678312572332335
35940,0.9997243171509247
35941,0.994549269859146
35942,0.9992026777135047
35943,0.989639379662829
35944,0.9999727459226097
35945,0.929841538013226
35946,0.9995909757291881
35947,0.9950598051633222
35948,0.9996671522169557
35949,0.9978634528548169
35950,0.9991788958505355
35951,0.9991459341377266
35952,0.9951655235954302
35953,0.9999312234636522
35954,0.8364452292331137
35955,0.9999663220805665
35956,0.9999790316297129
35957,0.9996808921897832
35958,0.9999592779273627
35959,0.9991074168964569
35960,0.9986545605813528
35961,0.999781857442841
35962,0.9887907177603635
35963,0.9999516914829865
35964,0.990072134196553
35965,0.9996943101893191
35966,0.9520985208715753
35967,0.9999133841853547
35968,0.6444572990295959
35969,0.9873190419788929
35970,0.9983306589956124
35971,0.9998446107805355
35972,0.7270578672236553
35973,0.999906906919493
35974,0.9999433135638145
35975,0.9999822562648149
35976,0.9989256735781554
35977,0.9957386759745428
35978,0.992508115399183
35979,0.9936151048487653
35980,0.9898765196233862
35981,0.8972971460754935
35982,0.9653796497046263
35983,0.9931108830719284
35984,0.9976317118160104
35985,0.9724559324151754
35986,0.9998499059182838
35987,0.9999482322242912
35988,0.9996961511511467
35989,0.99979442962945
35990,0.9972738181678719
35991,0.9855683424802463
35992,0.9990320171953756
35993,0.9999400962356212
35994,0.9992395783931878
35995,0.9997810977894355
35996,0.9997567658795491
35997,0.9998121335140496
35998,0.9916390441631813
35999,0.9999748185234918
36000,0.9961615496217502
36001,0.999098958762774
36002,0.9903060577177879
36003,0.9998450535368761
36004,0.9998423201518476
36005,0.9077144862249668
36006,0.9918929663956608
36007,0.998421406845156
36008,0.997551887403537
36009,0.9991766238712333
36010,0.9994142469871322
36011,0.9999727644874157
36012,0.9961361517536127
36013,0.9524266084225033
36014,0.9061871576466708
36015,0.9442825661381017
36016,0.9291237191967747
36017,0.9959347182956733
36018,0.9995533584285897
36019,0.9747930329907691
36020,0.9999445762188781
36021,0.9905756104385609
36022,0.9989166110585139
36023,0.9307984751828987
36024,0.9758189574549889
36025,0.800856332103663
36026,0.9999922485864188
36027,0.9986178573159536
36028,0.9999952615032536
36029,0.9336771509631013
36030,0.9996033478271311
36031,0.9997094774540636
36032,0.9608516827799113
36033,0.9340990064953274
36034,0.9990678242076174
36035,0.999310873814387
36036,0.9702727089515988
36037,0.9987487954320083
36038,0.9999978461604379
36039,0.9996266303664956
36040,0.999998711066343
36041,0.896724382504372
36042,0.9993028818020354
36043,0.9954661969674937
36044,0.9621977679451841
36045,0.984063312256426
36046,0.9127224141854028
36047,0.9990742919101204
36048,0.9988662089919245
36049,0.9999686365176099
36050,0.9998465215161633
36051,0.9999535729834184
36052,0.9995117841109343
36053,0.9959908359086092
36054,0.9843279878439164
36055,0.9999961847435653
36056,0.860729207285837
36057,0.9755087982213899
36058,0.9655696350489013
36059,0.9544425799594499
36060,0.999814463869967
36061,0.9999500600232895
36062,0.9996425355021059
36063,0.9932604334448305
36064,0.9984973268265267
36065,0.9998420145006179
36066,0.549656528497075
36067,0.9998922636579693
36068,0.356162002306563
36069,0.9543993146851636
36070,0.9995854957350462
36071,0.9950521767713012
36072,0.9989291722335787
36073,0.990395322602557
36074,0.9992983569575314
36075,0.9997265829672564
36076,0.9897037490346451
36077,0.9861105113921992
36078,0.9982716187456073
36079,0.9999870822617322
36080,0.9965910402337513
36081,0.9998964150870032
36082,0.9985824320770628
36083,0.9936151273201999
36084,0.9983531151948785
36085,0.9999928763821262
36086,0.996213829550654
36087,0.9968312738993627
36088,0.9983192785196908
36089,0.9998213564999908
36090,0.9989274690046768
36091,0.9993965210478624
36092,0.9999296361294193
36093,0.9999598557514413
36094,0.9999885751542922
36095,0.988199459254762
36096,0.9997650842462787
36097,0.9999012313930334
36098,0.8958851386145112
36099,0.999970396473988
36100,0.9950993481767452
36101,0.9978936769094571
36102,0.9988923401157519
36103,0.9999900891399245
36104,0.9964392820167971
36105,0.9984441936779059
36106,0.9988562894730599
36107,0.999438927692052
36108,0.9999616722355763
36109,0.999963625493706
36110,0.9919833069099505
36111,0.9995486014640966
36112,0.9983847254557661
36113,0.9987830455495069
36114,0.9983522130745421
36115,0.9990207191966537
36116,0.9999877548509432
36117,0.9951274311370926
36118,0.9999827606255952
36119,0.9982089269237249
36120,0.9327631438184132
36121,0.9991675996604441
36122,0.9956122295796057
36123,0.9999992221613884
36124,0.9998762112900137
36125,0.999361116198381
36126,0.9995884903072402
36127,0.933484844908329
36128,0.9962186356002705
36129,0.9407271418840883
36130,0.9693100814327674
36131,0.9993948122527009
36132,0.9992571335164072
36133,0.9481762760847223
36134,0.818742752977081
36135,0.9998856515078568
36136,0.9999054078141008
36137,0.9998339620293905
36138,0.999439611469379
36139,0.9960681620204853
36140,0.9998624539291581
36141,0.9837212942129429
36142,0.9993561462990304
36143,0.9996435679152571
36144,0.9496022583253992
36145,0.9993503730957393
36146,0.9988392401069747
36147,0.9921089472584554
36148,0.9974550031502556
36149,0.9885454338691567
36150,0.999979181869339
36151,0.9803119593589568
36152,0.9992827846916998
36153,0.999812982188156
36154,0.999988933820339
36155,0.9995872206050714
36156,0.9996708429687192
36157,0.9978315981904172
36158,0.9126503860471307
36159,0.9999819043104607
36160,0.9995963829845276
36161,0.9982094854636688
36162,0.9995392743108845
36163,0.9996024702865544
36164,0.9999741689030557
36165,0.9836756018876696
36166,0.9990747788601202
36167,0.9989968302889384
36168,0.9994504070117375
36169,0.9999992372085651
36170,0.9440510032443383
36171,0.9988221860659303
36172,0.9995219687202774
36173,0.9927156851759045
36174,0.9999629050924093
36175,0.9659468763544137
36176,0.9063281755769352
36177,0.9947933775085234
36178,0.9999268773200161
36179,0.9993164804034796
36180,0.9999485445181641
36181,0.9444746227368873
36182,0.9934619353306495
36183,0.7861155396274814
36184,0.9902410362640789
36185,0.9999099184629526
36186,0.9980251003320645
36187,0.9663448428928427
36188,0.9997217970708377
36189,0.9999091592182928
36190,0.9998495616930337
36191,0.9446620630069159
36192,0.9618712256594737
36193,0.999436783325308
36194,0.9984677148677272
36195,0.9982352845549144
36196,0.999936376371762
36197,0.9999648352308653
36198,0.9999237735504423
36199,0.7583595332566474
36200,0.9992976375395444
36201,0.9973090089535663
36202,0.9865892291516845
36203,0.9897211054120737
36204,0.96518679453685
36205,0.99829536386403706
36206,0.9972162724070202
36207,0.9971858358793755
36208,0.5731338062949884
36209,0.9999652540475695
36210,0.9986966335111643
36211,0.999003471397905
36212,0.999709512011081
36213,0.9996256751824615
36214,0.9863539601765005
36215,0.8983926896647483
36216,0.9948390074641975
36217,0.9986563322922093
36218,0.9704736108830776
36219,0.9993195767527472
36220,0.9991344336621305
36221,0.9997335238819595
36222,0.9991585599393809
36223,0.999984673813764
36224,0.9974283354672776
36225,0.998152730406673
36226,0.9990801905221888
36227,0.9633956167310149
36228,0.9995078664211379
36229,0.8751813268851705
36230,0.999164040768453
36231,0.9992223626282969
36232,0.9377447287165342
36233,0.9938157685565868
36234,0.9999553203661083
36235,0.988355410168947
36236,0.9969949535418238
36237,0.8610244992300379
36238,0.9997574365294942
36239,0.9993038166151128
36240,0.7996396659770163
36241,0.9998211524135713
36242,0.9974446421702374
36243,0.9999799067791342
36244,0.999938769613875
36245,0.8980141996499954
36246,0.9991487376764052
36247,0.9998363174261486
36248,0.9964504262861109
36249,0.9999854896735222
36250,0.9996074295163602
36251,0.9999394765412364
36252,0.9999979948064756
36253,0.9951834665033347
36254,0.9986874037226414
36255,0.9992576068875113
36256,0.9865626205623145
36257,0.9999774711688538
36258,0.9999114429695174
36259,0.9996977787384904
36260,0.995480475398188
36261,0.9999074172949559
36262,0.9998745950120629
36263,0.9979300944312789
36264,0.9989025585424361
36265,0.9375871333940878
36266,0.9998042171653827
36267,0.9979329074257708
36268,0.9998180061849788
36269,0.9970667813527884
36270,0.9950215589992738
36271,0.9999227819436777
36272,0.9699794837540382
36273,0.950798239945151
36274,0.9999335709698386
36275,0.9987937786527584
36276,0.9974751487197951
36277,0.9992237108752561
36278,0.9993431460080588
36279,0.9854348428265839
36280,0.9991995885213144
36281,0.9990868189899966
36282,0.9989925940744427
36283,0.9807769694691755
36284,0.9999567145014963
36285,0.9983444173665165
36286,0.9980512470401436
36287,0.9754752809704742
36288,0.9727185781099501
36289,0.9459755968158036
36290,0.9994126717416303
36291,0.9949237755018326
36292,0.9999707844059049
36293,0.9946138326042187
36294,0.999993025067544
36295,0.8995580728266497
36296,0.9999871338864693
36297,0.9997062567222055
36298,0.9737448789409682
36299,0.9999765244603729
36300,0.9774313714768935
36301,0.9949509521276285
36302,0.6188183417245884
36303,0.9983660661434569
36304,0.9999365439146563
36305,0.21556086604920244
36306,0.9999808278234876
36307,0.9999785244125232
36308,0.797316665563724
36309,0.9994827625210627
36310,0.9978400006626357
36311,0.9999746292340409
36312,0.9995109664407347
36313,0.9999868665138265
36314,0.989384285148347
36315,0.998072061818965
36316,0.9998002894216046
36317,0.9999795920658663
36318,0.9595696093272013
36319,0.9999545715515129
36320,0.9930366448186472
36321,0.9670137868408367
36322,0.9335035880725485
36323,0.9999840487841608
36324,0.999389989335454
36325,0.9989295077058014
36326,0.9973619636225228
36327,0.9999749426360867
36328,0.999559575861706
36329,0.9999398875545096
36330,0.999108295452073
36331,0.9999800215888038
36332,0.9999545131627223
36333,0.6400020942247735
36334,0.9947232289879756
36335,0.999751964635227
36336,0.9904918799688802
36337,0.5926897088407442
36338,0.9988515414875663
36339,0.9999558390676357
36340,0.9932896525030647
36341,0.995530066400834
36342,0.9982771645951792
36343,0.9755521451932501
36344,0.9990681662889571
36345,0.9994312120339256
36346,0.9994398279163962
36347,0.9990683945102453
36348,0.9999372311816885
36349,0.9999092471731296
36350,0.999184917688275
36351,0.9908678730056136
36352,0.994593731177611
36353,0.9995965889329911
36354,0.6871207051931019
36355,0.9998863955218724
36356,0.9991888415947823
36357,0.9638907178896847
36358,0.99987939166354
36359,0.999138071075081
36360,0.9715625571051247
36361,0.12999575002595856
36362,0.9999752482689003
36363,0.9996830547703854
36364,0.9992388150896437
36365,0.9391709830744148
36366,0.9999134274330711
36367,0.9999647728634351
36368,0.9994120351111371
36369,0.9926299427652597
36370,0.999988504726286
36371,0.999828280755836
36372,0.9987945064255199
36373,0.5873019559457499
36374,0.9732635218710154
36375,0.9996994896446726
36376,0.9974281238566307
36377,0.9998596357633368
36378,0.9993581669233352
36379,0.9935150928482358
36380,0.9046462295925366
36381,0.9513972270492561
36382,0.9999680129411327
36383,0.9999922281479676
36384,0.999553321338621
36385,0.9999827343789427
36386,0.9993688172107968
36387,0.9999727898179084
36388,0.998589279628534
36389,0.9274805772490263
36390,0.9967530983177396
36391,0.9521156725983929
36392,0.9999577955665799
36393,0.9999978642801061
36394,0.9891885413886015
36395,0.9995618116402155
36396,0.9994727633281325
36397,0.14728732661301502
36398,0.8136889456130938
36399,0.9997250988788839
36400,0.9945082097415647
36401,0.9028022028334133
36402,0.89437340469581
36403,0.989100132088938
36404,0.9839686022689832
36405,0.9992513267295031
36406,0.9883127252608949
36407,0.9041825640172538
36408,0.9984328946165193
36409,0.9912361612758821
36410,0.998779881106418
36411,0.9999856435852217
36412,0.999979262703644
36413,0.0749859267482583
36414,0.9265647873942336
36415,0.999996802507364
36416,0.9990119369594623
36417,0.9986989840886537
36418,0.999242814357436
36419,0.9995108220681732
36420,0.9997842049945406
36421,0.9495385433967085
36422,0.9819804150586978
36423,0.9999828625629942
36424,0.9999902489805137
36425,0.9999893908696112
36426,0.9987408056182615
36427,0.9996050295124239
36428,0.9845581173847695
36429,0.9999306838289213
36430,0.9883020435402218
36431,0.9957027498874548
36432,0.9998457350624036
36433,0.9985446296412335
36434,0.961182968399774
36435,0.999372444022549
36436,0.9999740117768694
36437,0.7781220875472039
36438,0.9999221379310977
36439,0.999985022194291
36440,0.9983173811575512
36441,0.9988440596949164
36442,0.9980000569276826
36443,0.3442954276239056
36444,0.999451513013884
36445,0.9985190542109351
36446,0.9999167147281363
36447,0.8951158404189691
36448,0.9999901686026582
36449,0.9999555169726811
36450,0.9997319647904668
36451,0.9914270944816181
36452,0.9938494118827255
36453,0.9994390666627841
36454,0.9976272986246939
36455,0.9998557348459136
36456,0.9890535384542194
36457,0.99965900026269
36458,0.6206280957977433
36459,0.9998432969955752
36460,0.9996682367484097
36461,0.8694089203088182
36462,0.9937629437347043
36463,0.9889107345775202
36464,0.9999853331537597
36465,0.9986507294738293
36466,0.9998142109226401
36467,0.7292742123661383
36468,0.9919418980470943
36469,0.9951642553237565
36470,0.561323944753559
36471,0.9708897731685906
36472,0.9977105195571186
36473,0.9994323358850737
36474,0.9993132323367251
36475,0.5617018666741717
36476,0.9990747134996222
36477,0.9989021976451724
36478,0.8288234438168353
36479,0.9998757890224284
36480,0.6387466872279104
36481,0.9853766108549016
36482,0.04321483586734555
36483,0.9996368435581134
36484,0.6790067065136949
36485,0.9980454270909875
36486,0.9594946063059481
36487,0.9266094837005452
36488,0.9772988473922821
36489,0.9997443449837945
36490,0.9746907358687601
36491,0.9989954807853938
36492,0.9998413741948248
36493,0.9999650763309871
36494,0.9999886778014017
36495,0.9999681670245345
36496,0.999987167570508
36497,0.9997970830857751
36498,0.9920584153298464
36499,0.9999621760628715
36500,0.9936069488064804
36501,0.9650397772776975
36502,0.9998834797244329
36503,0.9967747881005059
36504,0.9907673892406331
36505,0.999935408514201
36506,0.986150624669033
36507,0.999997118649601
36508,0.8969199584300395
36509,0.9997684894021324
36510,0.9996111546971325
36511,0.9980965856604841
36512,0.9995558273918191
36513,0.9999701341072378
36514,0.9990666509575322
36515,0.999937203161255
36516,0.00473321260917389
36517,0.9999145293691596
36518,0.9999797775481751
36519,0.999240615095028
36520,0.949970493033235
36521,0.19323823757352013
36522,0.998954012111891
36523,0.9996792125266148
36524,0.99326513513679
36525,0.9999477440547634
36526,0.9999795897869684
36527,0.999972649836315
36528,0.9998103260676809
36529,0.985704425968743
36530,0.9996848352630766
36531,0.9996953090925339
36532,0.9989650277660959
36533,0.9999249933949425
36534,0.999957918742255
36535,0.99999170009949
36536,0.9999943052381349
36537,0.9983762823501834
36538,0.998118806669463
36539,0.7511645225265388
36540,0.9885410900800263
36541,0.9998006502848874
36542,0.983411760122387
36543,0.9900983119554796
36544,0.986812094920701
36545,0.9996711139539157
36546,0.9582130518915115
36547,0.9999765811999797
36548,0.9999583300942949
36549,0.996198505007088
36550,0.8309227111736849
36551,0.9919517173731798
36552,0.6900770008713579
36553,0.9999741232210154
36554,0.9192206358169576
36555,0.9995574189333007
36556,0.9998067107901142
36557,0.9542874537472008
36558,0.9994699668977495
36559,0.9999692997911893
36560,0.9974239259284139
36561,0.999787448357564
36562,0.9818154485513906
36563,0.9988127915302261
36564,0.9999611183788368
36565,0.9999406789928637
36566,0.999341945009626
36567,0.9915724577323176
36568,0.9973787043557107
36569,0.9992831968587421
36570,0.9999769711707771
36571,0.9999883315159847
36572,0.999757989506565
36573,0.9999087814086696
36574,0.9784965562275535
36575,0.9999508521593862
36576,0.9997967088784743
36577,0.7962577406838374
36578,0.9996109302273641
36579,0.9357218407758701
36580,0.9995616803063072
36581,0.999621888310555
36582,0.9997577747147712
36583,0.9991728471886057
36584,0.9959573673684016
36585,0.9989399768337848
36586,0.9987027277741107
36587,0.9997558915400216
36588,0.9992849831697976
36589,0.9997126979051384
36590,0.9999653445993446
36591,0.9224055131667954
36592,0.9994553115288697
36593,0.9683140291192698
36594,0.999910972574554
36595,0.9997364078471132
36596,0.9998993072866519
36597,0.9851951998993884
36598,0.9999216046344327
36599,0.9947483099655565
36600,0.9999724652906068
36601,0.9985529800860985
36602,0.9917954663881197
36603,0.9971466945773723
36604,0.9999177718118466
36605,0.9994885599854908
36606,0.9999004448529742
36607,0.9999716642521249
36608,0.23317878008489626
36609,0.9598057106101288
36610,0.9999612805146265
36611,0.98052807980696155
36612,0.9994279361887297
36613,0.9985817894962521
36614,0.9992362109124245
36615,0.9967854940942009
36616,0.9989465971269798
36617,0.9959941034014508
36618,0.9969745854258367
36619,0.9998117706652415
36620,0.9984766798165998
36621,0.9994482581379387
36622,0.9999317362920185
36623,0.9999908914688685
36624,0.9799566320783257
36625,0.9992194909872317
36626,0.9944598240073913
36627,0.9908203489065405
36628,0.9999102688455404
36629,0.9998172519714065
36630,0.9998874608655632
36631,0.9993096190706242
36632,0.9978770892060013
36633,0.9999644190586728
36634,0.9998015897885795
36635,0.9984707394377589
36636,0.9999768823141882
36637,0.9101383334160109
36638,0.5417078838576503
36639,0.9993112627814549
36640,0.16415842517846965
36641,0.9269786776522633
36642,0.9924836276089724
36643,0.9988892119393973
36644,0.998895548548366
36645,0.1566322148280918
36646,0.9999915938978762
36647,0.9999065738063109
36648,0.9999990889329399
36649,0.8778753051707834
36650,0.9997320780819496
36651,0.9811421481789121
36652,0.999981496487391
36653,0.9999150473183218
36654,0.9999710318220564
36655,0.9999606971788454
36656,0.9994624652705132
36657,0.98304728934634
36658,0.999972466715491
36659,0.9990106246993545
36660,0.9999930953089647
36661,0.9583128409119889
36662,0.9697955831309152
36663,0.9996649266707791
36664,0.9999355303046671
36665,0.9999434079312559
36666,0.9135319440936175
36667,0.9939699802930961
36668,0.9997535175191515
36669,0.9506057387920783
36670,0.9438753952485593
36671,0.6205234154316507
36672,0.9993856258777624
36673,0.9995538235922444
36674,0.999768730868299
36675,0.9970080165156238
36676,0.9801085425254604
36677,0.9997806065260743
36678,0.999963699918221
36679,0.9957502048526943
36680,0.999757706399572
36681,0.9964333578848951
36682,0.99984821338908
36683,0.9999751519873638
36684,0.9998401088288733
36685,0.9998173826492404
36686,0.9925353302976344
36687,0.9997615988017926
36688,0.9974481154901583
36689,0.9998915392007743
36690,0.9992629914672618
36691,0.9995965274861325
36692,0.9999628317029433
36693,0.9998046687280899
36694,0.10940297764099086
36695,0.9999604809260179
36696,0.9905616794222152
36697,0.9999779993960678
36698,0.9995404293507509
36699,0.9999905391621399
36700,0.9999872783729814
36701,0.9999766998187624
36702,0.9974922177703885
36703,0.9994652726178087
36704,0.9999602270220848
36705,0.9879688776688547
36706,0.9995552899047337
36707,0.9998089843338686
36708,0.9945749585225291
36709,0.9987887026146266
36710,0.999939703609149
36711,0.992902867024407
36712,0.9920655625302713
36713,0.9963587398005034
36714,0.9993477598351405
36715,0.7202870570097967
36716,0.9721003988934857
36717,0.999641725990145
36718,0.9994541720617991
36719,0.9986126325156887
36720,0.9999429635860391
36721,0.9998338975029462
36722,0.9994238175474242
36723,0.9999551898523421
36724,0.9999939144112129
36725,0.9945065597265375
36726,0.9997599555201926
36727,0.35689940609240234
36728,0.9984707394377589
36729,0.8659403187758126
36730,0.9999722268905119
36731,0.992489907899598
36732,0.9992372870319703
36733,0.9972908091692588
36734,0.9994886691302278
36735,0.9996085201015035
36736,0.9935108779722592
36737,0.9560858305215215
36738,0.9998118848331574
36739,0.999572485893963
36740,0.9999378891655197
36741,0.9684419778632155
36742,0.9991597229161533
36743,0.9705038321119649
36744,0.999923378366486
36745,0.9998530088778017
36746,0.9976737533581614
36747,0.9988431637247993
36748,0.7082907150868114
36749,0.9999570954288922
36750,0.9822385023860856
36751,0.9999033061387201
36752,0.9999756990830749
36753,0.9992920925515346
36754,0.9991826433810903
36755,0.7428184627296908
36756,0.9998272535684373
36757,0.9998495471186326
36758,0.9930075816874795
36759,0.9953536113012458
36760,0.9999329103258577
36761,0.9893070025541456
36762,0.3399670609515295
36763,0.9973932828293383
36764,0.9996363793378369
36765,0.9999074939276749
36766,0.9999813307588808
36767,0.999970810547249
36768,0.9999883045816421
36769,0.9974496842237611
36770,0.999491348035491
36771,0.9998161659203041
36772,0.9999230816289832
36773,0.9575779049970372
36774,0.9984528925499428
36775,0.9997972578268346
36776,0.9999837824587068
36777,0.6949886825336209
36778,0.9959661273521967
36779,0.9983416577967175
36780,0.9958786395949357
36781,0.9996393295755079
36782,0.9988733666287847
36783,0.9584023335234365
36784,0.9948929845641883
36785,0.9993943578751525
36786,0.9996960291077727
36787,0.9936339107500205
36788,0.9935933217734209
36789,0.7835775577367765
36790,0.8568005419697168
36791,0.9984513923197796
36792,0.9997802496479011
36793,0.9996555809523745
36794,0.9983082118592109
36795,0.9999330557914187
36796,0.9998370876808989
36797,0.9992626258871109
36798,0.9999354828376137
36799,0.999369341630065
36800,0.9997482595707948
36801,0.9994703342075932
36802,0.9521051901435507
36803,0.9997378236135974
36804,0.9998840420842103
36805,0.9999557050129316
36806,0.9984699997527948
36807,0.9998916303325119
36808,0.10908655947038667
36809,0.9998657790224412
36810,0.9988447592435372
36811,0.9982553923559101
36812,0.9998823403878642
36813,0.9990431798041743
36814,0.9999407769164752
36815,0.9999188784302395
36816,0.9997361992348823
36817,0.9999236036866146
36818,0.9959198876870192
36819,0.9587761152871682
36820,0.9993719575568243
36821,0.9584515445624388
36822,0.9551170508291561
36823,0.9856219841456654
36824,0.9997200703239502
36825,0.9999339323808455
36826,0.9998456323085064
36827,0.9999167132555276
36828,0.9984356492474405
36829,0.9906405277887801
36830,0.9999835591446559
36831,0.9998858508262511
36832,0.9147961103756693
36833,0.9998283380293838
36834,0.9994024295380095
36835,0.8268828500335188
36836,0.9542154212394262
36837,0.994575608866752
36838,0.9447537741666597
36839,0.9999712340962105
36840,0.9800447368863057
36841,0.999977789152175
36842,0.9995626930116323
36843,0.9766087475971416
36844,0.9998685829520481
36845,0.9885938938989255
36846,0.9982097029258221
36847,0.9975390021071308
36848,0.999971151866307
36849,0.9999434734374022
36850,0.9994733439655535
36851,0.8857455087372523
36852,0.9999766622373254
36853,0.9972190207582508
36854,0.997873029616105
36855,0.9999691145551773
36856,0.972939739289394
36857,0.9986682480839384
36858,0.9955947883063444
36859,0.9996002459801235
36860,0.9992872399827759
36861,0.9998937440507166
36862,0.9998869733381978
36863,0.9999843674152971
36864,0.9999626391866707
36865,0.9988873669585535
36866,0.9999444964570651
36867,0.9998132198965318
36868,0.9964495185588924
36869,0.9988153023182238
36870,0.9446339639265009
36871,0.9342592302709241
36872,0.9999440709456441
36873,0.9998867716863546
36874,0.9999688338116965
36875,0.8126914034986237
36876,0.8896280361503144
36877,0.5503617865017101
36878,0.9999577468237558
36879,0.9828203503192633
36880,0.9959025543598052
36881,0.9999285355927278
36882,0.999724486802769
36883,0.9999463385292219
36884,0.9992486275926806
36885,0.9545605552330413
36886,0.9977591712148784
36887,0.9995478707764114
36888,0.9949789060659351
36889,0.9948598939081713
36890,0.9999776756339158
36891,0.9996660367722531
36892,0.9997040349767428
36893,0.9998804798781138
36894,0.9999731975935684
36895,0.9497947314292702
36896,0.9995101813620458
36897,0.9999058923829983
36898,0.9999029706857125
36899,0.9986532927117743
36900,0.9998968579900142
36901,0.9990977831346912
36902,0.9999603204512912
36903,0.9999207672989423
36904,0.9999194458008028
36905,0.9034327144512689
36906,0.9992155603393366
36907,0.9747151845618163
36908,0.9993080510026079
36909,0.8443178183490827
36910,0.9982822507199642
36911,0.9899082026709615
36912,0.9996582056666983
36913,0.9885230210597001
36914,0.9990297153210649
36915,0.9979538946292253
36916,0.9969598384135754
36917,0.9990076707024
36918,0.9918069312679442
36919,0.8772989097679612
36920,0.9725409289306961
36921,0.994926736047673
36922,0.999974251792689
36923,0.9980212906539327
36924,0.9994869302692059
36925,0.9939066117462506
36926,0.9989920549475247
36927,0.9987023432808014
36928,0.9913278201298708
36929,0.9994870918940828
36930,0.9999662831636276
36931,0.9994802135222972
36932,0.9999577123975679
36933,0.6672280814062447
36934,0.98972127300356
36935,0.9850049477326748
36936,0.8156659859695082
36937,0.9829018660751986
36938,0.97630437176452
36939,0.9989212782303778
36940,0.9985234941190205
36941,0.9997492533903268
36942,0.9999242769981709
36943,0.9999895252787319
36944,0.9990456487145949
36945,0.8900176137622553
36946,0.9601005250471886
36947,0.27576823804290884
36948,0.9969038034456148
36949,0.9995049883036793
36950,0.9991620218514657
36951,0.9995904195948951
36952,0.9928442628393176
36953,0.9993723948187239
36954,0.9958176492065866
36955,0.9999414269889637
36956,0.8972960065184961
36957,0.34244588150889926
36958,0.9941156217685573
36959,0.9966638258887581
36960,0.6559858986778717
36961,0.9940247691674886
36962,0.9991023640617435
36963,0.9999443993603123
36964,0.9640287138394757
36965,0.9041300561605498
36966,0.8898477420169796
36967,0.9575155700189513
36968,0.9999561383571686
36969,0.9996254717642867
36970,0.9997972778886687
36971,0.9841919624692949
36972,0.9999015159522318
36973,0.9964762189287272
36974,0.9996872741021555
36975,0.9997965615508668
36976,0.9999464926741226
36977,0.9924704923817184
36978,0.9992399656062876
36979,0.9989068278062491
36980,0.9999569117504343
36981,0.9940059655319832
36982,0.9878759738058963
36983,0.9999644114998831
36984,0.1497296761236693
36985,0.9979393070972449
36986,0.9998523694253123
36987,0.9996699573071397
36988,0.9352634029054894
36989,0.999434618290374
36990,0.9978813181997748
36991,0.9999548693616245
36992,0.9999439543984062
36993,0.9871345117034487
36994,0.9964165898768936
36995,0.9999196349743837
36996,0.9999452773577702
36997,0.8712866958445898
36998,0.9999772089980782
36999,0.9997729547365443
37000,0.9999126342961102
37001,0.9998465284357164
37002,0.9992860158129865
37003,0.9999086526638803
37004,0.9988208282289213
37005,0.03981717035587896
37006,0.9993063268629254
37007,0.999631166634631
37008,0.9997480481551764
37009,0.9995692958708003
37010,0.9652752180503377
37011,0.9987914994738637
37012,0.9913130760166351
37013,0.9666471777322351
37014,0.9978580694741953
37015,0.9995490832398516
37016,0.1764013607494769
37017,0.9857181304481109
37018,0.9920945217523903
37019,0.9994535466879727
37020,0.9945350642709109
37021,0.9911062472741498
37022,0.9981429145729915
37023,0.999200523617324
37024,0.6900040738203493
37025,0.9999895731966226
37026,0.9999235399063978
37027,0.9994930911050951
37028,0.9998381789423325
37029,0.9936420979951628
37030,0.999940316713127
37031,0.9976975413935997
37032,0.99042188593764
37033,0.9999415906208305
37034,0.9966458869495171
37035,0.999381086692225
37036,0.9927146506563855
37037,0.982751474357088
37038,0.9919081797357266
37039,0.9999445567203372
37040,0.9988489299847811
37041,0.9999989420490012
37042,0.9999570166377713
37043,0.9995936630679922
37044,0.9999822364797598
37045,0.9987955430583915
37046,0.9997270352164734
37047,0.9996244310484009
37048,0.9999601723170373
37049,0.9918657715559424
37050,0.9994292598138309
37051,0.9999949485034669
37052,0.9999849441480311
37053,0.9985263556043987
37054,0.9851831052986936
37055,0.9999680908199623
37056,0.9995098065580108
37057,0.994787337595242
37058,0.9532454085653959
37059,0.9983154496549139
37060,0.9888770004974538
37061,0.9999795949079725
37062,0.9997674734576802
37063,0.9998287061414369
37064,0.9999760088774032
37065,0.9982537264684841
37066,0.99977343123832485
37067,0.9999298158964528
37068,0.9979539790548666
37069,0.9996239349893264
37070,0.9996110097599986
37071,0.9893651393276399
37072,0.9987462127213148
37073,0.997665717636658
37074,0.9777239236224765
37075,0.8936718582112416
37076,0.9996234401102339
37077,0.9748456967563667
37078,0.9533253184968171
37079,0.9999348161764167
37080,0.9995745073520053
37081,0.9998585177255035
37082,0.9997797511110889
37083,0.9998011303000092
37084,0.999997435211979
37085,0.9802805570635077
37086,0.985200111542654
37087,0.9999192277390052
37088,0.9972055523560985
37089,0.05620257089921841
37090,0.9524227284753923
37091,0.9995215325316281
37092,0.9993552051772527
37093,0.990243607844764
37094,0.9999679232414755
37095,0.9999867270557224
37096,0.9957223827280021
37097,0.9984273490746118
37098,0.9986335270328123
37099,0.9996155833342586
37100,0.45614342735027436
37101,0.9945120808143411
37102,0.9998176818079052
37103,0.997611079350653
37104,0.9993552102195671
37105,0.9927362741179192
37106,0.9976683461133922
37107,0.9733611747412075
37108,0.9994847215369841
37109,0.9995050168070512
37110,0.9984891225883218
37111,0.9056796409898785
37112,0.999707319549351
37113,0.9999735727672915
37114,0.9999763700828075
37115,0.9996656405993171
37116,0.9996959097973513
37117,0.8736654689091915
37118,0.999184502506457
37119,0.9973386330617711
37120,0.9992752936253317
37121,0.9998521716854294
37122,0.031730238496439765
37123,0.9999891487904313
37124,0.9970674391359309
37125,0.9985819066710818
37126,0.9994786238146207
37127,0.9999258694900688
37128,0.9998591937472018
37129,0.9998254465039332
37130,0.9897940374305505
37131,0.4591407505287494
37132,0.9976218228724415
37133,0.9986186012453082
37134,0.9991545719586458
37135,0.9203215802321848
37136,0.9999877874332698
37137,0.9999814023420783
37138,0.9999712930180574
37139,0.9999843714445081
37140,0.9979163541959021
37141,0.9999063644206581
37142,0.9984167344321311
37143,0.9999872195276088
37144,0.999947948828008
37145,0.9069442178550199
37146,0.9901231707372473
37147,0.9646979184785995
37148,0.9539860904169996
37149,0.9999522212123797
37150,0.9972759089563089
37151,0.9833035611672076
37152,0.9999527778317249
37153,0.9931387225412104
37154,0.9896008648648716
37155,0.9628397831619967
37156,0.9926858131164907
37157,0.9999765431732229
37158,0.11041591058624292
37159,0.9995918261243756
37160,0.9945230522325126
37161,0.9999830394129032
37162,0.9979990752726702
37163,0.9988702409355421
37164,0.9998636416878435
37165,0.9988445323019243
37166,0.9988356861691281
37167,0.9999590563266527
37168,0.1267910857277432
37169,0.9999804006965405
37170,0.999940768843544
37171,0.9985807055447486
37172,0.9992641828741361
37173,0.9939947964478125
37174,0.9914588321753063
37175,0.9999903478764063
37176,0.9995435620265695
37177,0.9284396450339163
37178,0.9974250710099357
37179,0.9996813483741551
37180,0.9999695755714318
37181,0.9998878241302185
37182,0.99836794555683
37183,0.9884501070016704
37184,0.9994711833579016
37185,0.9999784066006021
37186,0.9973726451086423
37187,0.9893128981874707
37188,0.9997383374721743
37189,0.9909925192859802
37190,0.9995974813025061
37191,0.9988182717103233
37192,0.9999857640957998
37193,0.9999725283732479
37194,0.9998197537138858
37195,0.9876434957734471
37196,0.9951451236893556
37197,0.8631392905551781
37198,0.9994480967003689
37199,0.9999199049685142
37200,0.9981212093793544
37201,0.999562930344995
37202,0.9993230294734047
37203,0.9996079495145593
37204,0.9966974964181253
37205,0.999947704695663
37206,0.9669681520049604
37207,0.9989904320167932
37208,0.999924730327781
37209,0.9890179096703984
37210,0.9946937369540106
37211,0.999784462064796
37212,0.9993072040610756
37213,0.9998926919554029
37214,0.8978458764419784
37215,0.9948706379074033
37216,0.999932946534108
37217,0.8450452498630584
37218,0.9997583347060377
37219,0.998110350629806
37220,0.9997712229513941
37221,0.99995216431368
37222,0.999818431376117
37223,0.2071264339387482
37224,0.5560811438145807
37225,0.9947357063361697
37226,0.9999760656180912
37227,0.999441153641778
37228,0.06648680712029743
37229,0.9999924598416068
37230,0.9990137691138848
37231,0.9996664379683333
37232,0.9998009852277723
37233,0.9429629795277679
37234,0.9999704553302597
37235,0.9933932224031131
37236,0.9993492891276707
37237,0.9971809315191543
37238,0.9999789112816285
37239,0.999793614893013
37240,0.9995364974175142
37241,0.9959373792034538
37242,0.9995335020190272
37243,0.9933383575702524
37244,0.9911092925619301
37245,0.9999981326733487
37246,0.9949026399795684
37247,0.9946960438902607
37248,0.996867323319061
37249,0.9991768055869961
37250,0.999949900313534
37251,0.9971523338560575
37252,0.9999690725330007
37253,0.997915567901296
37254,0.9962987605888256
37255,0.9992048115845461
37256,0.9709507370500772
37257,0.9963407745917898
37258,0.9982898830041739
37259,0.9999330620418777
37260,0.9843405260958203
37261,0.998513756966901
37262,0.9918608580757262
37263,0.9696025420501005
37264,0.9984049235466339
37265,0.9973039410664893
37266,0.9999953995063269
37267,0.9983070999850551
37268,0.9981349248010436
37269,0.9979631755776653
37270,0.9996452456567231
37271,0.38877072747706215
37272,0.9869330006766573
37273,0.9992267423474286
37274,0.8964868570955173
37275,0.9999865746038119
37276,0.9919381819268108
37277,0.99878048292548
37278,0.9997692307319133
37279,0.9984855544518358
37280,0.9916373084018596
37281,0.9992259480789812
37282,0.9999786206898413
37283,0.9580939128376746
37284,0.9731401800920148
37285,0.9999304479545428
37286,0.9998560880205999
37287,0.9972667842229077
37288,0.9301707805059409
37289,0.9974472055414221
37290,0.9999842538131855
37291,0.99521928226495
37292,0.9958814721854798
37293,0.9464555897973919
37294,0.9969934594495367
37295,0.9994047998226933
37296,0.999793590467591
37297,0.9878212720429406
37298,0.9999785250703325
37299,0.9938636130009374
37300,0.9450956261372555
37301,0.9990461063787419
37302,0.9943026190657482
37303,0.9994065297450927
37304,0.8548031811351254
37305,0.9989174478157126
37306,0.9988749165653704
37307,0.9999202601728642
37308,0.998900173008756
37309,0.9981036723847497
37310,0.9989456170981085
37311,0.9978186095901503
37312,0.9788088443332922
37313,0.9999853640067002
37314,0.9941727669783
37315,0.9984115515808507
37316,0.9999668330371783
37317,0.9999578036828279
37318,0.985176696748901
37319,0.9996794111870481
37320,0.9999377823974824
37321,0.9999623568209901
37322,0.9998455149068355
37323,0.835246957665866
37324,0.9998747598254555
37325,0.997833533630066
37326,0.9404209419420879
37327,0.9939168407373773
37328,0.9973587591676877
37329,0.9968902111106834
37330,0.9999561960016411
37331,0.9999875543865678
37332,0.4481299457005422
37333,0.9046339956919999
37334,0.9999306801974971
37335,0.9992979319175824
37336,0.9998365434942491
37337,0.9994624652705132
37338,0.9715197406968717
37339,0.9997693674184684
37340,0.4615420212316426
37341,0.9983598452466556
37342,0.999276574034193
37343,0.9744430454799234
37344,0.9999546215133482
37345,0.9998571254118809
37346,0.8632623326013327
37347,0.9994861920113652
37348,0.9998306309601909
37349,0.9969634502674019
37350,0.9988743120907032
37351,0.08943659631482907
37352,0.9999371770598869
37353,0.9887590449213248
37354,0.9999766607639251
37355,0.9995964624033449
37356,0.9961656549584799
37357,0.9970988146157856
37358,0.9994787273398454
37359,0.8298079099700681
37360,0.9999617173585335
37361,0.9869416285236555
37362,0.9998179624715049
37363,0.999948600458445
37364,0.9998788032365966
37365,0.9718597875821043
37366,0.9992859510876652
37367,0.7823513089163509
37368,0.9987056266541089
37369,0.9858073374667903
37370,0.9992795092164255
37371,0.9999889952655667
37372,0.9993564526021544
37373,0.9234805794981948
37374,0.9970832291680742
37375,0.9992881001300061
37376,0.9934031622522869
37377,0.9993829657392416
37378,0.9999766437768141
37379,0.9884983811137074
37380,0.9999514433089951
37381,0.9996603083654574
37382,0.9999422229364379
37383,0.9996611285446271
37384,0.9994045664223399
37385,0.9279144427187357
37386,0.07309340064823479
37387,0.9993832383394763
37388,0.9999747964719411
37389,0.9994801544656599
37390,0.9994455541851742
37391,0.9999476980639718
37392,0.711097833639443
37393,0.9934361696311026
37394,0.9999734269798626
37395,0.9958470350137599
37396,0.9991421494134878
37397,0.9989087721386852
37398,0.9992465496024245
37399,0.9962538501605961
37400,0.9999721919660127
37401,0.9926969007778441
37402,0.9999884820776965
37403,0.9996762687085364
37404,0.9999957648632096
37405,0.9860279285002923
37406,0.9969266609629751
37407,0.9997426733455219
37408,0.9999132021293021
37409,0.9988139208640331
37410,0.9984559378962378
37411,0.9997846350725258
37412,0.9984047650222792
37413,0.997783730056003
37414,0.9032439532323991
37415,0.9999598640308999
37416,0.9938556062859301
37417,0.999992919001579
37418,0.9968882189561629
37419,0.9949468106118176
37420,0.9992938715008178
37421,0.9997876304539215
37422,0.9997839383813888
37423,0.9813969391282598
37424,0.9507595599393818
37425,0.7555423095300244
37426,0.9069731960451587
37427,0.09785824598221526
37428,0.9999555753847602
37429,0.9997356969918638
37430,0.9999970978128166
37431,0.9967613939651052
37432,0.9845894566595482
37433,0.9987693678486549
37434,0.9996178229809886
37435,0.9795507448372095
37436,0.9999054615481514
37437,0.9983758230936766
37438,0.9985099835110567
37439,0.9977084074418133
37440,0.9606808915481365
37441,0.9998907579816901
37442,0.9997893515973579
37443,0.999236410248584
37444,0.7560367666354098
37445,0.9988598443589446
37446,0.9997202161546855
37447,0.9999446188573844
37448,0.9999626749138775
37449,0.931694005706618
37450,0.8936501878463411
37451,0.9935944262111094
37452,0.999691026061143
37453,0.9999800977975504
37454,0.9995925098353958
37455,0.9864943268655966
37456,0.9117532567226977
37457,0.9995121809601244
37458,0.9877537268220087
37459,0.9992836081875631
37460,0.9998663331777076
37461,0.9998380352488808
37462,0.916785902755419
37463,0.9998318949199001
37464,0.9965982984346466
37465,0.9987573187209703
37466,0.9998145508735552
37467,0.9997052734918516
37468,0.9993810979080389
37469,0.8614454789888608
37470,0.9999339464506876
37471,0.33957912524938405
37472,0.9994223930637237
37473,0.9952395441294445
37474,0.9999614769346505
37475,0.9984738805899698
37476,0.9999797792289886
37477,0.9999481115938813
37478,0.9987142227048553
37479,0.9994328215207237
37480,0.99988565416251
37481,0.9524146497312397
37482,0.9999915901868962
37483,0.9999758649946567
37484,0.9966213228076272
37485,0.9990017056947176
37486,0.9340689883192443
37487,0.9993498385688588
37488,0.9986748029083198
37489,0.9970364532308393
37490,0.9686072600905467
37491,0.9999348258466028
37492,0.9997346241203298
37493,0.9960303558606537
37494,0.9999554743033086
37495,0.9999925749194883
37496,0.999514282851063
37497,0.9997418372334452
37498,0.999345971376904
37499,0.9998685376584968
37500,0.2609126714937614
37501,0.9997905126137475
37502,0.9995386219302067
37503,0.998919198439663
37504,0.9988892535914137
37505,0.9995716133287125
37506,0.9714511229228955
37507,0.9622949296512392
37508,0.9997709935266481
37509,0.999257312432739
37510,0.9999783843267008
37511,0.26719673460871707
37512,0.9999586394592616
37513,0.9895093718074697
37514,0.9987423964771107
37515,0.9931478894259045
37516,0.9967150958251434
37517,0.9956414168093128
37518,0.9999500939701672
37519,0.9942295530509248
37520,0.9819914488561521
37521,0.9970983607467983
37522,0.9992637572876181
37523,0.9995756701324898
37524,0.9995058417297098
37525,0.999797511484996
37526,0.9262831837645725
37527,0.9828482118121108
37528,0.9484629023700317
37529,0.992705981649834
37530,0.9987976497262018
37531,0.9816094327879465
37532,0.9999698242341264
37533,0.9996471072958056
37534,0.9995556524524902
37535,0.999914877610984
37536,0.9942908136671161
37537,0.9999714151615838
37538,0.985710888062798
37539,0.9984703529232424
37540,0.9988152993698745
37541,0.9831541816608496
37542,0.5040472359894779
37543,0.9186732580632176
37544,0.9324439250410643
37545,0.9907665036127716
37546,0.8573664482780132
37547,0.9999567375472013
37548,0.999792943836577
37549,0.990646795655887
37550,0.9999684504241351
37551,0.9686637927432126
37552,0.9253692091257858
37553,0.9999455905527095
37554,0.9192177535874244
37555,0.9969944758850244
37556,0.9996950851867331
37557,0.9999807395185346
37558,0.9999793982499203
37559,0.9999297982476513
37560,0.9999505920454216
37561,0.9996947544743506
37562,0.9957220946808237
37563,0.9931529787506875
37564,0.9993543116686028
37565,0.9675679287884577
37566,0.964377789235431
37567,0.9996222436114551
37568,0.9952339369652609
37569,0.9518643516204519
37570,0.9985132727498247
37571,0.9975753039053883
37572,0.8727613831118881
37573,0.5241008704254093
37574,0.8276837864436042
37575,0.9921104847608414
37576,0.9985690005494083
37577,0.9999921682556955
37578,0.999214916829228
37579,0.9998826293751089
37580,0.9977367651711456
37581,0.9999742465079904
37582,0.9997787821228445
37583,0.9980909160856872
37584,0.9525594098039827
37585,0.9992567697870163
37586,0.9995012094704985
37587,0.9999677836049936
37588,0.8837932126334422
37589,0.9999622063833551
37590,0.9821586476193442
37591,0.9961476985763863
37592,0.9994912941563308
37593,0.9846890354384278
37594,0.9997300585712973
37595,0.7660905657327314
37596,0.9981383535083136
37597,0.9946620083316693
37598,0.9979897007850407
37599,0.9999870224043601
37600,0.9999553606789862
37601,0.9985042467517984
37602,0.8679983747197473
37603,0.9658668960517984
37604,0.9996346462384922
37605,0.9391446250624035
37606,0.9990511282885557
37607,0.9998572253312042
37608,0.9800482155264205
37609,0.99902003813281115
37610,0.9940777764168209
37611,0.9991764032855954
37612,0.9266158943513333
37613,0.9960311754971484
37614,0.9882661517553322
37615,0.9994324651081393
37616,0.8742407399657662
37617,0.9999702075983645
37618,0.9706322348260397
37619,0.9997947827825866
37620,0.9991121417306502
37621,0.995201675890503
37622,0.48575683115528
37623,0.9999863508397161
37624,0.9904386171947028
37625,0.9928247408212206
37626,0.940056277901003
37627,0.9991890415358518
37628,0.9995860999596133
37629,0.9991577844294998
37630,0.9999436510190116
37631,0.4240650320993112
37632,0.9998595240852891
37633,0.9167980164591112
37634,0.9996796788969481
37635,0.4359284093357387
37636,0.9515820109579386
37637,0.9999525585114609
37638,0.9999876014591754
37639,0.9999726971086178
37640,0.9993353328469894
37641,0.9999209034582315
37642,0.9997755781231293
37643,0.999887023566917
37644,0.9964873679257739
37645,0.9991671954096858
37646,0.9818610660563889
37647,0.929100457978849
37648,0.9751171050661442
37649,0.9970069675173119
37650,0.9999912155214332
37651,0.9999734469316693
37652,0.9999658074972986
37653,0.9999521485489197
37654,0.9987288464749995
37655,0.9969761852562339
37656,0.9991813457200698
37657,0.9995596128541245
37658,0.999693968229221
37659,0.9962704069837282
37660,0.9975047187434689
37661,0.9928198996451648
37662,0.8751813268851705
37663,0.9980369051000245
37664,0.7570673053241531
37665,0.9726680193231896
37666,0.9998302450364828
37667,0.9998304124837192
37668,0.9999652344814304
37669,0.9990154752937833
37670,0.9995823341641388
37671,0.9966162866441325
37672,0.9999822421097878
37673,0.9585594005526767
37674,0.16682914728631887
37675,0.9948824326911043
37676,0.9956738979348825
37677,0.9993594055654855
37678,0.9908256977656417
37679,0.9750611272601892
37680,0.9983823500119158
37681,0.9993301852485527
37682,0.9929821607300705
37683,0.9998104318054436
37684,0.9999067840488641
37685,0.9997899673298258
37686,0.9995466612201556
37687,0.9993289572688981
37688,0.998855083033556
37689,0.9940915233989281
37690,0.9999765505325926
37691,0.8350482200500933
37692,0.9998925513049918
37693,0.9999642114643699
37694,0.9999043897780027
37695,0.9997325213216461
37696,0.9979477611068147
37697,0.9998584541623887
37698,0.9926214830386771
37699,0.9983546623018543
37700,0.8438217814292208
37701,0.9992301029125501
37702,0.9999368519394584
37703,0.9073651598317138
37704,0.9605689872123713
37705,0.860763079482597
37706,0.9995994371688436
37707,0.999457027516272
37708,0.8857122966153482
37709,0.9883479219895462
37710,0.9992917741118739
37711,0.9999605286675914
37712,0.999927464262105
37713,0.9985835831764132
37714,0.9999679547204564
37715,0.9996180356068052
37716,0.9999423773605264
37717,0.9998781064898357
37718,0.9997737291414389
37719,0.999738312157154
37720,0.9999021737755406
37721,0.9992471056404729
37722,0.9997891563455388
37723,0.9987457820624298
37724,0.9993269208788337
37725,0.9965230770258298
37726,0.984302910539473
37727,0.9993219589358827
37728,0.999988173637614
37729,0.9999633806740742
37730,0.9535368501932789
37731,0.9427253496849471
37732,0.9962029039895582
37733,0.995461565023313
37734,0.9912909270282908
37735,0.9824287496923242
37736,0.9982788019903291
37737,0.9999490103915594
37738,0.9998344313212427
37739,0.9999778556612232
37740,0.9999454318439999
37741,0.9970550714788992
37742,0.999474857025761
37743,0.9992569981213449
37744,0.09607135100548501
37745,0.9989001484414475
37746,0.9981273905909932
37747,0.9620208296238474
37748,0.9993679372327275
37749,0.9991222964296613
37750,0.9997135765728502
37751,0.9995890086823049
37752,0.999990895184557
37753,0.9991462342632627
37754,0.9978554064259094
37755,0.9997176976508784
37756,0.47956554755484504
37757,0.9596522396874438
37758,0.9995943147973823
37759,0.9999978975581091
37760,0.9874164868218837
37761,0.9978121730548544
37762,1.6817132113711438e-4
37763,0.9999936445493638
37764,0.9996293599933479
37765,0.9904400860228164
37766,0.9997404212333776
37767,0.999966186889431
37768,0.9999732827385378
37769,0.9997731818433168
37770,0.9999894901054354
37771,0.9997618740518092
37772,0.9437507982676135
37773,0.26263856451791817
37774,0.9999404943440475
37775,0.765824058633808
37776,0.6847361722121739
37777,0.9999501662602653
37778,0.9975560106930723
37779,0.9993947500949963
37780,0.9921912448800035
37781,0.99995042401219425
37782,0.9999561960016411
37783,0.999982207152901
37784,0.9903892216097933
37785,0.9712252196964042
37786,0.9992265278978786
37787,0.9932148467279063
37788,0.9999720460808996
37789,0.9884314883018045
37790,0.9956022601496842
37791,0.9998254019090013
37792,0.9832497480245049
37793,0.9995286894819047
37794,0.999748953745444
37795,0.9999809451834183
37796,0.9999180926033256
37797,0.9986309177936024
37798,0.9996342810766675
37799,0.9999758858616857
37800,0.9999291453798177
37801,0.8699905349924186
37802,0.9875987721535134
37803,0.9922668159174209
37804,0.999921783934733
37805,0.9999758768669152
37806,0.9994645819654966
37807,0.9364390705337111
37808,0.9647311276337021
37809,0.9989192778209786
37810,0.9822168483406007
37811,0.9999613323651675
37812,0.9732348572983622
37813,0.9996789126041692
37814,0.9935868572035584
37815,0.9937941331524961
37816,0.9995799935551919
37817,0.9996288449918899
37818,0.999951565370505
37819,0.9987459307451069
37820,0.9998638920887576
37821,0.681890178379665
37822,0.9843922115671497
37823,0.9998080207763964
37824,0.9978232920068544
37825,0.9998815051058801
37826,0.9976780878260701
37827,0.9992926067060454
37828,0.9924442413230197
37829,0.9986997361560298
37830,0.9949610721867922
37831,0.981225085244923
37832,0.9997448420090415
37833,0.999900035988045
37834,0.3695098148177548
37835,0.9998070557092904
37836,0.9983218876084192
37837,0.9995008653664156
37838,0.9997907351190998
37839,0.9997928886238999
37840,0.9995279615621002
37841,0.989171918732347
37842,0.9929548099422769
37843,0.9999410113223623
37844,0.9987091670743361
37845,0.07973877070147284
37846,0.9988318960421103
37847,0.9994829855925598
37848,0.9935646408437596
37849,0.999974477430376
37850,0.9999633806740742
37851,0.9943763806618239
37852,0.999951267369704
37853,0.9999584845303826
37854,0.8276996555626375
37855,0.9997062951987024
37856,0.9997171963492928
37857,0.9995546505320058
37858,0.9999550317532373
37859,0.9996727421904186
37860,0.9215453819183572
37861,0.41258820221689047
37862,0.9824209747694859
37863,0.26914627849411477
37864,0.9999351911205904
37865,0.9996040402564021
37866,0.99717816321705
37867,0.9999822160029876
37868,0.9640050237363879
37869,0.9999357162131943
37870,0.9848114101504931
37871,0.9997388000105311
37872,0.9990191849121862
37873,0.9984958968226942
37874,0.9663140525985383
37875,0.9999740056809826
37876,0.9998518828275285
37877,0.998153047903788
37878,0.9992298551841698
37879,0.9992724036317125
37880,0.9927798156436192
37881,0.9999781848052797
37882,0.9999848331209855
37883,0.9995322760601746
37884,0.998567950619103
37885,0.983131649315717
37886,0.9999619848738653
37887,0.9999571830364662
37888,0.9999835524974329
37889,0.7137181670463503
37890,0.9994400842820277
37891,0.9999397179483681
37892,0.7112754107492032
37893,0.9996153084253782
37894,0.9999768839296806
37895,0.9809181984096269
37896,0.8909778642759119
37897,0.9999623626095013
37898,0.9992300684121945
37899,0.8183196569241011
37900,0.9676149877866875
37901,0.9999726949030086
37902,0.9999267930907358
37903,0.9994112110034422
37904,0.9708442868505923
37905,0.9995783151830394
37906,0.9999029749080993
37907,0.4303766218344185
37908,0.9189974745563754
37909,0.9998825382385605
37910,0.9913448612826727
37911,0.9820699632195884
37912,0.9777538683001605
37913,0.9998240474341757
37914,0.994787337595242
37915,0.9961292927786489
37916,0.9999001626365849
37917,0.683936299680923
37918,0.9999772925827354
37919,0.9394659725132384
37920,0.9999914083788041
37921,0.9972303989359182
37922,0.9986513633805035
37923,0.9982640871732015
37924,0.9998890166601823
37925,0.9964339059826219
37926,0.9999663532874057
37927,0.21618464048465982
37928,0.9994964186186663
37929,0.9991763937561807
37930,0.9991443324326532
37931,0.18414095710893294
37932,0.999978290260212
37933,0.9954096208698133
37934,0.99641679640856
37935,0.9993903512537292
37936,0.9999259270128837
37937,0.9527073125115278
37938,0.999984421259059
37939,0.9993678664450135
37940,0.978582344124449
37941,0.9258840222611958
37942,0.9985602325767428
37943,0.9999703500191666
37944,0.9997103359416786
37945,0.9906544794728731
37946,0.9996770597497515
37947,0.9993298289974357
37948,0.9999726875202755
37949,0.9995247320462675
37950,0.8938517693921575
37951,0.982016372275702
37952,0.9530013295644186
37953,0.9999924468123795
37954,0.9982996332545065
37955,0.9435011196408811
37956,0.9999626628311681
37957,0.999926484229369
37958,0.999756759640497
37959,0.13397460720182366
37960,0.9998712414640388
37961,0.9999920759112614
37962,0.9999346809167454
37963,0.9995729227015844
37964,0.9892829239448487
37965,0.9733699073888796
37966,0.999929744122716
37967,0.9999022008068619
37968,0.9981218480653967
37969,0.9991132848333295
37970,0.9983726087071242
37971,0.9992952448808761
37972,0.9997202764590327
37973,0.9693698410697394
37974,0.9984834970798372
37975,0.9986249457532633
37976,0.997639893889645
37977,0.9371421663405799
37978,0.948325441166849
37979,0.9999553226878662
37980,0.9999771247795259
37981,0.9999812288592496
37982,0.9985163936669098
37983,0.9971052267129313
37984,0.9999616173312402
37985,0.7094894905144226
37986,0.6609852597436646
37987,0.7085795231818727
37988,0.9998421400742482
37989,0.9999765166518791
37990,0.9219977381908742
37991,0.9967463048292426
37992,0.9994818889558235
37993,0.9990839356793295
37994,0.9965502939371014
37995,0.9463801137641347
37996,0.9999745240848329
37997,0.9994201822164042
37998,0.9999537105917259
37999,0.9138905340843789
38000,0.7674791960765045
38001,0.10838217100333652
38002,0.9998465712807388
38003,0.9997693532507465
38004,0.9999902654054044
38005,0.9966816337325087
38006,0.9999871667764848
38007,0.9999715657646387
38008,0.9989048190244423
38009,0.9993401192338454
38010,0.9990396056572
38011,0.9998686496818733
38012,0.9994264227193146
38013,0.9988695792198625
38014,0.9999898607482386
38015,0.9968259651283459
38016,0.9999676861933318
38017,0.8287029046581584
38018,0.9997971744768555
38019,0.999901405293069
38020,0.34296314652892285
38021,0.9985940969555318
38022,0.9996782359942674
38023,0.9991209586951734
38024,0.9183212385904747
38025,0.9969727746374791
38026,0.9691846265771581
38027,0.9998236018197567
38028,0.99979106535158
38029,0.9866819749104945
38030,0.9994275082128979
38031,0.9997090852719038
38032,0.00823607446867773
38033,0.9992607650128712
38034,0.9993049624188834
38035,0.999532364617096
38036,0.9999467934067666
38037,0.9938162549781416
38038,0.9999542499224041
38039,0.999240615095028
38040,0.9994533594138453
38041,0.9999774631063485
38042,0.9956821966649625
38043,0.9999886079691741
38044,0.9999869119165378
38045,0.9993703286981251
38046,0.9994701070455949
38047,0.9813142932475091
38048,0.8914377550821556
38049,0.45993295798027245
38050,0.9992968655609996
38051,0.9999870475276385
38052,0.9593998688044403
38053,0.9996958679777659
38054,0.9819698414422723
38055,0.9695407986804665
38056,0.9980061124821664
38057,0.9999668994004038
38058,0.966371283447354
38059,0.998921611860254
38060,0.9834626755213988
38061,0.9996933506438865
38062,0.9999564735248394
38063,0.9960410846447555
38064,0.9806827293269474
38065,0.4095019239001296
38066,0.997316084230744
38067,0.9962349428334087
38068,0.9978423419334717
38069,0.9556091578764863
38070,0.9431088049140806
38071,0.6967755882854978
38072,0.9996144997473999
38073,0.9996400792988108
38074,0.9998701425619914
38075,0.9976969319392811
38076,0.9999887252139564
38077,0.9611043867617053
38078,0.9942464900115239
38079,0.9997546902564317
38080,0.9861442197464324
38081,0.999916388744561
38082,0.999950947457462
38083,0.9960252309375641
38084,0.9996914390198907
38085,0.34492138924039967
38086,0.9979903770828176
38087,0.9999017866001524
38088,0.9999152995534669
38089,0.9986663820605995
38090,0.9999729942724576
38091,0.9916390441631813
38092,0.9413012497968373
38093,0.9999946050477172
38094,0.9991415423897522
38095,0.9984774093904312
38096,0.9994299709781214
38097,0.13082147976573452
38098,0.9998225245820274
38099,0.9525489427288146
38100,0.9754946158220249
38101,0.9984001217993421
38102,0.9998056119841862
38103,0.9992948002149382
38104,0.998759537874579
38105,0.9996612052485414
38106,0.999890455652586
38107,0.9959616557096717
38108,0.8854139823399132
38109,0.9976637893614012
38110,0.9999823435802555
38111,0.9999600106234553
38112,0.4596484191470083
38113,0.9998399147083504
38114,0.9998974232200393
38115,0.9997349596160079
38116,0.9994331073865197
38117,0.9814228564801192
38118,0.9991163265946827
38119,0.9999913341821653
38120,0.9999764679199963
38121,0.99702844118333
38122,0.9999871432709007
38123,0.9810696221312802
38124,0.9982956530619541
38125,0.20838131669110052
38126,0.9924844350618943
38127,0.9659883536105119
38128,0.9999770776220419
38129,0.9988616947903086
38130,0.9999805096557118
38131,0.9983695601591488
38132,0.9999807737448069
38133,0.9994191392185838
38134,0.5023536468466412
38135,0.9994933360675151
38136,0.9999979850900537
38137,0.8243790255697939
38138,0.9965459855893354
38139,0.9999636439789968
38140,0.9999813103117116
38141,0.9995196170945663
38142,0.017563102090249905
38143,0.9993921186760245
38144,0.999969908816552
38145,0.9025957051214916
38146,0.9996207243690971
38147,0.9852765278853689
38148,0.9999192469501331
38149,0.9643436832313105
38150,0.9896075329200025
38151,0.9772562837741405
38152,0.9999158067589868
38153,0.9991637792684525
38154,0.9999841400411856
38155,0.9924655732571163
38156,0.9870472695565602
38157,0.999986767753311
38158,0.9999628565801181
38159,0.9999142470081963
38160,0.9997746822152916
38161,0.9999781338396443
38162,0.9999721966097561
38163,0.9452908782357126
38164,0.847466158139057
38165,0.9998056547418411
38166,0.9682349950866919
38167,0.9999705434630435
38168,0.9997327835091278
38169,0.9604730148099656
38170,0.9999937200583062
38171,0.9995346289022948
38172,0.9998315537303709
38173,0.9947971119854923
38174,0.9991535314494498
38175,0.9979567386118471
38176,0.9999450580405216
38177,0.9673117727460192
38178,0.999380791474237
38179,0.9998226649724279
38180,0.9999761128469613
38181,0.9945225209389789
38182,0.9807893585744106
38183,0.9991145869165824
38184,0.999926119928195
38185,0.999922208177771
38186,0.0029308469789505265
38187,0.9996175742724033
38188,0.9999534989966058
38189,0.9999959801710925
38190,0.9999371881998224
38191,0.9999919766469634
38192,0.7618896488249571
38193,0.9750378082516724
38194,0.999911971982486
38195,0.9989511337965149
38196,0.9989103141191487
38197,0.998394254884427
38198,0.9997982858777116
38199,0.9767963103576975
38200,0.9999946935302537
38201,0.9975110489344191
38202,0.9999237787615434
38203,0.9988875479347231
38204,0.9998779530949945
38205,0.9999551772378642
38206,0.999598512383866
38207,0.9988818937945843
38208,0.9999532986222276
38209,0.9817355926636817
38210,0.9897317206894536
38211,0.9830364787832235
38212,0.9906546049258359
38213,0.980435387414005
38214,0.9837050399486513
38215,0.9995303378925873
38216,0.9936770868528604
38217,0.7777102586605146
38218,0.7205158866587591
38219,0.9999443027775106
38220,0.5598983245991848
38221,0.9990776655123472
38222,0.9187469381438883
38223,0.9989348923123214
38224,0.9998224901548917
38225,0.9995769866220832
38226,0.989369488733354
38227,0.999945849612099
38228,0.9992705257663476
38229,0.9915861951163486
38230,0.9944840736090776
38231,0.9998275407433533
38232,0.9988812160920121
38233,0.9989890168000017
38234,0.9680820883472415
38235,0.9998880377735577
38236,0.9986388681573385
38237,0.9921470451015557
38238,0.9986103481594608
38239,0.9999648447766719
38240,0.9999710153230058
38241,0.9999832572790672
38242,0.99852608878171
38243,0.26255330522983555
38244,0.9999570648894676
38245,0.9958506274683088
38246,0.9999709416265392
38247,0.9980521345856609
38248,0.9680401018498983
38249,0.9121432808108744
38250,0.9740174760379975
38251,0.9999139448646598
38252,0.542118506832708
38253,0.9990681443204082
38254,0.9999146860007231
38255,0.99999471704573
38256,0.9907715836529156
38257,0.9937327236534733
38258,0.9998323979387691
38259,0.9985167135443903
38260,0.9997516139766762
38261,0.9884975758795969
38262,0.9900665945328748
38263,0.999236801105265
38264,0.34519381462081444
38265,0.9685251899633928
38266,0.8219674875548066
38267,0.9997446906648552
38268,0.99988348865779475
38269,0.9977362519870983
38270,0.9980000584504879
38271,0.7763832827834816
38272,0.9974727461296427
38273,0.9014661625998729
38274,0.9939766801628346
38275,0.6345465131160137
38276,0.999269219461866
38277,0.9997734265384124
38278,0.9998732130206353
38279,0.9998613576634879
38280,0.9997568774309108
38281,0.9998967126179986
38282,0.8845206601330726
38283,0.06011820131922065
38284,0.4193467972739369
38285,0.9985281027463542
38286,0.9994880319958613
38287,0.9987952220464709
38288,0.9999200608626577
38289,0.9995151634426178
38290,0.9997040808227652
38291,0.7178714912864619
38292,0.9960501823157966
38293,0.8642523915940489
38294,0.9936512893807232
38295,0.7364507542895438
38296,0.9999658093881767
38297,0.9998099794384651
38298,0.9996542294437737
38299,0.9997454866997512
38300,0.9997656880457483
38301,0.9994178959061439
38302,0.9450341526245032
38303,0.99998456908072475
38304,0.9997391782591559
38305,0.9999288194002632
38306,0.9999196892792399
38307,0.9994803496694622
38308,0.9996534265510888
38309,0.9999835117323667
38310,0.9924531512042319
38311,0.9996361120307096
38312,0.9999855174876524
38313,0.24467101296090632
38314,0.9637955388426336
38315,0.9986787264135357
38316,0.9964414944489783
38317,0.9993380879927304
38318,0.8740789603227178
38319,0.9062354734160422
38320,0.9999143459381447
38321,0.991355009093245
38322,0.9993864722439382
38323,0.9999607629296408
38324,0.9999874471814518
38325,0.9984784569150937
38326,0.9999805269046307
38327,0.9993045328132644
38328,0.9989933273815806
38329,0.9846248305533718
38330,0.9997455014120714
38331,0.9999730487381979
38332,0.9977077566912951
38333,0.9984805687122102
38334,0.9869939752510514
38335,0.9998428705580623
38336,0.998154352660669
38337,0.9999958500994828
38338,0.9993658585331178
38339,0.9999918099929228
38340,0.9998223769596006
38341,0.9981537981735582
38342,0.9988560946660617
38343,0.4776752036080402
38344,0.999856683248772
38345,0.9999568183344558
38346,0.9997288643542687
38347,0.9993135505935421
38348,0.9997573707206986
38349,0.999291575111831
38350,0.9999805392832605
38351,0.9970459685893547
38352,0.9992487450932486
38353,0.9998970091304842
38354,0.9825693050251456
38355,0.7913972137876937
38356,0.985375954098622
38357,0.9999308318770371
38358,0.9939965799600743
38359,0.99974422209252
38360,0.9552124350597129
38361,0.9752447263657494
38362,0.9999116792374149
38363,0.9592056724717242
38364,0.999986533367524
38365,0.9974399372977103
38366,0.999669136423099
38367,0.9996843679879054
38368,0.9999790547324674
38369,0.8398929298009118
38370,0.9895988549874315
38371,0.9935686454334633
38372,0.6764967976077727
38373,0.9997009243930237
38374,0.9995218051435586
38375,0.9505466878098535
38376,0.9845878551604521
38377,0.9999851076333098
38378,0.9998964959839197
38379,0.97567986043154
38380,0.9992095543939503
38381,0.9954887079286427
38382,0.9994260110400184
38383,0.9990860835796844
38384,0.9954500053602879
38385,0.9996110111445319
38386,0.9767869601360692
38387,0.9991982345738475
38388,0.9998417530060677
38389,0.9999931164983193
38390,0.9994300581621206
38391,0.9999219659118286
38392,0.9991004659635285
38393,0.9891790875777015
38394,0.9997621832940107
38395,0.9095538958407039
38396,0.9851898938956433
38397,0.9999394136530377
38398,0.9999676199897681
38399,0.9987531707993578
38400,0.9975583987207176
38401,0.9999743785967508
38402,0.9999836996471387
38403,0.9937021208235104
38404,0.9999433698255776
38405,0.9999825658194138
38406,0.5252519279389513
38407,0.9999641260682082
38408,0.487780651220888
38409,0.9961618752110658
38410,0.969897225867377
38411,0.9816974969590442
38412,0.9994366614649567
38413,0.9895974983965774
38414,0.9999184294849461
38415,0.9977180984496355
38416,0.9991151884577327
38417,0.9564717520523695
38418,0.9993014983905996
38419,0.9999325192775986
38420,0.9997746576886608
38421,0.99938886119379855
38422,0.9994320344644317
38423,0.9852615463264857
38424,0.8569544353329572
38425,0.8970717614652322
38426,0.9999559887478239
38427,0.9999788490214171
38428,0.9973295877611825
38429,0.9998713704897408
38430,0.9985213094992483
38431,0.8119308527965766
38432,0.9146209202149431
38433,0.998674537924149
38434,0.9993606786069628
38435,0.989144312912265
38436,0.9999872999919667
38437,0.999429920092715
38438,0.9999390385758984
38439,0.9959770524879674
38440,0.9992184443107024
38441,0.9992354455809774
38442,0.9957851824475235
38443,0.9971657220526424
38444,0.999987099521334
38445,0.9999606538958189
38446,0.9743827654673294
38447,0.9999769098950309
38448,0.999640004757263
38449,0.642586553795654
38450,0.9994918311511953
38451,0.9969820911335421
38452,0.9992606774132214
38453,0.9990047010724432
38454,0.9971887458575162
38455,0.9999770762062623
38456,0.9954487482463691
38457,0.9986509479465822
38458,0.9999277284455884
38459,0.9984029696650916
38460,0.9966269632977507
38461,0.9955035212312617
38462,0.9897237107155424
38463,0.9535774494219652
38464,0.9927414908055694
38465,0.9997064192430504
38466,0.9999403267454902
38467,0.9998113502562337
38468,0.9998018552664807
38469,0.9992121924291915
38470,0.9978001719819011
38471,0.8972005914639252
38472,0.9998969576942811
38473,0.9918073758481477
38474,0.9999934297666772
38475,0.9999833594554576
38476,0.998735888587037
38477,0.9996761275700154
38478,0.9999731225762817
38479,0.9995585907997644
38480,0.9994787570503547
38481,0.9999737215557922
38482,0.9003220859179116
38483,0.9998778014959249
38484,0.9988059258616399
38485,0.9998828732081
38486,0.999758508651818
38487,0.9908052426136512
38488,0.9990553848026043
38489,0.9991695439583383
38490,0.9990949956959138
38491,0.998199277507846
38492,0.9927180464167394
38493,0.9995941533310173
38494,0.9997767702641593
38495,0.99964771939102115
38496,0.9993549446113785
38497,0.9999705178059045
38498,0.9895461875741178
38499,0.9185059543381044
38500,0.99736947945564
38501,0.9989858553668282
38502,0.9973571782758198
38503,0.9450394328222798
38504,0.9995110326346724
38505,0.9999400914268612
38506,0.9991131270789418
38507,0.9021318732331808
38508,0.9958084148477049
38509,0.8632404571536466
38510,0.9991742384273272
38511,0.9967980061646897
38512,0.9957568860825037
38513,0.9999863558472344
38514,0.9709523495759317
38515,0.9999769424445509
38516,0.9850702713608498
38517,0.9874427602205228
38518,0.9999508849720206
38519,0.9999145197485203
38520,0.9982700442382118
38521,0.9952964075259222
38522,0.9691866275156993
38523,0.9994307228226675
38524,0.9983385187398396
38525,0.9999743919762406
38526,0.9890586039624734
38527,0.9975606595125807
38528,0.9837751330105607
38529,0.9779741107537405
38530,0.9991762929023049
38531,0.9822220513830061
38532,0.999569581329802
38533,0.9999132224306669
38534,0.9985201524894524
38535,0.9956963191966088
38536,0.9999787381674202
38537,0.8678489155216582
38538,0.9999881091159037
38539,0.9999539728866083
38540,0.9995099577750505
38541,0.9999732211844669
38542,0.999355798265167
38543,0.23447195182633132
38544,0.9964496737987841
38545,0.9674507768067856
38546,0.9987310309461026
38547,0.9912924443679078
38548,0.9997456452824839
38549,0.8538788151288927
38550,0.9884516512336483
38551,0.9991667568401256
38552,0.9989398640239437
38553,0.8737619235448605
38554,0.9944623278908007
38555,0.8636569343350796
38556,0.19959031882135234
38557,0.9413979519553065
38558,0.9939251169354095
38559,0.999990214048485
38560,0.9999767546053846
38561,0.9999632632812957
38562,0.9992784050934479
38563,0.9957395581198908
38564,0.854871636890007
38565,0.9929733936106845
38566,0.9971129967257625
38567,0.9913466647063579
38568,0.999971135692568
38569,0.9998686433525166
38570,0.9998740034945178
38571,0.9999400994915317
38572,0.9991273639975052
38573,0.9995770043330597
38574,0.23256662743712686
38575,0.9999915744209881
38576,0.9999099708124348
38577,0.8597748904061281
38578,0.9993633609773983
38579,0.9992848572677021
38580,0.9999631547730122
38581,0.9834463848461209
38582,0.9999836575277308
38583,0.9999673335224629
38584,0.9991261118971375
38585,0.9929360400269936
38586,0.9999523277669901
38587,0.9921554433243739
38588,0.9983823333098212
38589,0.999239966591538
38590,0.8023157540607133
38591,0.44827893678327074
38592,0.9914189283325044
38593,0.9991433664412688
38594,0.9999669456676693
38595,0.9784702876832394
38596,0.9993331785168625
38597,0.9825285857414758
38598,0.9999880464386012
38599,0.9999604851646688
38600,0.9989372130688823
38601,0.9999401786605595
38602,0.9998403450890693
38603,0.9999628254192215
38604,0.7162951659968639
38605,0.9883440453690431
38606,0.9680591433879289
38607,0.99379069779448
38608,0.9999555207659845
38609,0.999230914320001
38610,0.9990291477848507
38611,0.9971349900560134
38612,0.9978163024795803
38613,0.9892373492760049
38614,0.9999767997904012
38615,0.9977342754124466
38616,0.9998883863590193
38617,0.9913564713944308
38618,0.8781443544116255
38619,0.9902442675401304
38620,0.9768305507424228
38621,0.9993800102848525
38622,0.9991193668135184
38623,0.9949976758324963
38624,0.9930666242453112
38625,0.9992937562762135
38626,0.9999093029348898
38627,0.9999876040001892
38628,0.9993220908758497
38629,0.9709110623471507
38630,0.9801760685601111
38631,0.9992476946270865
38632,0.9993138687092497
38633,0.9278410714481066
38634,0.9861396420619855
38635,0.9998318769519752
38636,0.9017640687227886
38637,0.9983310139679495
38638,0.9661675188687884
38639,0.6383004057150903
38640,0.9998762812772884
38641,0.9362055237363793
38642,0.9978735171644643
38643,0.5332307769371426
38644,0.9993647115099178
38645,0.9963238873139644
38646,0.9991012916327648
38647,0.9978016212503672
38648,0.9844938067651007
38649,0.9995166787840535
38650,0.9995371812847539
38651,0.98115974609424506
38652,0.9997603290719257
38653,0.9945587884811001
38654,0.9977677745906075
38655,0.9251827259898975
38656,0.9457768898731421
38657,0.999859624382296
38658,0.7816122122251875
38659,0.9994499290670397
38660,0.9999523140567692
38661,0.9999752220448399
38662,0.9987611582878221
38663,0.7661553302576312
38664,0.995474656687093
38665,0.9999137704800809
38666,0.9999602739511754
38667,0.9996125404601753
38668,0.9979724816542604
38669,0.9994958807179821
38670,0.994581871027704
38671,0.9998371489660842
38672,0.9988475869080657
38673,0.9967454248415929
38674,0.9921477389568973
38675,0.9993692484937134
38676,0.9990731076663314
38677,0.9981678778682516
38678,0.9726769723337948
38679,0.9984772198759143
38680,0.9814913771574839
38681,0.9982083932720542
38682,0.4644503035542048
38683,0.9989706431570827
38684,0.9999758930091873
38685,0.999410828637429
38686,0.9995822721824408
38687,0.9999934418643381
38688,0.997697515653916
38689,0.9990226976194572
38690,0.9839536185092987
38691,0.9994161843019217
38692,0.9267692045885262
38693,0.9999941206460804
38694,0.9975835020796254
38695,0.9994071708159076
38696,0.9999745164141448
38697,0.9995012075570081
38698,0.9998443883120276
38699,0.8122593367763432
38700,0.9997687392500743
38701,0.9998949348049698
38702,0.9998557930651544
38703,0.9597024177723111
38704,0.9992792749425421
38705,0.9613686284972448
38706,0.9999400866395775
38707,0.9998411330685082
38708,0.9286069330193656
38709,0.9997993297510891
38710,0.9999623862290828
38711,0.6653356026763417
38712,0.9740703587834124
38713,0.9656313445319797
38714,0.9683880977152032
38715,0.9830518486697403
38716,0.9964911489146763
38717,0.9974799364834042
38718,0.9746300363231974
38719,0.9999509632983121
38720,0.9999414920093199
38721,0.990494467405357
38722,0.9998457726428381
38723,0.5424504241194082
38724,0.9996456486807738
38725,0.948307473335336
38726,0.9670992986240194
38727,0.999911581681491
38728,0.9999427891512813
38729,0.9984199870507996
38730,0.9998284698621203
38731,0.7458728341301097
38732,0.9999522020123764
38733,0.9996043662619308
38734,0.9954174522980709
38735,0.9997940253205665
38736,0.9696228621497366
38737,0.9999872916046773
38738,0.9929737371400934
38739,0.9854110048853132
38740,0.9999844106163586
38741,0.9991001555749313
38742,0.9997482537470345
38743,0.9979527507202466
38744,0.858798693968957
38745,0.9904328164135094
38746,0.7655187352431391
38747,0.9941786580506564
38748,0.9999661003670163
38749,0.9990014216058186
38750,0.9449044893093598
38751,0.9287969191398242
38752,0.9880960118357448
38753,0.9980733830725625
38754,0.0730412217301996
38755,0.9995839555162124
38756,0.9999919707194005
38757,0.998906045511245
38758,0.9999677789646517
38759,0.9993884448042224
38760,0.9999444280732653
38761,0.9999879932444661
38762,0.9997151382251163
38763,0.9979678150323692
38764,0.9998436587413528
38765,0.9928764172455773
38766,0.9980776613142891
38767,0.9865044047000202
38768,0.999038426496822
38769,0.999922055891632
38770,0.9999836620931059
38771,0.9988772316165406
38772,0.9937038229343835
38773,0.9996780245107109
38774,0.9933398905036511
38775,0.9998793200443882
38776,0.053884756872178245
38777,0.9993549446113785
38778,0.9993637597131498
38779,0.9990095334765295
38780,0.9975653940801237
38781,0.9700784954739433
38782,0.9705839275551669
38783,0.9999356972073103
38784,0.9491143804797695
38785,0.9990990639355606
38786,0.9996515533713735
38787,0.9996814002194997
38788,0.9981012407518268
38789,0.9999418494380253
38790,0.9995378846779864
38791,0.9814708023669558
38792,0.9993712236883593
38793,0.995738430707499
38794,0.9962580295901992
38795,0.9972688252593171
38796,0.9997963144326882
38797,0.9844696277849141
38798,0.9965351202541013
38799,0.9998477782700965
38800,0.9990946358774644
38801,0.9991447962722487
38802,0.9990522165816804
38803,0.9996399717909273
38804,0.9999307767054747
38805,0.9999292760367182
38806,0.9939390003634642
38807,0.9998069968769177
38808,0.9999115812504604
38809,0.9747031653563526
38810,0.9898398375993519
38811,0.9994557950857653
38812,0.973265854496146
38813,0.9955279636778956
38814,0.9972189450080746
38815,0.719533479501472
38816,0.9999795271230718
38817,0.9999768479115714
38818,0.9985961321698471
38819,0.687390870020219
38820,0.9979532234777333
38821,0.4208947539603175
38822,0.9996219980517154
38823,0.9994494539361793
38824,0.9999871658438451
38825,0.9997387532585225
38826,0.9561975491560885
38827,0.9994103780706491
38828,0.9974868402584688
38829,0.9999334644252057
38830,0.9991596345864063
38831,0.9995567710075615
38832,0.9902559531958505
38833,0.9999394592099279
38834,0.9877471458539927
38835,0.9939399966983526
38836,0.9999124274112344
38837,0.9985273237660965
38838,0.9999514045928379
38839,0.955746368262564
38840,0.8909450760957092
38841,0.9787143236592772
38842,0.9987680298853735
38843,0.9986936915700811
38844,0.9998377499072352
38845,0.9987455683938291
38846,0.9972484953368548
38847,0.9999853236467836
38848,0.9828709299754592
38849,0.9988364976232539
38850,0.9999593752617953
38851,0.9997523120219608
38852,0.9846051308869789
38853,0.9999296572161747
38854,0.9993994847319129
38855,0.999161789595602
38856,0.9997615898369665
38857,0.9998785153785716
38858,0.9993342269536464
38859,0.5758363290744306
38860,0.9999767833999661
38861,0.9996900045504529
38862,0.9788266950078459
38863,0.8676955042030435
38864,0.999956078201269
38865,0.9863812566595309
38866,0.9962605186156823
38867,0.9999542047214649
38868,0.9999673264305605
38869,0.995072886377792
38870,0.9998970438227627
38871,0.9968029979391183
38872,0.9999258220802597
38873,0.7457647039288886
38874,0.9935542757899714
38875,0.9999888085197279
38876,0.9987638418233911
38877,0.999710253946225
38878,0.9998486768669941
38879,0.9989964186051975
38880,0.9996724250394748
38881,0.9999204196685717
38882,0.9926953190093347
38883,0.9991129860261482
38884,0.9999605076650216
38885,0.9997662877782982
38886,0.996790303198933
38887,0.9998572165802498
38888,0.9999425070661206
38889,0.6240893259234213
38890,0.9148976743366892
38891,0.5036459682169702
38892,0.9999953675208089
38893,0.9999599037563941
38894,0.9978575145507875
38895,0.9914450854011323
38896,0.9996079904760194
38897,0.9873426663569157
38898,0.9993906110008818
38899,0.9995735012915717
38900,0.9800465562040045
38901,0.9963227187411392
38902,0.9993551156633057
38903,0.9958298617305331
38904,0.9868174403323539
38905,0.99932687003458
38906,0.9915759152364053
38907,0.9997698890675983
38908,0.9999396015726335
38909,0.9899919606434795
38910,0.9990806944526406
38911,0.9993347504455412
38912,0.9967098303450658
38913,0.9996006005836117
38914,0.9635858582469736
38915,0.990606570254953
38916,0.9980364974011012
38917,0.9999661883008745
38918,0.9999318947396075
38919,0.9998557348459136
38920,0.9993054447683872
38921,0.9999856807669484
38922,0.9995964811255907
38923,0.9983204191084213
38924,0.9978888096636134
38925,0.9398475164213999
38926,0.9995265753409571
38927,0.9999936032775809
38928,0.9907047370377199
38929,0.9998495239182457
38930,0.9991571463895169
38931,0.9276895324355665
38932,0.9978056295321198
38933,0.9949546875880435
38934,0.9998829506382323
38935,0.9999530605329051
38936,0.7731117981234666
38937,0.9985162534463763
38938,0.9999619597862704
38939,0.9545939631755663
38940,0.9999198232206267
38941,0.9624684670945809
38942,0.9896683932702618
38943,0.9768818813902077
38944,0.9998038416365816
38945,0.9996037900133541
38946,0.9998647070259022
38947,0.9996597171963824
38948,0.9991462342632627
38949,0.9999523186057244
38950,0.9980681447917655
38951,0.99949469752349
38952,0.9944046907025871
38953,0.9654371698215501
38954,0.9993781997973671
38955,0.9999807826310366
38956,0.9987290528999394
38957,0.9999669212637385
38958,0.9999927153084321
38959,0.9994396765810939
38960,0.9998616371187042
38961,0.9999636305214743
38962,0.9999367903062891
38963,0.9999991355766283
38964,0.9985214801415717
38965,0.9859274248223088
38966,0.9998629380800894
38967,0.9995687986008351
38968,0.9739890161550816
38969,0.9994863061831423
38970,0.9987783381116899
38971,0.999992791610871
38972,0.9999608144077577
38973,0.9993933686464925
38974,0.9999234261082287
38975,0.9999509531547485
38976,0.9709110623471507
38977,0.9999796203598567
38978,0.9952731808295058
38979,0.931069252467306
38980,0.9985037571060196
38981,0.9535899830643615
38982,0.9999801119499989
38983,0.9998956600296952
38984,0.991355009093245
38985,0.9998151216916319
38986,0.9993639376064177
38987,0.99991432404735
38988,0.9995896381801949
38989,0.0287736023881358
38990,0.9999720178288095
38991,0.9997424434557451
38992,0.9998240780737533
38993,0.9998282743914141
38994,0.9997878410952191
38995,0.9999779052905505
38996,0.9807745684324681
38997,0.9995387676386657
38998,0.9997026886331346
38999,0.9703859494311877
39000,0.9999461214156931
39001,0.9995722919158931
39002,0.9990461063787419
39003,0.9989727294348686
39004,0.9987693678486549
39005,0.9985218301362019
39006,0.9858124979024202
39007,0.9985293840547023
39008,0.9998556379008204
39009,0.9931120383028903
39010,0.9962846335956783
39011,0.9937956845141789
39012,0.9989100183340461
39013,0.9996311957330305
39014,0.9999281359633562
39015,0.9999962139498731
39016,0.9999601237182952
39017,0.949925129297037
39018,0.999291638273208
39019,0.9821472394250811
39020,0.9999027956538883
39021,0.999969951518198
39022,0.9995920525136897
39023,0.9999798154440943
39024,0.39905990576856004
39025,0.9997649048141908
39026,0.9983774808964568
39027,0.8911630847420354
39028,0.9950778310507078
39029,0.997399192616829
39030,0.999957066643213
39031,0.9997718916708861
39032,0.999960631375433
39033,0.9989101615965772
39034,0.9948095969643317
39035,0.9916584885815969
39036,0.9784918869905018
39037,0.9962705698675377
39038,0.9988662288568408
39039,0.968914489920941
39040,0.9998759697366765
39041,0.999995702825431
39042,0.999981310881921
39043,0.9999712577637351
39044,0.9406516431834577
39045,0.7524958377962223
39046,0.9854353650408517
39047,0.9955530884652177
39048,0.9993479490536336
39049,0.8712535381544182
39050,0.9999863958752441
39051,0.9999556830645093
39052,0.9993958467493242
39053,0.9870297698600697
39054,0.9760729764160029
39055,0.999880807824894
39056,0.999980687124167
39057,0.6860115958743612
39058,0.9996514517073103
39059,0.9858241180249606
39060,0.9995070307712463
39061,0.9991802243109832
39062,0.9999313516301471
39063,0.9993782694478319
39064,0.999220041264135
39065,0.9997688963972572
39066,0.9999273614425782
39067,0.9989263348452704
39068,0.9995764248317129
39069,0.9998682703531129
39070,0.9880682618438176
39071,0.9986210006630791
39072,0.99998560081501775
39073,0.9962898191560599
39074,0.6978399405195976
39075,0.9431922286880676
39076,0.9996659904276423
39077,0.998310569685459
39078,0.9991190381918783
39079,0.999153065631285
39080,0.9999995145274985
39081,0.9969190921276143
39082,0.9892384525928315
39083,0.9968654574437302
39084,0.8006696969594589
39085,0.9955234534306532
39086,0.8950451707125865
39087,0.9890179096703984
39088,0.9999130978493989
39089,0.9999538004654812
39090,0.9999670367665231
39091,0.9851943069618397
39092,0.9931252270634484
39093,0.9932738405278655
39094,0.581901975175413
39095,0.9966293684811109
39096,0.9986512772543565
39097,0.9990902722875887
39098,0.9998980861099459
39099,0.9999811234883169
39100,0.9993096190706242
39101,0.9998530475573544
39102,0.9970825955168049
39103,0.9996483589426258
39104,0.9994913991563804
39105,0.9997879404608703
39106,0.9921212865129173
39107,0.9994884028992799
39108,0.9999235523729342
39109,0.9999889692719811
39110,0.9826632072270565
39111,0.9989363765146151
39112,0.9999643867469798
39113,0.9998407143672914
39114,0.9668531251774432
39115,0.9999147047372737
39116,0.9997356952666765
39117,0.9433382840587324
39118,0.9996316513247202
39119,0.9987745578320312
39120,0.9999766022214935
39121,0.9858769916761988
39122,0.999942996700496
39123,0.9998828829124248
39124,0.9990308646197493
39125,0.750492634965784
39126,0.9999502048797788
39127,0.998886109344806
39128,0.9990941468275953
39129,0.9995091797721312
39130,0.9956644828140725
39131,0.9621679642279349
39132,0.9999127936239658
39133,0.9993448237767782
39134,0.9926401221487643
39135,0.9985066708518041
39136,0.6633850317719391
39137,0.9999759068932317
39138,0.9998138960352514
39139,0.9995410336766378
39140,0.9992594037433142
39141,0.9999729424284651
39142,0.9997298673875037
39143,0.9958696216626121
39144,0.9999535608197258
39145,0.9999077837716183
39146,0.9907307649782341
39147,0.9866767963832679
39148,0.992878141597976
39149,0.9999845480301797
39150,0.9999525347832778
39151,0.9950594624832672
39152,0.9950342963449674
39153,0.9997791811647648
39154,0.9996355550890006
39155,0.9901848262117374
39156,0.999957395672036
39157,0.9992406454538388
39158,0.9999429312618919
39159,0.9995877853027537
39160,0.9875845392243323
39161,0.9940797877714314
39162,0.9964039288050471
39163,0.9999890354472514
39164,0.9997800688352355
39165,0.9999867202304789
39166,0.9995591940980655
39167,0.997100623528965
39168,0.999964745205006
39169,0.9999082695859018
39170,0.9997325924397392
39171,0.9890179096703984
39172,0.9999440403683302
39173,0.9298891383642715
39174,0.9999714387223883
39175,0.9814757538214464
39176,0.9977915153532545
39177,0.9997231533895494
39178,0.995355264367103
39179,0.9677726142352874
39180,0.9984851741601778
39181,0.9999616496250329
39182,0.9993965210478624
39183,0.9985710082409572
39184,0.9998032662454541
39185,0.9928896416339691
39186,0.969983388395216
39187,0.9988476563557288
39188,0.9995506397867581
39189,0.9663245993975406
39190,0.991386508111301
39191,0.9991851138327882
39192,0.9840956328036761
39193,0.9994108025789428
39194,0.9995734590564865
39195,0.988165495058057
39196,0.9998901973510366
39197,0.9988702666923892
39198,0.9997816189745922
39199,0.9878668847543817
39200,0.9391947656148988
39201,0.6390810810551074
39202,0.9999641378972934
39203,0.9993543116686028
39204,0.9556728446098669
39205,0.9943560051158477
39206,0.9999680245564403
39207,0.9996843620698443
39208,0.998663453603497
39209,0.9999748547935313
39210,0.9999243856849529
39211,0.99216147166905
39212,0.9996683963484699
39213,0.9999868867913745
39214,0.9991408479687046
39215,0.9999506228928456
39216,0.9999723778271292
39217,0.9999709278296508
39218,0.9997407372025638
39219,0.27243441358993153
39220,0.9958624153472596
39221,0.9911003556482377
39222,0.9979721341825862
39223,0.999803331589087
39224,0.9981292565595844
39225,0.9993411148983027
39226,0.9999853043380452
39227,0.5722920020570585
39228,0.9999794043266944
39229,0.9921669724573445
39230,0.9999896731336285
39231,0.9996169366654207
39232,0.9947257914365698
39233,0.9994893828628276
39234,0.7329826643725554
39235,0.9997480778371242
39236,0.14718735735442393
39237,0.9998096346882128
39238,0.9999558964004512
39239,0.9999765472178823
39240,0.9984770779908064
39241,0.9999411300337949
39242,0.9995492728709868
39243,0.9896067849575474
39244,0.9997589894215734
39245,0.9990671218073133
39246,0.9994775258412686
39247,0.9981576024820797
39248,0.9996873700619452
39249,0.9999241892240753
39250,0.993911386311519
39251,0.9998657970164804
39252,0.9837935507152078
39253,0.9989655554559691
39254,0.9922579505865715
39255,0.994801571850754
39256,0.9961426775091416
39257,0.9946112805605964
39258,0.9994920763177402
39259,0.9996481789543743
39260,0.8760445744258707
39261,0.9837927217075482
39262,0.9956122558294951
39263,0.9893052304787018
39264,0.9987125437366935
39265,0.9820244459634586
39266,0.754290417419606
39267,0.9998911226464523
39268,0.9883440453690431
39269,0.9989905531191161
39270,0.999588103410758
39271,0.9837839624017085
39272,0.994836736458963
39273,0.9917037112687243
39274,0.9978432601072414
39275,0.9999772476585773
39276,0.9997049495672247
39277,0.9988984928498373
39278,0.999545544263489
39279,0.9911050068804343
39280,0.9998594902242116
39281,0.9989445784466536
39282,0.9999850871229357
39283,0.9995341922860562
39284,0.9967295505008507
39285,0.9991296896226172
39286,0.9991662418293313
39287,0.9202393738109113
39288,0.9999350398512874
39289,0.9996863919939272
39290,0.999187224396831
39291,0.9967602697827742
39292,0.9999561438975825
39293,0.9954598455690408
39294,0.9882853621675165
39295,0.9746606400936915
39296,0.9999601122316811
39297,0.999640926561334
39298,0.9999443799743744
39299,0.48780452350932496
39300,0.9995807713334999
39301,0.9021706565687768
39302,0.7800635062004425
39303,0.9994463692952655
39304,0.9798672335128615
39305,0.9999887682568732
39306,0.9999333449605013
39307,0.9999640055559086
39308,0.9999726240904634
39309,0.9995840787566125
39310,0.8927052549616701
39311,0.9999753083036955
39312,0.9999314952562846
39313,0.999971394606494
39314,0.9988836486978396
39315,0.9967282756364437
39316,0.9975756158335545
39317,0.9998519520103605
39318,0.9992262032916551
39319,0.9999697348494279
39320,0.9999674295799756
39321,0.9995334978399987
39322,0.9995170690302042
39323,0.9937554827655851
39324,0.9999273598202495
39325,0.993620546141094
39326,0.7991070792118916
39327,0.9932572542679766
39328,0.9874813161525594
39329,0.99965700057173
39330,0.9972435198530114
39331,0.9996690282670968
39332,0.9984188383552367
39333,0.9963952322071365
39334,0.9327514069468053
39335,0.5187834865630808
39336,0.9998933733202306
39337,0.9997153548925267
39338,0.9814946407097103
39339,0.9985149502315236
39340,0.9898714390405591
39341,0.999956023826055
39342,0.9952634932661741
39343,0.9989412705157201
39344,0.9999471809537414
39345,0.9812903971530962
39346,0.99992063998612
39347,0.9999126948565569
39348,0.9999953422792021
39349,0.9977652369031812
39350,0.9329341620175599
39351,0.9989408547957772
39352,0.9999336254217718
39353,0.9657718554457702
39354,0.9998610816129014
39355,0.9997494242276508
39356,0.998385109851243
39357,0.9994714620542632
39358,0.9908614329548
39359,0.9995335736825584
39360,0.9997692070502809
39361,0.9815910955769891
39362,0.9999642078470403
39363,0.9988523945289725
39364,0.9949250937854556
39365,0.8946450833467164
39366,0.9918930327781877
39367,0.9992808769422512
39368,0.2995029924648006
39369,0.9865731242740281
39370,0.9992402169786284
39371,0.9940188236984107
39372,0.7348527934043989
39373,0.9993123537775682
39374,0.5993667203235381
39375,0.9998289796135589
39376,0.8768535803120724
39377,0.9999933706314654
39378,0.9999709777640379
39379,0.9966942903218462
39380,0.999539270264902
39381,0.9876705490772572
39382,0.9999931491157003
39383,0.9985686123264876
39384,0.9995504367754713
39385,0.3694076951072539
39386,0.8638593303152406
39387,0.9995871765864011
39388,0.9357575377549306
39389,0.999889140963581
39390,0.9830442330849516
39391,0.9994100096727351
39392,0.9999737228540148
39393,0.9999773077943245
39394,0.9525575107570002
39395,0.9999621070540783
39396,0.97170395686806
39397,0.9964337171696332
39398,0.9993383100712607
39399,0.9996990953689058
39400,0.9933875221581558
39401,0.8308383573569984
39402,0.9999794735126624
39403,0.9999607629296408
39404,0.9992985432722332
39405,0.9997202605250799
39406,0.9994731777755987
39407,0.9999599323614122
39408,0.9999002676399563
39409,0.9999970450049886
39410,0.8330096921333507
39411,0.9998892535728436
39412,0.9607946370594661
39413,0.9941908030365604
39414,0.5298943476648255
39415,0.9967013263543046
39416,0.999939734901046
39417,0.9976470503034651
39418,0.9918749189676878
39419,0.9995342227792424
39420,0.9988837627623899
39421,0.999998454617017
39422,0.8864864458151954
39423,0.9991690757433731
39424,0.9874873640903736
39425,0.9997121447594342
39426,0.9574680769456506
39427,0.9999423510242416
39428,0.9999725473037495
39429,0.9975761010311971
39430,0.9918210358368477
39431,0.9998130552480249
39432,0.9953625732717691
39433,0.9732518958686439
39434,0.9917997966916478
39435,0.9854046369809438
39436,0.9935423248172793
39437,0.972660708587169
39438,0.9995868608734941
39439,0.9902252196152538
39440,0.9999693154024262
39441,0.9563453148116384
39442,0.9996463865443199
39443,0.1462166395441462
39444,0.9999806557809066
39445,0.999833359194895
39446,0.9378088817112146
39447,0.9998213034156105
39448,0.9906994973960935
39449,0.9994560246884661
39450,0.9471981494973457
39451,0.017228301078776372
39452,0.9998219931958038
39453,0.9993612047367872
39454,0.9947723855554758
39455,0.9993434202957502
39456,0.9993450379422841
39457,0.9956122558294951
39458,0.990320789407213
39459,0.9961090699648115
39460,0.9992399656062876
39461,0.9999618060007639
39462,0.9999729468933997
39463,0.9778597508314963
39464,0.2781173117593948
39465,0.9568569109118977
39466,0.9999579917923405
39467,0.9999313461594819
39468,0.9999585469480463
39469,0.9998648949078855
39470,0.9991779606075738
39471,0.9971783582805007
39472,0.9996804525925806
39473,0.9971706428743542
39474,0.9999867735155327
39475,0.9998840329463138
39476,0.9999146065149518
39477,0.9993145644330661
39478,0.9915031783120372
39479,0.9996234466227815
39480,0.9998018117211999
39481,0.9999727162796979
39482,0.9976604385484525
39483,0.9999711214335375
39484,0.9922869987567446
39485,0.9996358316662058
39486,0.9979861349838136
39487,0.9998808968826236
39488,0.9999802335581941
39489,0.9999980757307243
39490,0.06677792576176965
39491,0.9999390651364661
39492,0.9993010626710823
39493,0.9992945587273682
39494,0.9992996435222027
39495,0.9996358825404402
39496,0.9999304155771336
39497,0.9988871343485133
39498,0.9265824211417024
39499,0.9999711214335375
39500,0.9999851956853053
39501,0.9964643065280201
39502,0.17229904721091227
39503,0.9999493692211583
39504,0.9999727238305296
39505,0.9945502207878681
39506,0.6530132248136219
39507,0.9995058639948706
39508,0.9913261459612681
39509,0.9992649973327827
39510,0.6026155651264619
39511,0.3769210085366148
39512,0.7996382517071587
39513,0.9999868420286661
39514,0.9910429664668327
39515,0.9987058759255548
39516,0.9993773121863595
39517,0.991979409881034
39518,0.9996112299149602
39519,0.9998017047642462
39520,0.9982357833549945
39521,0.9983478624698338
39522,0.9972777381097141
39523,0.9435158931294894
39524,0.9993593135586942
39525,0.9999812941566364
39526,0.48439437218197084
39527,0.9999736969996533
39528,0.9981572689367005
39529,0.9999853604807104
39530,0.9988629625272141
39531,0.9816117836254261
39532,0.9987246847596152
39533,0.9914046221924057
39534,0.9996430948938896
39535,0.9976379283513924
39536,0.9999660611837551
39537,0.9634788478233741
39538,0.9999686628115912
39539,0.9610882473538073
39540,0.9997415045996821
39541,0.9994613733594386
39542,0.9995083387280772
39543,0.9997031271764644
39544,0.1599121128109335
39545,0.9989215372076132
39546,0.9998387786851031
39547,0.9991042924925974
39548,0.9905526022960501
39549,0.999981783168703
39550,0.9999326092761239
39551,0.9614190500718286
39552,0.9811289756326196
39553,0.9535583826442438
39554,0.999467082174671
39555,0.9999767436651326
39556,0.9985622408465716
39557,0.9843996881031624
39558,0.9999305579842884
39559,0.9998296125910014
39560,0.9927082041475191
39561,0.925910472015671
39562,0.9775221052715733
39563,0.9922521675112418
39564,0.9996015590415065
39565,0.9966769351083884
39566,0.9579072202685921
39567,0.999970414955436
39568,0.9989760737148206
39569,0.9987912606582626
39570,0.6969490142725546
39571,0.9803271914967259
39572,0.9827801972267606
39573,0.9996720218292441
39574,0.9998577331220905
39575,0.999988539944924
39576,0.9999843758601368
39577,0.9996928162998469
39578,0.9991226030317132
39579,0.9992019601091514
39580,0.9998422395618314
39581,0.9999744604119205
39582,0.9999530360997778
39583,0.999246643374362
39584,0.9990017230304592
39585,0.9681222972666941
39586,0.9208399690946214
39587,0.9409412104285805
39588,0.9969394250620364
39589,0.9998678252438304
39590,0.9999413575175161
39591,0.986444287701165
39592,0.9998913762278312
39593,0.9976793451716681
39594,0.22038749808405805
39595,0.9994722743460142
39596,0.998836611539555
39597,0.9998627194903957
39598,0.9811295561388882
39599,0.9997938371963684
39600,0.9995964130416106
39601,0.9947318798437506
39602,0.9973442617000049
39603,0.9998647249401108
39604,0.9976331322370046
39605,0.45914976900450394
39606,0.9997812864431344
39607,0.9999850831346055
39608,0.999874610840867
39609,0.9902751368396316
39610,0.9981892752832886
39611,0.4127213341861475
39612,0.9949667128642876
39613,0.9996021055835167
39614,0.9996791817041554
39615,0.9984411349235167
39616,0.7990552489211294
39617,0.5424520322997001
39618,0.99953152605318
39619,0.9932549994929877
39620,0.9991880688409824
39621,0.9985071939953534
39622,0.9974066315485072
39623,0.9990095899273763
39624,0.9970195045936214
39625,0.9997578733968149
39626,0.9990552123944385
39627,0.9888789453638757
39628,0.6924671005060298
39629,0.9999704752220704
39630,0.9999006683827873
39631,0.999382456748995
39632,0.9991763463089365
39633,0.9997662116962351
39634,0.9968959765561859
39635,0.9988017512124765
39636,0.9999311120904895
39637,0.9999946107779308
39638,0.9998049541890437
39639,0.9910462628785295
39640,0.9949942839527731
39641,0.8837517247450637
39642,0.9975575864067259
39643,0.999937456563166
39644,0.9176775674632375
39645,0.9991121417306502
39646,0.99929136214275
39647,0.9990425144491794
39648,0.03966039476486875
39649,0.9994623966869263
39650,0.9532239469408097
39651,0.9999910659757534
39652,0.9967047788918916
39653,0.9950865561262195
39654,0.9993548229178228
39655,0.9888123747231427
39656,0.947803693325404
39657,0.9993158503221021
39658,0.9991577844294998
39659,0.9970336281239777
39660,0.9999351897978856
39661,0.9984160887209625
39662,0.9994914385546025
39663,0.9975809559445353
39664,0.9954706786742088
39665,0.9999340950099539
39666,0.9960905889895639
39667,0.9999704825639617
39668,0.9999759587113645
39669,0.9999924414451765
39670,0.9255858937809661
39671,0.3032976228576046
39672,0.7996396659770163
39673,0.9999308782480013
39674,0.9661289299919313
39675,0.9994001083145834
39676,0.9999907958090156
39677,0.9998881668129624
39678,0.9999003413291697
39679,0.9998824561365753
39680,0.9058236512952474
39681,0.9974093088805687
39682,0.97222796296496
39683,0.9967230553899972
39684,0.9966927395403298
39685,0.9927382594148111
39686,0.999410042109535
39687,0.9954780037724028
39688,0.9996187705528461
39689,0.9999863221991172
39690,0.9976541799271141
39691,0.9911136966840295
39692,0.9997967004874995
39693,0.9864871197521573
39694,0.998907769802553
39695,0.9964504262861109
39696,0.9999861212709209
39697,0.4394201375664347
39698,0.9997788568326013
39699,0.9959907566846934
39700,0.9998216205585055
39701,0.9931273849591323
39702,0.999602843057544
39703,0.9997805831756961
39704,0.7564759781640296
39705,0.9999935372246582
39706,0.9999084496861239
39707,0.9990034201363504
39708,0.99997813821159
39709,0.9999573804586269
39710,0.9996785098984652
39711,0.9999729585482515
39712,0.9999689116317776
39713,0.9999807256053549
39714,0.9999809772666974
39715,0.9990107337490913
39716,0.9963152054728098
39717,0.9665400897472998
39718,0.9960466588323085
39719,0.9609143656178739
39720,0.9933624580943747
39721,0.9998043701717548
39722,0.9995845132078635
39723,0.997158647885135
39724,0.9999664997140112
39725,0.9945047756297184
39726,0.9264126275374012
39727,0.19746860855703915
39728,0.9979033841670033
39729,0.9996185841930972
39730,0.7638909575927322
39731,0.9989025566555539
39732,0.9991985877662964
39733,0.9903049502060924
39734,0.9855146786249711
39735,0.9992241898373356
39736,0.9998862445046021
39737,0.9999348750195617
39738,0.720417545273074
39739,0.9956642383380571
39740,0.9999835335976531
39741,0.9993988480159018
39742,0.9996996990792567
39743,0.9994449352764141
39744,0.9998689634840403
39745,0.998914388263345
39746,0.996325609843927
39747,0.999976286869
39748,0.9835097287743169
39749,0.8059464052051486
39750,0.9501241164826205
39751,0.995522143366951
39752,0.9993172848787633
39753,0.9999163947057081
39754,0.9799040208627307
39755,0.993495398264907
39756,0.996219531744195
39757,0.9999573281151214
39758,0.9932292372111763
39759,0.9997611411524921
39760,0.9990888704908399
39761,0.9999883865823663
39762,0.9999175577570432
39763,0.9885345539860909
39764,0.9990408447721784
39765,0.9992516542229962
39766,0.9327631438184132
39767,0.9961429500924089
39768,0.9998617793349945
39769,0.9962123475909798
39770,0.9975441281507186
39771,0.9262177470150784
39772,0.9745793021672688
39773,0.9999780054747874
39774,0.9998600810259942
39775,0.9606597686775511
39776,0.9964165898768936
39777,0.9974018229402073
39778,0.9989209119767329
39779,0.9984360401794736
39780,0.9996935555815594
39781,0.9473733881727182
39782,0.9952132459564422
39783,0.9998749248517594
39784,0.9996919133445068
39785,0.9997290145666851
39786,0.9375964298265406
39787,0.9953457062390014
39788,0.9995474910563861
39789,0.6583215896429466
39790,0.9162768943176849
39791,0.2154411605298058
39792,0.9998554408129078
39793,0.9937318716428669
39794,0.9984373026976392
39795,0.9599919798889398
39796,0.9960634315188647
39797,0.9988126929044457
39798,0.9989996552558201
39799,0.9997545343298144
39800,0.9993500143967043
39801,0.9426334458789878
39802,0.9916616127918286
39803,0.9999261791388124
39804,0.9999732462468949
39805,0.9804687995015654
39806,0.7156972116532739
39807,0.9999783687031046
39808,0.9795553286241915
39809,0.22512868683685844
39810,0.9883474415192199
39811,0.9897132644888348
39812,0.9980664743065782
39813,0.9900008866930531
39814,0.9949496114206609
39815,0.9445979611824261
39816,0.9992056770562657
39817,0.9925503465558737
39818,0.9999837412278766
39819,0.9999842350655984
39820,0.9993999150704319
39821,0.9998957476994292
39822,0.9996219980517154
39823,0.9994108343157607
39824,0.9998562723362133
39825,0.999923958773876
39826,0.9973583314638025
39827,0.9999511931673539
39828,0.9999302880456844
39829,0.9999480596847262
39830,0.9999133841853547
39831,0.44903998484281915
39832,0.9921392786690407
39833,0.9992174185578326
39834,0.9963713030169935
39835,0.9998150647155164
39836,0.7224871971545963
39837,0.4397574436141207
39838,0.9999581384756693
39839,0.9999835052740523
39840,0.9999615035042427
39841,0.06897183159547712
39842,0.9999796376106221
39843,0.9990960530121865
39844,0.9991988506722191
39845,0.9999230808821207
39846,0.8757974368079394
39847,0.6638112601108601
39848,0.9999987558727115
39849,0.9999929377463784
39850,0.9915475653860817
39851,0.999973300683284
39852,0.988867599990097
39853,0.9787601248422876
39854,0.9999378567452913
39855,0.9943286474150033
39856,0.9987770783962114
39857,0.9999124047561689
39858,0.9933508665495647
39859,0.9997050574220288
39860,0.9951730915694932
39861,0.9986708084586325
39862,0.9999168752905406
39863,0.9999833719058623
39864,0.31208285430482063
39865,0.959791485083954
39866,0.8095797382104931
39867,0.9999207018921558
39868,0.999984353652746
39869,0.31041919732502377
39870,0.9935698757833815
39871,0.9998157232647628
39872,0.9875786905032597
39873,0.9899310961040058
39874,0.9998388480436863
39875,0.9411619863598049
39876,0.999844629752565
39877,0.9998500833123813
39878,0.9568087920848962
39879,0.9897149402249129
39880,0.9904199322553057
39881,0.9995195000426319
39882,0.9452181542355795
39883,0.9999445463838671
39884,0.9792184405421201
39885,0.9976983751139634
39886,0.9990642748491082
39887,0.9998928996568961
39888,0.9971866149890091
39889,0.997487656678181
39890,0.9308898827885796
39891,0.9996791379552684
39892,0.999344833294661
39893,0.9999774328123424
39894,0.9982258164007691
39895,0.9962414068504917
39896,0.9991996688063614
39897,0.9961799324913791
39898,0.9982086533761569
39899,0.999611382796088
39900,0.9999854790753165
39901,0.08006404382913086
39902,0.9949001730367193
39903,0.9932230122684219
39904,0.9999490157862271
39905,0.9996727918501149
39906,0.9995963250016577
39907,0.9798343811928446
39908,0.9860490097960742
39909,0.9994669276358605
39910,0.9970769987626066
39911,0.9952737450681268
39912,0.999873988175026
39913,0.9967508844026642
39914,0.8801339241500488
39915,0.9994201086408206
39916,0.9995363888279463
39917,0.9996062869936425
39918,0.9784813221471009
39919,0.9999950590512776
39920,0.9591739141063328
39921,0.9985094009042139
39922,0.9990358270705514
39923,0.9999954679616341
39924,0.9991038122776328
39925,0.9754846517746694
39926,0.9899477642682614
39927,0.9999880725785988
39928,0.9998811517093433
39929,0.9999735836777193
39930,0.9996636160137857
39931,0.9738617782230232
39932,0.9980119666493358
39933,0.9996129765584891
39934,0.9998349469185649
39935,0.997684089827263
39936,0.9992300988776522
39937,0.9989442091379174
39938,0.995800411118193
39939,0.03191276776319812
39940,0.9975206123152299
39941,0.9931221986734714
39942,0.9997903396349838
39943,0.9998885463993769
39944,0.9878245171503871
39945,0.9968756649646415
39946,0.9994279432900078
39947,0.9996525533253062
39948,0.15948744577635124
39949,0.9999323365018435
39950,0.29619346250254175
39951,0.9995914859948695
39952,0.9999583865545062
39953,0.9998589057758669
39954,0.9983408573000497
39955,0.9651525838459745
39956,0.9998962459974673
39957,0.996733740920831
39958,0.999852155363782
39959,0.9826508843029681
39960,0.9999356262067511
39961,0.9998728922482364
39962,0.9994965165443099
39963,0.9999327088350398
39964,0.9999923206519015
39965,0.9979123396358761
39966,0.9061527785143116
39967,0.9969916644699652
39968,0.997795087384158
39969,0.9999707810289016
39970,0.9995134571999355
39971,0.9999140512823524
39972,0.9603494256043974
39973,0.9999768613123796
39974,0.9993808692288867
39975,0.999989855988483
39976,0.9999896658209497
39977,0.9999838506377978
39978,0.999255360045874
39979,0.9999956967164073
39980,0.9999348551390735
39981,0.9995958476102527
39982,0.9935514478473337
39983,0.999449662809287
39984,0.4760437267417807
39985,0.9967863045110427
39986,0.9994540894788334
39987,0.8864652044571395
39988,0.9999468968669054
39989,0.9986940280987324
39990,0.9967607802867914
39991,0.5435956340759905
39992,0.971383210638066
39993,0.9995032626951647
39994,0.2557796454018269
39995,0.9998782392484532
39996,0.9999551537134432
39997,0.9555541451463333
39998,0.9999911821748236
39999,0.9555766611015581
40000,0.9999699559555376
40001,0.9999750107283248
40002,0.9999433927328202
40003,0.9751485435031239
40004,0.9963882208125242
40005,0.9687917182177784
40006,0.9983512764069893
40007,0.991420974181648
40008,0.9999022217212746
40009,0.9888090593151612
40010,0.41602557403317186
40011,0.9995170487317533
40012,0.9988135318314353
40013,0.9998737596272899
40014,0.9999718463665686
40015,0.9987663579291456
40016,0.03826957494067572
40017,0.7896395563589269
40018,0.9999515014920218
40019,0.9831758483946538
40020,0.999848352414285
40021,0.9998781983144536
40022,0.9830162348539847
40023,0.9999824950265181
40024,0.9590196999278728
40025,0.9992494837228154
40026,0.9999040154039721
40027,0.9999670671626417
40028,0.9988168252710824
40029,0.9999500223255595
40030,0.9956005389262763
40031,0.9974015150969688
40032,0.9998973652979976
40033,0.9984305799203322
40034,0.9913797418084822
40035,0.9999681442775283
40036,0.9992518596451752
40037,0.9960469643716933
40038,0.9999078646730903
40039,0.9838722167944062
40040,0.9985404638478345
40041,0.9968529228988855
40042,0.9442820918138704
40043,0.9999579774321065
40044,0.5414447462960364
40045,0.9935788849602937
40046,0.9823764845540561
40047,0.9262619276095138
40048,0.9997065407164876
40049,0.9912723393044219
40050,0.9992452189304563
40051,0.9999485525764863
40052,0.9995911335071399
40053,0.9962185581865679
40054,0.8804735460951318
40055,0.9990408859359136
40056,0.9999927020653601
40057,0.9984515641028971
40058,0.9985370616325411
40059,0.9981994406390825
40060,0.9531924352065757
40061,0.9962127007771203
40062,0.6403165271540509
40063,0.9991783204654976
40064,0.9971839861709119
40065,0.9966960564522714
40066,0.9975764442702018
40067,0.9985517549407098
40068,0.9145847484990297
40069,0.9998351639612947
40070,0.9994104834993515
40071,0.999457644061608
40072,0.9582912378556155
40073,0.9991882723320659
40074,0.9989243748325928
40075,0.998559577898699
40076,0.8666358622965044
40077,0.9956328137125713
40078,0.9246675569586245
40079,0.9487195148472914
40080,0.9953466769924595
40081,0.9855183364490233
40082,0.99923916454476025
40083,0.9999741801912199
40084,0.9995598314837026
40085,0.9998979481906454
40086,0.9989223482964181
40087,0.7618761717439694
40088,0.9318379979425385
40089,0.999342444644447
40090,0.9997117199757317
40091,0.9990276194124198
40092,0.9961912010270333
40093,0.9947846188688418
40094,0.9777915669632508
40095,0.99962731437074
40096,0.9854391615480819
40097,0.9984107360262829
40098,0.9335573839691843
40099,0.999240121517764
40100,0.9999884843765527
40101,0.9994425442522221
40102,0.9997521430611533
40103,0.9990745759088534
40104,0.9993296181327294
40105,0.9995542060246396
40106,0.9987763309335934
40107,0.9999270934616629
40108,0.9999741331331922
40109,0.9999415769059027
40110,0.9999877973730067
40111,0.9768366362314731
40112,0.9999307901707135
40113,0.9998488994147514
40114,0.9557520759896289
40115,0.9901968819093336
40116,0.9998917683386529
40117,0.9995166646896028
40118,0.9845554652102528
40119,0.997897625983192
40120,0.8994903716140489
40121,0.8143526725832029
40122,0.9999161481137052
40123,0.9993035686446393
40124,0.9999767181949425
40125,0.9735755460443007
40126,0.9921789461051681
40127,0.9990353815574035
40128,0.9998103142515968
40129,0.9999481554752863
40130,0.1365600900122449
40131,0.9971132850836696
40132,0.9999519828527906
40133,0.9999750171630286
40134,0.9999898009391555
40135,0.9999994309928586
40136,0.9993723781872633
40137,0.9990591544564119
40138,0.9992634803697713
40139,0.9997790291194378
40140,0.9998571222326441
40141,0.9996993119924804
40142,0.9996984324186027
40143,0.9982717911024876
40144,0.9998123213163201
40145,0.9995999378805613
40146,0.998797270645268
40147,0.9998157716249962
40148,0.986854856817726
40149,0.9994007704265415
40150,0.8504657528446723
40151,0.9999543628254459
40152,0.7246858382239431
40153,0.9721382344234375
40154,0.9998315817820612
40155,0.977810491650483
40156,0.9993662205316224
40157,0.9997853136945811
40158,0.9830548951547281
40159,0.9964190973883831
40160,0.8592443671720439
40161,0.9988132772433276
40162,0.9999633418299635
40163,0.9997751233559449
40164,0.9941617050619806
40165,0.9931030582506658
40166,0.8357075872220824
40167,0.855771741875741
40168,0.913519998178831
40169,0.9833624339183785
40170,0.9968624583007564
40171,0.9997604668890966
40172,0.8832941915945042
40173,0.9983767489008039
40174,0.9998240384299703
40175,0.9993046907011021
40176,0.9999453346288564
40177,0.985809968690737
40178,0.9998532352739565
40179,0.9731298031186023
40180,0.9849863676631974
40181,0.9999624149701392
40182,0.9991557967303201
40183,0.8173258480026502
40184,0.9989749922826958
40185,0.9857736545863002
40186,0.9999574371004434
40187,0.9983617158884472
40188,0.4351187674820149
40189,0.9988415627897251
40190,0.9999799121297804
40191,0.976101847010421
40192,0.9996860401409459
40193,0.9984807053812259
40194,0.9980001974496812
40195,0.9990680288620233
40196,0.9989015742205813
40197,0.999429067045713
40198,0.9992817188773246
40199,0.999239966591538
40200,0.9993499295276047
40201,0.9997864205846889
40202,0.9999661883008745
40203,0.8279030812470025
40204,0.9996225280238478
40205,0.999956579916986
40206,0.9992481226218306
40207,0.999847140982755
40208,0.999929270081594
40209,0.999442648356783
40210,0.9999410610078637
40211,0.9995706172536976
40212,0.9103846428493958
40213,0.06442989082422876
40214,0.9770570844961148
40215,0.9998653557838761
40216,0.9994510172812856
40217,0.232185873099927
40218,0.8923630715887267
40219,0.26607061483017147
40220,0.9999749033840019
40221,0.5408357377410363
40222,0.995583077316617
40223,0.9482014734144425
40224,0.9990929123330682
40225,0.9774504998933464
40226,0.9988471890089309
40227,0.9994745892564219
40228,0.9971496902451844
40229,0.9999733206398188
40230,0.9988452223629356
40231,0.9103846428493958
40232,0.9999563679029343
40233,0.9920202225384992
40234,0.9256964580218399
40235,0.6091010859707353
40236,0.9986929966443702
40237,0.999968662922658
40238,0.0663540916113956
40239,0.9994539856038323
40240,0.9947464932557217
40241,0.9999818637095981
40242,0.9989119071635545
40243,0.9995811975398985
40244,0.9998687191977672
40245,0.964108921136617
40246,0.7663207882855445
40247,0.9989880240502395
40248,0.9987945290917981
40249,0.9826937837862385
40250,0.9700846066903318
40251,0.9999719517971103
40252,0.9987451839779776
40253,0.9984575107231296
40254,0.9995421890125762
40255,0.9999847047068129
40256,0.057767052989516794
40257,0.9988818948674881
40258,0.559199228439261
40259,0.044185575961703506
40260,0.9986501598745804
40261,0.9991218393371141
40262,0.9999746763700648
40263,0.9601817678689227
40264,0.9999814071116285
40265,0.9999695215203153
40266,0.9998989410892642
40267,0.9999323993234553
40268,0.635084348365551
40269,0.9994388885091577
40270,0.9997031273618687
40271,0.9562064966375755
40272,0.9398847819618865
40273,0.9934706154491679
40274,0.9944589136726331
40275,0.9953434909086072
40276,0.8669379323271565
40277,0.999997686836486
40278,0.7048994912277848
40279,0.9659412728655449
40280,0.874047201677184
40281,0.9999852180839828
40282,0.9996033672221549
40283,0.9986154522551584
40284,0.4736336814610694
40285,0.9937838228314828
40286,0.9987946845755833
40287,0.9999821855210961
40288,0.7260255364678255
40289,0.9929339166487225
40290,0.9999426344042646
40291,0.5834444640682304
40292,0.9992712294665604
40293,0.9995735778966729
40294,0.8774720470947356
40295,0.9987632843287183
40296,0.9890775901121149
40297,0.002080046409404759
40298,0.9994509047621539
40299,0.8091494506266493
40300,0.7687704653985348
40301,0.9895937682939906
40302,0.998829050798422
40303,0.9964464049485158
40304,0.9993675772654146
40305,0.9998564357732159
40306,0.9990185016948079
40307,0.9967897795393615
40308,0.9999552514582832
40309,0.9999667500350133
40310,0.9999719457784675
40311,0.999368589797197
40312,0.9984500350464632
40313,0.9999643103373593
40314,0.9994113272228974
40315,0.9999020706968315
40316,0.9961684878465692
40317,0.9890766934705209
40318,0.9999505216549739
40319,0.9496979914887483
40320,0.9958619993148462
40321,0.7776618869581018
40322,0.9993089665570791
40323,0.9996022176647885
40324,0.9999419590260052
40325,0.9998411482032115
40326,0.9998587628372824
40327,0.9998842726309158
40328,0.9999539541483389
40329,0.9999846676229192
40330,0.9947650176758663
40331,0.9996340673935993
40332,0.9998745320780758
40333,0.9824930238616463
40334,0.9970357103234395
40335,0.9640687797803643
40336,0.999973822067079
40337,0.9997391775889032
40338,0.9999992703585544
40339,0.998938876572424
40340,0.9999320857484066
40341,0.9999458690262217
40342,0.999841785898079
40343,0.9993867953170731
40344,0.997895552842112
40345,0.9995883467639104
40346,0.9961236248216889
40347,0.9909525825000017
40348,0.9995859514475988
40349,0.999972924609914
40350,0.9996613227812193
40351,0.8974434291386267
40352,0.999331482181023
40353,0.9993106457359948
40354,0.9914096175680934
40355,0.9996323274437832
40356,0.9989087721386852
40357,0.9977962079189556
40358,0.999879163232706
40359,0.9995964158050711
40360,0.9983302960594986
40361,0.9999544345595237
40362,0.9061089710294312
40363,0.9999920454144942
40364,0.9647397637656377
40365,0.9964119111662121
40366,0.9999017866001524
40367,0.9823218371382996
40368,0.9998973844312337
40369,0.999067904852951
40370,0.9967429645068434
40371,0.9987394734780657
40372,0.9999709296581564
40373,0.8001410346651537
40374,0.9999941236808517
40375,0.9991634655455094
40376,0.9992799981913889
40377,0.9997806723700111
40378,0.9979446205763365
40379,0.9979989133048786
40380,0.9992281365593674
40381,0.9998208256307688
40382,0.9948245485391471
40383,0.9961355555799164
40384,0.999966958824214
40385,0.5009371872519062
40386,0.99997495809469
40387,0.9998016809757784
40388,0.6179522629843845
40389,0.9999420362024362
40390,0.9999720060387451
40391,0.9676748081298425
40392,0.9995146610929999
40393,0.9901067800466394
40394,0.9954958711587838
40395,0.9996304191869032
40396,0.9999973035806385
40397,0.896694413863597
40398,0.9996255927780141
40399,0.998935133971077
40400,0.9728589485465762
40401,0.9999698866956078
40402,0.9999031099777662
40403,0.9999464985940826
40404,0.9999287815496131
40405,0.9941317388895972
40406,0.9999992104814516
40407,0.9993245567608217
40408,0.9994753306873478
40409,0.9998456361383846
40410,0.988766357778881
40411,0.9985927764365281
40412,0.9998357807703377
40413,0.9702334131238501
40414,0.9997523303555755
40415,0.9992850240325631
40416,0.9999704334127612
40417,0.9770119040603054
40418,0.99999564154023
40419,0.9993474987169593
40420,0.5653239230665347
40421,0.9995175580354922
40422,0.9997486975878939
40423,0.9953390215910491
40424,0.9999989936349101
40425,0.9999815090807554
40426,0.9951423049379599
40427,0.9996218635058902
40428,0.7317759425581097
40429,0.9998897281770662
40430,0.8121700275350927
40431,0.6557086354458852
40432,0.9999084152618102
40433,0.999959264918061
40434,0.9978644180863878
40435,0.9997457835214821
40436,0.5932551616126874
40437,0.9988721766143163
40438,0.9999889888528405
40439,0.624578289781226
40440,0.993665431045762
40441,0.9705182726127701
40442,0.1825101243660352
40443,0.9999958177255305
40444,0.933786629536158
40445,0.9995717435725646
40446,0.9868004683110096
40447,0.9792217185985924
40448,0.9988453339619955
40449,0.9917836022359425
40450,0.9999752067502095
40451,0.11383710979205741
40452,0.98765807426513
40453,0.9996387503520948
40454,0.9988524001939884
40455,0.9998822499604192
40456,0.9996251812774782
40457,0.9999557138258824
40458,0.9988976543636859
40459,0.9999261687918343
40460,0.9998108394339729
40461,0.9969908312625057
40462,0.9999560209509336
40463,0.07932455408962777
40464,0.999707698225733
40465,0.9997785157612754
40466,0.9999780571969912
40467,0.9986681781431309
40468,0.8667013295612935
40469,0.9999623076129982
40470,0.9964654554311941
40471,0.9999629966418703
40472,0.9999817490061508
40473,0.9998769996349162
40474,0.999707357218579
40475,0.9999961990040177
40476,0.9998558067631478
40477,0.9999793043565937
40478,0.9967663100360835
40479,0.9997429217177334
40480,0.9910018049128835
40481,0.9995542053419868
40482,0.9953012850939791
40483,0.9992632834052712
40484,0.9895954846167307
40485,0.7475999826709403
40486,0.9301707805059409
40487,0.9983055293260272
40488,0.9992950893365545
40489,0.9995851653844717
40490,0.9995721806712033
40491,0.9943251141708903
40492,0.999685746711158
40493,0.9993137450112108
40494,0.9470185792893167
40495,0.9997618056276358
40496,0.9996992662129306
40497,0.9997657409518018
40498,0.9741980575724757
40499,0.9998695192701431
40500,0.9965519830261625
40501,0.9380670822708159
40502,0.9984365994285646
40503,0.9996290520930387
40504,0.9991937776032022
40505,0.9993627371050918
40506,0.9935991149183704
40507,0.42056358422336143
40508,0.9298312622062862
40509,0.9999066038963368
40510,0.7603589510706749
40511,0.7579435539971364
40512,0.9965455036419393
40513,0.9996278703827077
40514,0.9992456681705784
40515,0.9579078185203481
40516,0.9995569286151815
40517,0.9999906922762943
40518,0.9880147116492574
40519,0.9999966076089453
40520,0.9997333889414951
40521,0.999748916794681
40522,0.5869291808795547
40523,0.9995467426775893
40524,0.9839090487186892
40525,0.9995366517866827
40526,0.9997420646574461
40527,0.920552429817304
40528,0.9980500830607397
40529,0.9895979868191668
40530,0.9851455147359995
40531,0.9879465920586812
40532,0.9999753962053934
40533,0.9994646548745387
40534,0.9705072623431387
40535,0.9996567368071405
40536,0.9994809023762798
40537,0.995990996231673
40538,0.9994816486602806
40539,0.9999838962135957
40540,0.9962798795746347
40541,0.9999767997904012
40542,0.9975733872645786
40543,0.983427281265825
40544,0.888938270310146
40545,0.9932887446395672
40546,0.9999763887068526
40547,0.9783106548089588
40548,0.9996016054562734
40549,0.9994887320780805
40550,0.9999978673357426
40551,0.9843360861448619
40552,0.9295183534740376
40553,0.9987456715249197
40554,0.9998710615593314
40555,0.9989209490480033
40556,0.9999939419680316
40557,0.9994289979075416
40558,0.9986730201405176
40559,0.986357204175018
40560,0.9988623204474661
40561,0.9997885404588726
40562,0.8284427523014185
40563,0.9774763652362273
40564,0.9999866254329334
40565,0.9841941635295322
40566,0.9979142936469149
40567,0.9268466200698212
40568,0.8890442995062332
40569,0.9978716506952781
40570,0.9999517176126667
40571,0.999961211259224
40572,0.9994819088781743
40573,0.9995423246859557
40574,0.9997753337227261
40575,0.999921599700721
40576,0.9999731813419177
40577,0.9995894350902448
40578,0.9947628964356462
40579,0.9889493589380227
40580,0.9999563538837948
40581,0.9999987411701173
40582,0.9998930605531959
40583,0.9998945368088269
40584,0.9750639631681552
40585,0.9997680995041617
40586,0.99832224229483
40587,0.8679674819659129
40588,0.9928148651355003
40589,0.982245317354574
40590,0.9999292386288153
40591,0.9823302651197486
40592,0.9944574297573634
40593,0.9999892918067291
40594,0.991355009093245
40595,0.9509797649489277
40596,0.9997048146514802
40597,0.9992580874843521
40598,0.7138697202730778
40599,0.9684448359381681
40600,0.990034883973839
40601,0.9999365839758803
40602,0.22822672419796922
40603,0.9948588427668786
40604,0.9998920419886815
40605,0.9999710577800864
40606,0.036214661727886836
40607,0.9999800652214197
40608,0.9999894294517853
40609,0.999072859982862
40610,0.9794413220273346
40611,0.9999705550346447
40612,0.9990068903978669
40613,0.9994937439416475
40614,0.9992494265039312
40615,0.9999185544766486
40616,0.9989514094461703
40617,0.9971139879844039
40618,0.9878635848216509
40619,0.9012218533821386
40620,0.9943985413125833
40621,0.9996910759890308
40622,0.9993282388194893
40623,0.9998975125444772
40624,0.9999807250037523
40625,0.9687630188162254
40626,0.9998786563628485
40627,0.9987700411235477
40628,0.9994074282583334
40629,0.9944139429674906
40630,0.9998635867533501
40631,0.9968991483316093
40632,0.9901097099953013
40633,0.9996067617105558
40634,0.9999859212481398
40635,0.726742436904381
40636,0.9998910527603722
40637,0.9944107477981416
40638,0.9956488784040215
40639,0.9995647337940465
40640,0.8960813591848148
40641,0.9995568081996362
40642,0.9996153611252272
40643,0.9999544347841586
40644,0.04989439009122582
40645,0.9978859329312944
40646,0.9995836051036431
40647,0.999949223675517
40648,0.9996017306974079
40649,0.012459434798986568
40650,0.9996543145287388
40651,0.9999741859869119
40652,0.9969467583267142
40653,0.9484992335296881
40654,0.7391210066400615
40655,0.999809534420757
40656,0.9979320674965939
40657,0.22858002244715095
40658,0.9817559321605808
40659,0.999514339974509
40660,0.9978055043991281
40661,0.9992996079384697
40662,0.9756493323580564
40663,0.9999231023064068
40664,0.999956138032372
40665,0.9623293119161758
40666,0.9893248788807281
40667,0.9999876675524034
40668,0.9524146497312397
40669,0.9982869220254339
40670,0.9999422736610961
40671,0.9999455362485253
40672,0.9832919326990124
40673,0.9999806496620609
40674,0.6547893852323771
40675,0.9785548696636093
40676,0.9997004205442949
40677,0.9998004034954435
40678,0.9996493800901154
40679,0.9996801190541168
40680,0.8729391631454642
40681,0.9999455381968804
40682,0.9757217688165852
40683,0.9780067929218799
40684,0.9265029568602764
40685,0.5249316765075251
40686,0.9991684555131624
40687,0.9999975510838097
40688,0.9684060681073875
40689,0.9995110929533304
40690,0.9995947025088023
40691,0.9998598731862139
40692,0.9935294801614899
40693,0.997314379576649
40694,0.9995528145803397
40695,0.8119278244457222
40696,0.9966145019885898
40697,0.9987023326167753
40698,0.9975858221320809
40699,0.7609049502088403
40700,0.9994004492755635
40701,0.9993721632428277
40702,0.9997823261449558
40703,0.99991090492748
40704,0.9781392668712416
40705,0.9992251006740424
40706,0.9995636310145484
40707,0.9999453160316591
40708,0.8791780909236152
40709,0.9997218339062518
40710,0.9999081036631947
40711,0.9999645355876606
40712,0.9999757320679773
40713,0.20396138360956612
40714,0.999860033040214
40715,0.9258743834834682
40716,0.9691753963327929
40717,0.9991573604902283
40718,0.999987979306996
40719,0.9985821848539541
40720,0.9999712776139695
40721,0.9934329388313728
40722,0.9983550104286633
40723,0.9970555453089958
40724,0.994450809147378
40725,0.9999308318770371
40726,0.9999539478774869
40727,0.8753717744542475
40728,0.9544316124187179
40729,0.9980387265413182
40730,0.9966845892640751
40731,0.9997738363798396
40732,0.9994915878867959
40733,0.9994366614649567
40734,0.5263663037559557
40735,0.9991216695283518
40736,0.9999801036424228
40737,0.9989487528038645
40738,0.9984168335044259
40739,0.9637568906435853
40740,0.9999908475805437
40741,0.9999323896275899
40742,0.9959598765087266
40743,0.46160833363473536
40744,0.9933282716323277
40745,0.9987579178230522
40746,0.9507097314307985
40747,0.9999403413609278
40748,0.06056296983676999
40749,0.9999822308086583
40750,0.9999052767274189
40751,0.9503971008473395
40752,0.9999175776577296
40753,0.9998440639964641
40754,0.9999684817305774
40755,0.999866512399075
40756,0.9324694721472989
40757,0.9865322923401202
40758,0.9995496421196484
40759,0.9989684184431218
40760,0.9999784075154229
40761,0.9888212888190919
40762,0.9991199132193438
40763,0.9931130468240724
40764,0.9983778137119012
40765,0.9640744389606093
40766,0.9998837636649986
40767,0.9955030714357561
40768,0.9955139935462561
40769,0.9999956601488913
40770,0.9999146340351586
40771,0.9999394136530377
40772,0.9997526700368883
40773,0.9872749645331274
40774,0.9989240571210044
40775,0.8560598041355321
40776,0.9998306211567827
40777,0.9987859872174921
40778,0.999980591668584
40779,0.985743810659552
40780,0.9999481458869961
40781,0.9996868364702076
40782,0.9806595757586157
40783,0.4847749786610118
40784,0.9993435530735947
40785,0.9942050079979653
40786,0.9976366043058205
40787,0.9866011930897074
40788,0.7696673294372219
40789,0.9957292660799376
40790,0.9540835239811608
40791,0.3646847952232117
40792,0.995481669215204
40793,0.9993504725203536
40794,0.9999758848741723
40795,0.9999920572337735
40796,0.9995456424059751
40797,0.9805099402044559
40798,0.9985684516782223
40799,0.9988450315767309
40800,0.9667597500612776
40801,0.9997716945705113
40802,0.9951852852119623
40803,0.49320638187191085
40804,0.9999612823407302
40805,0.9998906275999483
40806,0.999487638252391
40807,0.998341743371658
40808,0.9989830405005843
40809,0.9994376000215818
40810,0.9907770093946263
40811,0.9897577289556717
40812,0.9986692674301552
40813,0.9999523757932335
40814,0.9988917922629915
40815,0.9926283890781025
40816,0.9980021992392427
40817,0.9989994714225664
40818,0.9993826125464761
40819,0.8859735576082061
40820,0.9938312657265627
40821,0.22233800798824332
40822,0.9908103217175392
40823,0.9998564697709309
40824,0.9999791888941196
40825,0.9988987620820895
40826,0.9995586413800783
40827,0.9899938957348613
40828,0.9999647643251597
40829,0.9999739087916891
40830,0.9994093544927878
40831,0.9849175824595726
40832,0.9994713934334314
40833,0.9999844639319967
40834,0.9997926864522514
40835,0.9981824730745014
40836,0.9248225658816003
40837,0.9999350118282481
40838,0.999324157638288
40839,0.9985911187562476
40840,0.9784987089597249
40841,0.9220019589793537
40842,0.9999872482124514
40843,0.99998362291522
40844,0.9995345965002204
40845,0.9971024962088789
40846,0.9853344913375587
40847,0.9946240504058224
40848,0.9980232012246671
40849,0.9077866310308043
40850,0.9991033148167234
40851,0.9924846600176516
40852,0.9997485637472205
40853,0.9993772022371025
40854,0.9690272280052007
40855,0.9999622641857784
40856,0.9998984665814018
40857,0.9990889025008615
40858,0.9999046534740541
40859,0.9993851017670741
40860,0.99976480348289
40861,0.9999786041409909
40862,0.9993695226226029
40863,0.9924470581897736
40864,0.9780575069956766
40865,0.999369588343509
40866,0.9961107557750428
40867,0.5437513007576432
40868,0.9999807161025854
40869,0.9880204933315039
40870,0.9993290821344657
40871,0.9997261976949655
40872,0.9997798923784986
40873,0.9910365991399744
40874,0.9995111822901005
40875,0.9990985665686689
40876,0.9994904058630523
40877,0.999964690450047
40878,0.9824833854845642
40879,0.9997272164629638
40880,0.8803859916966171
40881,0.9998904079753744
40882,0.9283544334733286
40883,0.9810466905798055
40884,0.9974199639007487
40885,0.9999519503629285
40886,0.9945215618132675
40887,0.9995328334380341
40888,0.9958470564318602
40889,0.9999382371587395
40890,0.9946524646483366
40891,0.9999664446009807
40892,0.9997787715291722
40893,0.9994963922222734
40894,0.9313700797950271
40895,0.9999121174981045
40896,0.9957522308822985
40897,0.99997882531148
40898,0.9996829480096985
40899,0.9998610816129014
40900,0.9973993213500196
40901,0.9999474761674
40902,0.9984843688408512
40903,0.9975304469128617
40904,0.9691560775738023
40905,0.9996514482682222
40906,0.9987470413943759
40907,0.9997656029258545
40908,0.9999781567386609
40909,0.9999626202554909
40910,0.9999521605730666
40911,0.999955722713567
40912,0.9806632837374003
40913,0.9931230731916274
40914,0.9013033878387885
40915,0.9995268101647327
40916,0.9999542689293061
40917,0.9967512190187551
40918,0.9986186267954237
40919,0.9986879486789534
40920,0.9453666257504417
40921,0.9995230179183293
40922,0.9998643716223187
40923,0.999991666622546
40924,0.999870597176856
40925,0.9986069394662418
40926,0.9994957770124068
40927,0.9996404776981176
40928,0.9999693104564629
40929,0.994844880872021
40930,0.9956251480421754
40931,0.9982618182117595
40932,0.8950527234865472
40933,0.5529021486303036
40934,0.9354846142607481
40935,0.999921656214622
40936,0.9924731081318647
40937,0.9997173120129151
40938,0.9986587566385456
40939,0.9999636963750705
40940,0.8938636830700377
40941,0.9991757594835652
40942,0.95077618525052
40943,0.9732253271817435
40944,0.998871274677164
40945,0.9986609195479448
40946,0.9998796276926067
40947,0.999648768687533
40948,0.9968533211313253
40949,0.99994308014422
40950,0.9990693000478592
40951,0.02606229297711046
40952,0.9999724752864937
40953,0.9999433018908318
40954,0.9804864960584355
40955,0.9903838373113506
40956,0.9716485474473189
40957,0.9997125720113385
40958,0.8133948648152476
40959,0.891804973510954
40960,0.9997995504060466
40961,0.9989867278660906
40962,0.999520137269423
40963,0.9516527212426144
40964,0.9999948917066018
40965,0.999925352557895
40966,0.9999525967867577
40967,0.9966851124245522
40968,0.9998607057481133
40969,0.9951689455511639
40970,0.9999875912378355
40971,0.9984678547248816
40972,0.9663525925302593
40973,0.9999346332572187
40974,0.7650642609244457
40975,0.696492800078884
40976,0.999262476123579
40977,0.9481913139984403
40978,0.9993015859750832
40979,0.9997858568121153
40980,0.9991262827973812
40981,0.9998302930552636
40982,0.9994112854241994
40983,0.999404371076393
40984,0.9997772098611643
40985,0.9071065935070591
40986,0.9996025489769617
40987,0.999894161763229
40988,0.9999784283968622
40989,0.999951158653918
40990,0.9987718983439721
40991,0.9908592591249221
40992,0.9999919405136496
40993,0.9999749917336391
40994,0.9989798015422615
40995,0.9996642703258842
40996,0.9998954908854085
40997,0.99653478369298
40998,0.9872845410508703
40999,0.9999751975148544
41000,0.9912307104499523
41001,0.6500461921985066
41002,0.9864978469281414
41003,0.999629902078606
41004,0.9724510269874133
41005,0.9511705889529145
41006,0.9986133510782221
41007,0.9999773960159847
41008,0.9999644586526794
41009,0.6186237444819853
41010,0.9994804723751205
41011,0.9997518498526925
41012,0.7181130252496672
41013,0.9998846259970509
41014,0.9996220117703546
41015,0.9420055441396635
41016,0.99939145554739806
41017,0.9865947005204649
41018,0.9993620821436543
41019,0.9282847852313748
41020,0.9934552638503531
41021,0.9710296962332783
41022,0.9962088293690888
41023,0.9998563380607732
41024,0.9997782032142252
41025,0.9992340240594784
41026,0.8356704805299476
41027,0.9995627223760257
41028,0.9995412082344097
41029,0.9997260354508359
41030,0.9975953786279078
41031,0.679445236893585
41032,0.9999083864399999
41033,0.999257985527983
41034,0.9999848294519509
41035,0.9999549998090524
41036,0.9986883482666666
41037,0.999948407829554
41038,0.9999645250744239
41039,0.9970190823422452
41040,0.9970970577525506
41041,0.9969858831340344
41042,0.998812614009495
41043,0.9998077405968974
41044,0.9991213357804628
41045,0.9999780264532095
41046,0.9999926718592818
41047,0.9999928908641463
41048,0.5009676583453955
41049,0.9937559327676155
41050,0.9623175001108729
41051,0.999750113308667
41052,0.9999560221973172
41053,0.9998719127752023
41054,0.9956164719192643
41055,0.9980211797254241
41056,0.9985470478804208
41057,0.999509085396853
41058,0.9988718366321118
41059,0.9496235489734366
41060,0.9995350223403999
41061,0.9679452625241012
41062,0.9996044876805095
41063,0.9999231490227034
41064,0.16695432547410913
41065,0.9980264831260403
41066,0.9925679558453577
41067,0.8208206397159068
41068,0.9992950019453406
41069,0.9813731350030543
41070,0.9998300345115247
41071,0.9713309648967758
41072,0.9997733573951095
41073,0.9997681192693377
41074,0.9992539488297711
41075,0.9953761947951006
41076,0.997096764234332
41077,0.9724609890647838
41078,0.9998424373660043
41079,0.9997784651779537
41080,0.9819072513331841
41081,0.9789037129991031
41082,0.994993018940989
41083,0.9993422152494704
41084,0.9965821678458658
41085,0.9994668506225496
41086,0.9998944330052816
41087,0.8359313153070398
41088,0.9999248314310426
41089,0.9861372748241582
41090,0.9996698176558853
41091,0.9989025803403216
41092,0.997360740014393
41093,0.99999190946140315
41094,0.9999825368304929
41095,0.9999609985878927
41096,0.995107934797658
41097,0.9995757303372422
41098,0.897359716494737
41099,0.805237696148861
41100,0.9999464766571935
41101,0.95906409369614265
41102,0.9206793221091484
41103,0.9998460611138971
41104,0.9993223058716251
41105,0.9999893991252423
41106,0.5511065962622681
41107,0.9993963877521845
41108,0.99988882641889
41109,0.9983255896893327
41110,0.9977584334089378
41111,0.9999664125257204
41112,0.9969207666765775
41113,0.989833334523257
41114,0.9996281999290986
41115,0.9988599840810849
41116,0.9993460925355259
41117,0.9810447682385421
41118,0.9747817152393211
41119,0.9999903791940539
41120,0.9967055565151268
41121,0.852405354941799
41122,0.9999832548298946
41123,0.9994900205781462
41124,0.9973068957944963
41125,0.9999651781130656
41126,0.9684387682036122
41127,0.9961774469706894
41128,0.9996152690319718
41129,0.9992532547392783
41130,0.9958675077453427
41131,0.9999942834883693
41132,0.9560053450699995
41133,0.9987142076445192
41134,0.9999391413602009
41135,0.9973949659725254
41136,0.9986422747196643
41137,0.9796985438307965
41138,0.9105786893360873
41139,0.9991867555929679
41140,0.9991054774731154
41141,0.9928736941582156
41142,0.9999883597051095
41143,0.9368494629169025
41144,0.9999569117504343
41145,0.9904466379589887
41146,0.9958201221902443
41147,0.9971267052090167
41148,0.9950254295456147
41149,0.979813332915628
41150,0.9999701957381206
41151,0.9999195878870849
41152,0.9990896500141331
41153,0.9881736943956345
41154,0.9845638932228785
41155,0.6646527758957006
41156,0.9998231120252691
41157,0.9994479474096758
41158,0.9998018242382432
41159,0.996083574504248
41160,0.9991509472657791
41161,0.9998708967476202
41162,0.9994625653274604
41163,0.9809016720789892
41164,0.9998701458269551
41165,0.9406189669890533
41166,0.9995268101647327
41167,0.9996782359942674
41168,0.9998196128664197
41169,0.9988043147780975
41170,0.9935918680715613
41171,0.9953674096979134
41172,0.9928276925379932
41173,0.8230492463451697
41174,0.9997692060778671
41175,0.9770272521057864
41176,0.917629323207456
41177,0.999955523373947
41178,0.9992985965770053
41179,0.9995366352656267
41180,0.9994930835890431
41181,0.9999756269863969
41182,0.9976759069628431
41183,0.9936464526350814
41184,0.9615048598387281
41185,0.9997285432359995
41186,0.9998859220023004
41187,0.9999627118584185
41188,0.9901527152265449
41189,0.9834268980124288
41190,0.9956817934212138
41191,0.9660224108733579
41192,0.9989849476930686
41193,0.9887546382293741
41194,0.9999749045419045
41195,0.18273437640991247
41196,0.9990741521383038
41197,0.9986211164727461
41198,0.9512484297375161
41199,0.9999426533197142
41200,0.9999634638891063
41201,0.9885897732238332
41202,0.9942315026582249
41203,0.9992909457311476
41204,0.9981533467750578
41205,0.9997934239328775
41206,0.9928614171606754
41207,0.9915868019566618
41208,0.9935294212934205
41209,0.9984546844120317
41210,0.9969337721851592
41211,0.9996457842012715
41212,0.9998495231660705
41213,0.9427366396710101
41214,0.9993900027020525
41215,0.9998344313212427
41216,0.9997901134043136
41217,0.9999998136208427
41218,0.9998387210093468
41219,0.9997715899411578
41220,0.9788842565885647
41221,0.9843005609654459
41222,0.9999548021393475
41223,0.9993569826300536
41224,0.9962824912819522
41225,0.9735605681248117
41226,0.9994099212691196
41227,0.9950816652199835
41228,0.9679884929635153
41229,0.998532980308172
41230,0.9998975520578282
41231,0.9999611238095315
41232,0.9999823857144333
41233,0.48648452047307605
41234,0.9998577972339305
41235,0.9951192956969049
41236,0.8879959531930354
41237,0.9771703631924219
41238,0.9990425977446802
41239,0.9998214036695137
41240,0.9999894227082003
41241,0.9957907795050612
41242,0.9914077730786968
41243,0.9913630309820056
41244,0.9989781844952217
41245,0.974201254466376
41246,0.991383102739375
41247,0.9999331567080159
41248,0.9991993600416293
41249,0.9949960330779295
41250,0.9827774260145373
41251,0.9997941039865379
41252,0.0022017005567032603
41253,0.960686040066493
41254,0.999745318285558
41255,0.9908483664513636
41256,0.9950917357952163
41257,0.9286204563599948
41258,0.9999338875347096
41259,0.9939712454503026
41260,0.9988350389448031
41261,0.9999805832174926
41262,0.9997051797274784
41263,0.9999632961507672
41264,0.8830184206653897
41265,0.9730629472514238
41266,0.999611009752684
41267,0.9999775198865569
41268,0.9995456272128224
41269,0.9910192097366654
41270,0.9985387023744747
41271,0.9995877853027537
41272,0.9999751668312983
41273,0.992176430325401
41274,0.9804829872558845
41275,0.9982455347423655
41276,0.9988944261813603
41277,0.99856379608240875
41278,0.9928916361049535
41279,0.9871296418887767
41280,0.9999628347865024
41281,0.9858059949371376
41282,0.9997476352402395
41283,0.9998146580437196
41284,0.9999192782289442
41285,0.9999932192841609
41286,0.9919880110696565
41287,0.99798966032281
41288,0.9755011193455663
41289,0.9949867634604733
41290,0.9999596755799725
41291,0.992660702159018
41292,0.8987338399783928
41293,0.9998298791513975
41294,0.9993211512629405
41295,0.774722546589845
41296,0.9928790154983781
41297,0.9999555239376049
41298,0.9999201945074446
41299,0.9999981557647806
41300,0.9998048976363466
41301,0.9997937866466393
41302,0.9987801004083269
41303,0.9985353828617911
41304,0.9964725543118309
41305,0.9953675033623022
41306,0.9957359563477758
41307,0.9999594576863055
41308,0.9999230082275162
41309,0.9999734177669324
41310,0.9988677556311327
41311,0.984870958795424
41312,0.9999695869422647
41313,0.996917600216939
41314,0.9972365179308453
41315,0.9845094365900536
41316,0.999709696264343
41317,0.9999777969374445
41318,0.9992705932728596
41319,0.9600127262793996
41320,0.9999902096475045
41321,0.9906186143935422
41322,0.06509544670088935
41323,0.9995971697163917
41324,0.9999903559839851
41325,0.9999680593666247
41326,0.988111590742523
41327,0.9999409998276148
41328,0.9996557328275516
41329,0.9973186226832909
41330,0.9999325240608133
41331,0.9994012446707561
41332,0.9993098754554595
41333,0.7964367741104353
41334,0.7854069836950883
41335,0.9764047962902164
41336,0.9999169955367319
41337,0.998895659920417
41338,0.999983192762766
41339,0.9794021089305461
41340,0.9936668899822703
41341,0.9999601877615638
41342,0.9930474742437
41343,0.9995103462375017
41344,0.9998603448419984
41345,0.9999855240897494
41346,0.9989714378309638
41347,0.9992536330070156
41348,0.997639131457356
41349,0.9999786073717253
41350,0.9999326796317352
41351,0.9936313705211358
41352,0.9597255146900509
41353,0.9988891945779578
41354,0.9962880462843926
41355,0.9999018401462044
41356,0.9999682016924288
41357,0.9993503337321329
41358,0.9998599839370375
41359,0.9920905740246521
41360,0.9999908539727073
41361,0.9989581745093933
41362,0.9972384632155008
41363,0.999603957732404
41364,0.9978252479588522
41365,0.9819205045353766
41366,0.9993413034603995
41367,0.997685366335383
41368,0.9999862848468788
41369,0.9664282834775121
41370,0.9787916941577539
41371,0.9993526835705708
41372,0.9998462648241232
41373,0.9980844491029359
41374,0.999886039804498
41375,0.9972676391314592
41376,0.9999478411478026
41377,0.9679700998657338
41378,0.9999799492108745
41379,0.7841121423523862
41380,0.9996911941703547
41381,0.999918353990935
41382,0.999970775193261
41383,0.9990475610736095
41384,0.9973960462559203
41385,0.998920215360962
41386,0.9997115998414283
41387,0.9949277767172712
41388,0.996511733860096
41389,0.9994887773891248
41390,0.9999849081220817
41391,0.999966930327251
41392,0.9999366222618846
41393,0.9974382643654081
41394,0.9988079378837449
41395,0.9987425779631403
41396,0.9997155931294213
41397,0.9993084613313635
41398,0.9903695830886715
41399,0.9997602399014459
41400,0.9998029550064721
41401,0.9989769813353598
41402,0.9994012506264809
41403,0.9998935136394601
41404,0.4473632409218623
41405,0.9994181868692101
41406,0.9999875090840569
41407,0.9999491821265086
41408,0.9999375458061628
41409,0.9999771438117739
41410,0.9761828024387723
41411,0.9999020271232308
41412,0.9996199910959435
41413,0.9946839128880152
41414,0.9446435216408477
41415,0.9898187661609632
41416,0.9998984442205187
41417,0.9999848370726615
41418,0.9977247209113007
41419,0.9997702890385809
41420,0.9929023189184388
41421,0.9653977123128675
41422,0.9972442334527757
41423,0.9999596176822478
41424,0.999923243493258
41425,0.9985211088212192
41426,0.9995773003721071
41427,0.9103315504548002
41428,0.9999640322004866
41429,0.9965165420170506
41430,0.9671616648369168
41431,0.9999870316549498
41432,0.9864396883999281
41433,0.9806925705256734
41434,0.9942317908660326
41435,0.9990761952034227
41436,0.9991497321905152
41437,0.8553643597461562
41438,0.9943616282145712
41439,0.999955062159783
41440,0.9993431596653263
41441,0.9999435051857885
41442,0.9989764348768332
41443,0.9999877259970645
41444,0.9906949537969074
41445,0.9990545040919657
41446,0.9298815877636426
41447,0.9555501574222788
41448,0.9893501245410966
41449,0.8791407543725773
41450,0.9999246305667127
41451,0.9991405562574914
41452,0.9994254670658992
41453,0.9941788070760448
41454,0.9984672713233298
41455,0.9999993767922739
41456,0.9995384870094706
41457,0.8542212592122885
41458,0.9993893538250975
41459,0.9833871078661629
41460,0.9983962260214845
41461,0.9974498259245358
41462,0.9996011507823971
41463,0.9882216355500492
41464,0.9997982988253464
41465,0.9942550866561426
41466,0.99952652897376415
41467,0.9999848896907104
41468,0.9989695478661023
41469,0.9998749683007867
41470,0.9999074641384578
41471,0.9953408958346768
41472,0.9996193458586887
41473,0.9981983186507768
41474,0.9790037494825335
41475,0.9999773192416055
41476,0.995892318956225
41477,0.9998283180475631
41478,0.9977299652414081
41479,0.9968219018207175
41480,0.9904734628717066
41481,0.9997790413133987
41482,0.9988672870279486
41483,0.7951303108184404
41484,0.99552967122471
41485,0.9993671954668621
41486,0.9980733076372416
41487,0.9898714359088171
41488,0.9953548504018243
41489,0.9999552172241557
41490,0.995066895012397
41491,0.9999483687489928
41492,0.9982877619108582
41493,0.9993926863892989
41494,0.9928708458920223
41495,0.9957812510139974
41496,0.9908065754111761
41497,0.9980276837347227
41498,0.9924320096791064
41499,0.9999943380545006
41500,0.9999974095997239
41501,0.9989951289051909
41502,0.9992569981213449
41503,0.8078213913087937
41504,0.9997468720324098
41505,0.9609645984308236
41506,0.010562288625860117
41507,0.9503220406792321
41508,0.9987447178842854
41509,0.9997424074977308
41510,0.9999655855554405
41511,0.9721834998828061
41512,0.9999490623530247
41513,0.9996470308417023
41514,0.9996618751882471
41515,0.05656211292143261
41516,0.9987696659710661
41517,0.9893765609243752
41518,0.9373083579088434
41519,0.9983182576914859
41520,0.9871437954155542
41521,0.9992226054270165
41522,0.9910992904426286
41523,0.9999831585581878
41524,0.999818850641956
41525,0.9998228165413136
41526,0.997953050469675
41527,0.9957686599922944
41528,0.9969806695664803
41529,0.9999824034995175
41530,0.7652919092772844
41531,0.9983593086687534
41532,0.9929271303335176
41533,0.9997887206425021
41534,0.6917439658880566
41535,0.9995640989773505
41536,0.9844723641145973
41537,0.9942771022293642
41538,0.9864906047446208
41539,0.9996833922881144
41540,0.9829759765751284
41541,0.9999501059150601
41542,0.9998985764091903
41543,0.9994272605310676
41544,0.9997509703337059
41545,0.9957703787157053
41546,0.9999137541162418
41547,0.9994489696378287
41548,0.9996500467391282
41549,0.9990243756316071
41550,0.999983175455198
41551,0.9996172107745136
41552,0.7363111257302684
41553,0.9999802686415824
41554,0.9997910593011126
41555,0.9993096190706242
41556,0.9999090226715889
41557,0.6023124378635327
41558,0.9999846351057052
41559,0.9928425109319708
41560,0.9974185594885255
41561,0.9961722049162881
41562,0.999007080451814
41563,0.9963401777265077
41564,0.9987933147148655
41565,0.9987328448493241
41566,0.999888279682264
41567,0.9915373011292415
41568,0.999977615557126
41569,0.9945328861708863
41570,0.9995464670135132
41571,0.999994002027792
41572,0.9961041598029837
41573,0.9999926868445143
41574,0.9985065749742278
41575,0.9988405749714705
41576,0.9886600367536006
41577,0.9992380267088515
41578,0.9965692119059842
41579,0.9971101766325654
41580,0.9990299608053302
41581,0.9629636340647543
41582,0.9990402231793112
41583,0.12148890479180391
41584,0.9995270776968813
41585,0.9146536918785675
41586,0.9621016227353139
41587,0.8816963793587506
41588,0.7249482782391585
41589,0.9999811726659547
41590,0.9950759969671205
41591,0.9998735239758392
41592,0.9876610931063485
41593,0.9999854527275785
41594,0.08432604094621089
41595,0.5302725487487127
41596,0.15948471776428336
41597,0.9828550275044073
41598,0.956550265385005
41599,0.9870687649067191
41600,0.4073119240912939
41601,0.8806492237458715
41602,0.9996587133843527
41603,0.9939183094446691
41604,0.9998957072226466
41605,0.9996356549515465
41606,0.9965839188950499
41607,0.9999624653140802
41608,0.9998536356770558
41609,0.9993838196694088
41610,0.9999228843662417
41611,0.9996132626263513
41612,0.9996705366972879
41613,0.9999081955011588
41614,0.8230288423439044
41615,0.9966711828175069
41616,0.8444466847454329
41617,0.9585397083498778
41618,0.5267607389115693
41619,0.9996343502060506
41620,0.9997692977254342
41621,0.9998265289180939
41622,0.06001834000218742
41623,0.999961206948948
41624,0.999076624353177
41625,0.9992559875840817
41626,0.9998922403506693
41627,0.9944356650562487
41628,0.9980696143747207
41629,0.9999225865685565
41630,0.9892843700373187
41631,0.31793370147953315
41632,0.9997787444902486
41633,0.8491753180471381
41634,0.995123576322845
41635,0.9998553486534428
41636,0.791774737919077
41637,0.999739069318184
41638,0.9967248976627431
41639,0.9909762263440726
41640,0.9998439648865708
41641,0.9993409860354352
41642,0.9995227879825713
41643,0.9999451800890204
41644,0.9719887696404865
41645,0.8196107523852659
41646,0.9984205220804772
41647,0.9999933714609243
41648,0.9991902292677791
41649,0.9999190932833433
41650,0.11890378039164899
41651,0.9998825986569813
41652,0.9578348351115222
41653,0.9992558893032156
41654,0.9973312326476996
41655,0.989790209891224
41656,0.9902587966331303
41657,0.4847502194419286
41658,0.9989523129508153
41659,0.9995163630717772
41660,0.9634463287985933
41661,0.16486711515182495
41662,0.9995448644320953
41663,0.9727714455265475
41664,0.9585456719531531
41665,0.9999532957275253
41666,0.9953601125939313
41667,0.9999199819848
41668,0.9619991808414932
41669,0.9204622759856009
41670,0.9996402086586891
41671,0.9984429059378067
41672,0.9990407623198471
41673,0.9967843385233688
41674,0.9993508574913368
41675,0.9989349924614888
41676,0.9611051171902701
41677,0.9963407745917898
41678,0.9997492093584216
41679,0.9919954330344594
41680,0.9994956733380843
41681,0.9992128032357676
41682,0.9999780256976064
41683,0.9999855764462842
41684,0.9935435641417842
41685,0.9990843357974432
41686,0.9999485157270328
41687,0.9992920673229325
41688,0.9996998401847018
41689,0.9789930748276204
41690,0.9995748035199358
41691,0.9989286308027088
41692,0.9967831284364153
41693,0.9995473957484637
41694,0.8240478891259498
41695,0.9996355994813582
41696,0.9998884805609196
41697,0.999941018173301
41698,0.999594246863423
41699,0.9993081740496608
41700,0.9941969174925955
41701,0.21600453008362794
41702,0.9997685261783654
41703,0.9779339913318562
41704,0.999905242392056
41705,0.9907144214185628
41706,0.9999037757926118
41707,0.999880892648874
41708,0.9970126969440825
41709,0.9990191849121862
41710,0.9978992415256973
41711,0.45036073073384014
41712,0.9999622131355521
41713,0.8978621922038345
41714,0.9991060079035554
41715,0.997350074343979
41716,0.4077635893425833
41717,0.99771331718872
41718,0.9987260785176377
41719,0.9999870088671446
41720,0.9991948512422324
41721,0.9997363351079057
41722,0.9976355206600492
41723,0.9996290638885492
41724,0.9997963370015558
41725,0.9990004346068182
41726,0.9999781647756797
41727,0.978391455793994
41728,0.43294870990737017
41729,0.999263280448815
41730,0.995106201942069
41731,0.9999463484384333
41732,0.9999908683580193
41733,0.999598512383866
41734,0.9907952294561336
41735,0.9999775643240814
41736,0.99954189522313
41737,0.9999282699652177
41738,0.9999590841363442
41739,0.999911581681491
41740,0.9345186069839847
41741,0.9977984854315479
41742,0.9160253573794983
41743,0.9998926192027406
41744,0.9999527049402237
41745,0.9988126795131115
41746,0.9995575801029962
41747,0.9990639923612467
41748,0.9997402111934366
41749,0.44669332290674724
41750,0.9999632715203516
41751,0.9989092338936127
41752,0.9366216812239475
41753,0.9958919060881226
41754,0.999341221006689
41755,0.9999330144574005
41756,0.9984197921649682
41757,0.9805357368032546
41758,0.9397430734307877
41759,0.9967467596979458
41760,0.9999841868698429
41761,0.9998581001806074
41762,0.9995970819790416
41763,0.9997716084486112
41764,0.9897475275206993
41765,0.9321955077673348
41766,0.9999253053926449
41767,0.9935099648483051
41768,0.999963603164951
41769,0.999199133702767
41770,0.9852718514942524
41771,0.9953228163143646
41772,0.999988546773605
41773,0.969473732483395
41774,0.9997029798179302
41775,0.9999728420467147
41776,0.9999317452553613
41777,0.9986559073619754
41778,0.9995476833489904
41779,0.8853372015723298
41780,0.9962847396744388
41781,0.9958893231873345
41782,0.9991686639884668
41783,0.9999536252644352
41784,0.9940950714543254
41785,0.9735988673786881
41786,0.9917437824334037
41787,0.7372725463888512
41788,0.9922380407481429
41789,0.999965671389388
41790,0.9999763438292029
41791,0.9996510329619661
41792,0.9999735686901952
41793,0.9848997254100205
41794,0.9995584907109504
41795,0.9999429823975229
41796,0.9993665998654272
41797,0.9992917583695121
41798,0.9950012978363886
41799,0.9999903074391986
41800,0.9999699045738871
41801,0.9981655531308345
41802,0.9996766822163343
41803,0.9958106189627995
41804,0.9998984772657064
41805,0.999959919899416
41806,0.9980683808346785
41807,0.9934749980324287
41808,0.9367630721571757
41809,0.9903427244082269
41810,0.9987376107564242
41811,0.999989260609325
41812,0.9999701954708029
41813,0.9999482338097248
41814,0.9999857054679676
41815,0.999950802999981
41816,0.9990275599353443
41817,0.9998432097445654
41818,0.9999981414795365
41819,0.9999980869932565
41820,0.9983313680949377
41821,0.9996412112700823
41822,0.9924159575982167
41823,0.9999665750207649
41824,0.9991703026203099
41825,0.9999538726634789
41826,0.9999572794620791
41827,0.9840115284689801
41828,0.9986610390923291
41829,0.9998714766137516
41830,0.9995600987839929
41831,0.994022441232992
41832,0.9989490944934598
41833,0.9996780065414601
41834,0.9999725040081948
41835,0.9999317540861498
41836,0.9999779788002141
41837,0.9998116725117943
41838,0.9990473754735106
41839,0.3124229012390375
41840,0.9996629163001839
41841,0.1529617900207711
41842,0.9998861586155304
41843,0.9548061003696524
41844,0.999577490695211
41845,0.9997104690920647
41846,0.9647633076182581
41847,0.9996517777975733
41848,0.9999715546248816
41849,0.999800335781499
41850,0.999744513263536
41851,0.9999074945107567
41852,0.9996673324165084
41853,0.9985518202267005
41854,0.9604676453580235
41855,0.8449891267851886
41856,0.0884605244842285
41857,0.9203074664375307
41858,0.9678638222572629
41859,0.5404799091062419
41860,0.9972916299152089
41861,0.9991303958741844
41862,0.9999824395988917
41863,0.9995901129401654
41864,0.999298964585112
41865,0.9999980449168042
41866,0.9965837280414607
41867,0.9969112664578622
41868,0.9999841826762572
41869,0.9976463217943642
41870,0.9551489567118431
41871,0.9999790442755248
41872,0.9975214252879228
41873,0.9694224157608018
41874,0.9943277849673812
41875,0.994787337595242
41876,0.997096764234332
41877,0.9444345714955836
41878,0.999957836745304
41879,0.9593596101180963
41880,0.9960120476361509
41881,0.6011383221423652
41882,0.9974342110016132
41883,0.9999687321798246
41884,0.9980061139188512
41885,0.9997867767224551
41886,0.9999219930471379
41887,0.9991795762729729
41888,0.9999817262369745
41889,0.9997306772256469
41890,0.9321567403756311
41891,0.9999866263101517
41892,0.9579618402097715
41893,0.9999695548703099
41894,0.9999820585122804
41895,0.9458482201674395
41896,0.6342446889092481
41897,0.9645581928843573
41898,0.9995178794313697
41899,0.9507028163155907
41900,0.9706690540598821
41901,0.9998368891897311
41902,0.9998971010815834
41903,0.9947094544076505
41904,0.9951889957387497
41905,0.9998308824018379
41906,0.9989663647457585
41907,0.9995237384895316
41908,0.9764145642084943
41909,0.9994582795740703
41910,0.9995481952898294
41911,0.9998528184731583
41912,0.9999785864898658
41913,0.9948546625773976
41914,0.9999844003366536
41915,0.8281268187899434
41916,0.993914702742935
41917,0.9999803558092503
41918,0.9977053976587549
41919,0.9996052633400347
41920,0.9999836996471387
41921,0.9949135048060077
41922,0.9999330982540536
41923,0.9999658476148043
41924,0.9999239085431919
41925,0.997738874283866
41926,0.99999244242858
41927,0.8347904756596323
41928,0.9896467504799266
41929,0.9996896796901366
41930,0.9980888307119885
41931,0.7353674877701858
41932,0.9998067107901142
41933,0.9999937877527969
41934,0.9997313448770552
41935,0.9999568502166887
41936,0.9999501939393248
41937,0.9999934450501835
41938,0.9963506173822849
41939,0.6734508114179877
41940,0.9952435683388537
41941,0.9999613769645243
41942,0.9700614472029647
41943,0.8351858108420201
41944,0.9996986045136206
41945,0.9996823254953756
41946,0.9782468136388485
41947,0.9997972964819496
41948,0.7082476495531037
41949,0.9999829582424138
41950,0.9999579316046044
41951,0.9998056319747176
41952,0.9998445930542779
41953,0.99984312059553
41954,0.9999257554583586
41955,0.9983505671217929
41956,0.9504458692438177
41957,0.9752357844999511
41958,0.9795407736643601
41959,0.4503373245217499
41960,0.9999417568980908
41961,0.8057511644604923
41962,0.9999557422435524
41963,0.9999958934711445
41964,0.9998021963127425
41965,0.9997734202857719
41966,0.9958159592963088
41967,0.9982913167671777
41968,0.9997633158443237
41969,0.9999854288124496
41970,0.9993075842459056
41971,0.9961139857451046
41972,0.9994721022342457
41973,0.9236531388894496
41974,0.9999781305896039
41975,0.9993831817425369
41976,0.9927748746443608
41977,0.9874047660865556
41978,0.99716137827464
41979,0.8289783378140427
41980,0.726563899886548
41981,0.999780808374671
41982,0.9488612386420939
41983,0.999812048648352
41984,0.983601818265895
41985,0.9914897664292731
41986,0.9998684142427412
41987,0.999982102187111
41988,0.9986772308930949
41989,0.9999181628098027
41990,0.998634538996602
41991,0.9999034633001537
41992,0.9999963212517254
41993,0.9986138841695943
41994,0.9999743952883564
41995,0.9989137866255238
41996,0.7829165794748784
41997,0.9999556990279755
41998,0.9452084185450568
41999,0.9993183884730282
42000,0.991540902406733
42001,0.9993253850193918
42002,0.9999478890592545
42003,0.9993688286712215
42004,0.9996094923256474
42005,0.8835878179866082
42006,0.9999640851137871
42007,0.9997647163925258
42008,0.9999124274112344
42009,0.9998660504779265
42010,0.9938847529482352
42011,0.999946273413203
42012,0.9995544628393327
42013,0.9811887344247746
42014,0.953455486622219
42015,0.9878256210943347
42016,0.999765677531504
42017,0.9997365363245162
42018,0.9999623747962962
42019,0.9990013271191349
42020,0.9992970861096032
42021,0.9886496276398983
42022,0.9232584441232521
42023,0.9965156713306962
42024,0.9999572417061582
42025,0.9981705442027711
42026,0.9992035379504522
42027,0.9999996597360661
42028,0.9987968188746548
42029,0.999996522910757
42030,0.989696276085788
42031,0.9927025799400574
42032,0.9992275999923703
42033,0.9992281185227362
42034,0.9921938449762122
42035,0.9999108335695941
42036,0.9677640082049058
42037,0.9984117447069727
42038,0.9999466407063202
42039,0.9993617006721065
42040,0.9935887162661683
42041,0.9981791565383302
42042,0.9991130494893762
42043,0.9889471606926417
42044,0.9991939306705057
42045,0.9690373789073276
42046,0.9984520491332441
42047,0.9999881932653462
42048,0.99910558927611
42049,0.9996132417863876
42050,0.9991578976005944
42051,0.9972081258297105
42052,0.6835406894910414
42053,0.9954825270362541
42054,0.9999784176691944
42055,0.9999819958937647
42056,0.9854238175609206
42057,0.9996937393971276
42058,0.9881070901348169
42059,0.8143150285115257
42060,0.9934000791500619
42061,0.14367248276025174
42062,0.9227493683788976
42063,0.9920272085572701
42064,0.925320236676178
42065,0.9999778501004211
42066,0.99686929129761
42067,0.9933181128428571
42068,0.9989756037763908
42069,0.9979627973863766
42070,0.9999400952740767
42071,0.9958968705669626
42072,0.9994497563376274
42073,0.9995915818068083
42074,0.9988834820462
42075,0.9997033211839517
42076,0.9985093057454034
42077,0.9444528136399947
42078,0.999993870763972
42079,0.9969455765597386
42080,0.9993991167570004
42081,0.999544651972504
42082,0.8264011824787098
42083,0.9999803117662203
42084,0.9999267197012776
42085,0.9944616614026776
42086,0.9996516073819902
42087,0.99992211797664865
42088,0.030109655741767098
42089,0.9510486094643702
42090,0.9999822918272618
42091,0.9764685733786906
42092,0.9996409950406339
42093,0.9859017796121382
42094,0.9992184710432654
42095,0.4269292994235536
42096,0.9411627887121438
42097,0.9999946424154968
42098,0.9985613168856987
42099,0.9989944113572461
42100,0.9972810999468243
42101,0.9993513416853242
42102,0.9999641081176931
42103,0.9996043021727906
42104,0.9914396943054032
42105,0.8266743430033525
42106,0.9965021168068328
42107,0.968131603731897
42108,0.9953001262939404
42109,0.9993963667522271
42110,0.9879967711288046
42111,0.9971393503476771
42112,0.7231150537795428
42113,0.07404726351305772
42114,0.64601834887181
42115,0.9999842866078548
42116,0.999775508839586
42117,0.9999826025456242
42118,0.9994356037113877
42119,0.9987971357302637
42120,0.9981543737006656
42121,0.9996730286613821
42122,0.8194573418300201
42123,0.9986289602929322
42124,0.9999867345593766
42125,0.9929537631662462
42126,0.9889649797635088
42127,0.9969324655335919
42128,0.9922648091342811
42129,0.9994210775100385
42130,0.9830215491199651
42131,0.9998852968637822
42132,0.18090723421194724
42133,0.9979656160994798
42134,0.9441295998583584
42135,0.9999930354253395
42136,0.9999588946952129
42137,0.9962299643663577
42138,0.9999021466877721
42139,0.9933332498973675
42140,0.790208723929736
42141,0.9993845300518701
42142,0.9999890280687672
42143,0.999903569198431
42144,0.9996970166124607
42145,0.6331629005009631
42146,0.9997502867105805
42147,0.9990985095672554
42148,0.9660291313157776
42149,0.9998252119083054
42150,0.999332636163809
42151,0.9998407318353654
42152,0.9999171754918158
42153,0.9917120679742922
42154,0.999620803154048
42155,0.7024276604435982
42156,0.9973498236110003
42157,0.9995873424228325
42158,0.9986886578118893
42159,0.9978584468876628
42160,0.99975421553989
42161,0.9999812459595574
42162,0.99995338740772155
42163,0.9989900627060967
42164,0.9952307536811288
42165,0.9996896680568984
42166,0.9969734224047344
42167,0.997632756573166
42168,0.9999624975316377
42169,0.9993972432187149
42170,0.999974477430376
42171,0.5167829888928076
42172,0.9997150566319966
42173,0.9995809030398091
42174,0.9999883762557502
42175,0.9992846480894703
42176,0.9987355986814973
42177,0.9999783369630012
42178,0.992159812513423
42179,0.9993930258021971
42180,0.9913516008014529
42181,0.5151555942995095
42182,0.9446132372195021
42183,0.9991193165651441
42184,0.9924563387370073
42185,0.9998859023311818
42186,0.18745416840811335
42187,0.999924808406221
42188,0.9997119040040219
42189,0.9988274542424237
42190,0.9774200615308007
42191,0.9939402569716815
42192,0.9997436235235841
42193,0.9982182473462924
42194,0.999782450556236
42195,0.9036777596846537
42196,0.9998105093326991
42197,0.9998952082625674
42198,0.9999549285672671
42199,0.9421589481897685
42200,0.9999755820526813
42201,0.9996924739421253
42202,0.999964433032155
42203,0.984302910539473
42204,0.18329150437009625
42205,0.9977420282024828
42206,0.9999747222641755
42207,0.9994469660455081
42208,0.9999798440628307
42209,0.9996547277774163
42210,0.9999868022530065
42211,0.8534920090480758
42212,0.9999287582949139
42213,0.9999055019586323
42214,0.9999794004328442
42215,0.9988878379378936
42216,0.9982424187642308
42217,0.9995912660750085
42218,0.9480922845895867
42219,0.9999391341795765
42220,0.9574471779288104
42221,0.9998744805426045
42222,0.9944461530170006
42223,0.7163847192863382
42224,0.9999897100694057
42225,0.8601771639300154
42226,0.9991005445628689
42227,0.999942960296659
42228,0.9998890395462272
42229,0.9995786479575928
42230,0.41773306737650073
42231,0.9997162089477339
42232,0.9982341987349629
42233,0.9999960058886995
42234,0.9792795942792591
42235,0.9554118988091119
42236,0.9961886184688987
42237,0.9998646405328393
42238,0.9993159557882473
42239,0.9942707860424532
42240,0.9391103757458827
42241,0.7620432159183044
42242,0.9989005011024821
42243,0.9999666796802639
42244,0.9996015236484947
42245,0.9999380887654906
42246,0.9991176480621917
42247,0.998001807081533
42248,0.9996170162945442
42249,0.634753708031593
42250,0.9999332902286138
42251,0.9999853671907853
42252,0.9999499514162676
42253,0.9946557699980029
42254,0.9818155256753074
42255,0.99954541680254
42256,0.9985823638524011
42257,0.999564619276871
42258,0.8166599244949044
42259,0.9981973151471452
42260,0.9998715260223207
42261,0.9994666464991075
42262,0.967828933833114
42263,0.9978100236885408
42264,0.7484695255192662
42265,0.9410123737861875
42266,0.9996755341792273
42267,0.999888279682264
42268,0.9999642706666132
42269,0.9876947979210761
42270,0.9999589518561223
42271,0.9966056215013701
42272,0.9994224148341271
42273,0.9905358287378294
42274,0.9870247236603822
42275,0.9955638764921898
42276,0.9999879717122416
42277,0.9996414026245541
42278,0.8459914015179113
42279,0.974841143782753
42280,0.9999021898245978
42281,0.9978162153128187
42282,0.9899981554916539
42283,0.9989908524728034
42284,0.9998604413790074
42285,0.9997564046838788
42286,0.9922011299455297
42287,0.9892773998500788
42288,0.9931559561698535
42289,0.999697758452139
42290,0.9983951453054188
42291,0.9999767997904012
42292,0.9981029179120555
42293,0.4274545694075602
42294,0.9995979456099101
42295,0.9979135343059161
42296,0.998283823393417
42297,0.9999268359226611
42298,0.9989296127022923
42299,0.9937021208235104
42300,0.9083458632661471
42301,0.9999709884435963
42302,0.9994411594989249
42303,0.9999052062322933
42304,0.9999743668714525
42305,0.7648071336251319
42306,0.9999142363399195
42307,0.9995559166059995
42308,0.9450599056719425
42309,0.9989166991230464
42310,0.9962921919324473
42311,0.7617613753775325
42312,0.9987980550365189
42313,0.999625467324965
42314,0.9995670493481845
42315,0.9998938373176841
42316,0.9107607840039351
42317,0.9970497059872014
42318,0.9996657164383411
42319,0.6373342083934905
42320,0.9999211630077542
42321,0.9920387850435991
42322,0.9978716336844697
42323,0.9998707995123706
42324,0.9994644948153032
42325,0.9999775187314677
42326,0.9922561848995428
42327,0.9999692206947162
42328,0.9987617684750009
42329,0.9999949485034669
42330,0.9999089381246904
42331,0.981861728027375
42332,0.5849769275617812
42333,0.7205859692151255
42334,0.9987520567080737
42335,0.6371588756163936
42336,0.9998925880894728
42337,0.9993388908888924
42338,0.9996861670424506
42339,0.9489339007511834
42340,0.9979828948093574
42341,0.9990923303724998
42342,0.9953845526490369
42343,0.9999749473713181
42344,0.9999482932232578
42345,0.9999462328264512
42346,0.9999808713501345
42347,0.9993478095220991
42348,0.9967556319857839
42349,0.9995118806312014
42350,0.976832175046816
42351,0.9973776342187778
42352,0.9972087053034238
42353,0.9973815441204753
42354,0.9995512003023732
42355,0.8078799383028462
42356,0.5578278731369386
42357,0.9735236434429784
42358,0.9991939157038856
42359,0.9961606446504232
42360,0.9751622700633338
42361,0.9999233639393246
42362,0.8887187945716198
42363,0.9963443653526737
42364,0.9969031120438094
42365,0.9694886004141092
42366,0.9998088667096585
42367,0.998943947283839
42368,0.9627850728228061
42369,0.9859305606115868
42370,0.9999438717958588
42371,0.9785007850240094
42372,0.9999638706611349
42373,0.9983162261395974
42374,0.9994888587169637
42375,0.9975356410877719
42376,0.9920052768104668
42377,0.9999790054254761
42378,0.8782542729581909
42379,0.9999672006387215
42380,0.9995112238489687
42381,0.9982088865585622
42382,0.999988731272157
42383,0.9997650984906128
42384,0.9597397302037441
42385,0.9962097560427607
42386,0.5718421000257251
42387,0.9999868915750483
42388,0.9955406760584049
42389,0.9946542390639251
42390,0.9998896408895115
42391,0.9999626325003704
42392,0.868060037072374
42393,0.9998578068725732
42394,0.9991915980219557
42395,0.9988741073768814
42396,0.9676778072766202
42397,0.9962066428046694
42398,0.9951966630835439
42399,0.9999421111445406
42400,0.9999316788146595
42401,0.9997487323474168
42402,0.9967653756265701
42403,0.9997342200579304
42404,0.9993223510964968
42405,0.9670549495106415
42406,0.9999995003196939
42407,0.9998489924285405
42408,0.9925403674788569
42409,0.9997633120183411
42410,0.9749560482406071
42411,0.31602585481455475
42412,0.999677335741298
42413,0.9954598455690408
42414,0.999947621010979
42415,0.9997354680302976
42416,0.6884737878375167
42417,0.9919861712278765
42418,0.9999287771489868
42419,0.9987600701083933
42420,0.9995840946516736
42421,0.35264675385318744
42422,0.9995991185122743
42423,0.9994536470205695
42424,0.08294582613442407
42425,0.4715986296664838
42426,0.996548504583863
42427,0.9999327371586854
42428,0.9995853441430583
42429,0.998818649928093
42430,0.8749643535844833
42431,0.9998711433741665
42432,0.9952649862100922
42433,0.9860044219680646
42434,0.9989540193095605
42435,0.9991664952035106
42436,0.9998476673547448
42437,0.9999837648692124
42438,0.8826995847004514
42439,0.9998128522839833
42440,0.9998115907287021
42441,0.999970897079183
42442,0.9987543502587891
42443,0.9995262063207458
42444,0.9352250800254263
42445,0.9999626749138775
42446,0.9995986427820027
42447,0.17934857269372215
42448,0.9767474757173393
42449,0.9953550116911621
42450,0.9999729611111956
42451,0.6318305065368918
42452,0.9999991169451559
42453,0.9999474040057242
42454,0.9971292340933666
42455,0.9844128192690796
42456,0.9999730664519799
42457,0.9791044986998132
42458,0.9989939865395538
42459,0.9944042502168472
42460,0.9994683849564957
42461,0.9978181652396253
42462,0.9999687687587336
42463,0.9883450384704995
42464,0.9991808717126895
42465,0.9969525237171178
42466,0.999922205740848
42467,0.9998857319973511
42468,0.9000071746531003
42469,0.9946999321463116
42470,0.9980198096776993
42471,0.9859291460784887
42472,0.9999778737597999
42473,0.9571436719426494
42474,0.9903785898071735
42475,0.9999733706138915
42476,0.9999827542781616
42477,0.9997879566695825
42478,0.9969081953986401
42479,0.9989404041762276
42480,0.8850431589036759
42481,0.9952411419238405
42482,0.9885006677553062
42483,0.9949835608685806
42484,0.7039955730866632
42485,0.9999791652620525
42486,0.997091323437949
42487,0.9791717145807584
42488,0.9971890795581175
42489,0.9999290293170766
42490,0.9988052122218078
42491,0.9998852648732148
42492,0.9978286260794494
42493,0.9996337005979362
42494,0.9993537595691905
42495,0.9999605882166033
42496,0.9998103603315404
42497,0.9896245156698875
42498,0.9986639805510528
42499,0.9992614720265933
42500,0.9999700130911041
42501,0.9985261783965677
42502,0.8159333164093928
42503,0.9999067563767017
42504,0.9831228535057179
42505,0.9852890334214084
42506,0.9995624216892837
42507,0.9999152220057301
42508,0.9984205450222003
42509,0.9943556299664845
42510,0.993089490429994
42511,0.35750572527995056
42512,0.9843632672636742
42513,0.3271500573839894
42514,0.9993343515475642
42515,0.9999390233765774
42516,0.999678448889219
42517,0.999461090560421
42518,0.9999670221717054
42519,0.9996072625334245
42520,0.327547929004553
42521,0.9988985056318057
42522,0.9288365720778251
42523,0.9996732640008338
42524,0.05911920798896266
42525,0.9999922506057681
42526,0.9741430787687342
42527,0.9975459821923357
42528,0.9982127397782362
42529,0.9936876153168606
42530,0.9943269786268194
42531,0.9999344361908415
42532,0.9999702181187279
42533,0.9434925761809285
42534,0.9999133185828966
42535,0.9995561944607424
42536,0.9981872012039681
42537,0.9251211823649828
42538,0.9528996851875318
42539,0.9999626972666881
42540,0.9999719765323174
42541,0.9999931503209465
42542,0.9998997647104891
42543,0.9995999554067283
42544,0.9999743906160322
42545,0.9567157013105504
42546,0.9998291429628271
42547,0.9999027494863217
42548,0.999548646973485
42549,0.9964676407878462
42550,0.8554813636832418
42551,0.9997230650618595
42552,0.9999504152446608
42553,0.9994440440686743
42554,0.9991329271884372
42555,0.9999850404473505
42556,0.9868772381314822
42557,0.9955024539140545
42558,0.9989030032746524
42559,0.991929178363493
42560,0.9355311393896676
42561,0.9971180287549242
42562,0.9999824496616915
42563,0.9323036660294519
42564,0.9998623061850644
42565,0.9997220475997295
42566,0.9830897264604598
42567,0.9999035925963241
42568,0.9980918722970723
42569,0.9999808682124952
42570,0.9999744079675483
42571,0.9844626483400014
42572,0.9992637783002115
42573,0.2448243612829744
42574,0.9999903156991893
42575,0.9999755894309458
42576,0.9999109379128492
42577,0.9996292515208752
42578,0.9995640989773505
42579,0.6170352482066074
42580,0.9992655213894778
42581,0.9996394954605836
42582,0.9999475507031909
42583,0.9992771434821655
42584,0.9155673923845756
42585,0.17878391471933963
42586,0.9999784747599052
42587,0.999942501830639
42588,0.9936659742724308
42589,0.9999698331248527
42590,0.9999890792784156
42591,0.4319775455177633
42592,0.9942054128067251
42593,0.8420081349701649
42594,0.9975616511055778
42595,0.9999119192522617
42596,0.9995371567291235
42597,0.9999383904712336
42598,0.9999764724614364
42599,0.9998298138157886
42600,0.9979958067413676
42601,0.9998636106310066
42602,0.9994108584799376
42603,0.7729121650839968
42604,0.9922538771871019
42605,0.9998350322439192
42606,0.7614208592900228
42607,0.9995086674703303
42608,0.999383165491078
42609,0.9996828082513745
42610,0.9999834795696632
42611,0.9977699124983098
42612,0.9995879590468932
42613,0.9999199049685142
42614,0.99986449819627
42615,0.9947492018879792
42616,0.8612349426779505
42617,0.9998663266773304
42618,0.9894090896078485
42619,0.9990603498604693
42620,0.9759405504831689
42621,0.9999851582501293
42622,0.9878945541856825
42623,0.9984302646196197
42624,0.8303150069501847
42625,0.08142720436150504
42626,0.99940960514283
42627,0.984302910539473
42628,0.9999330202466175
42629,0.9970624215631234
42630,0.9918663992167237
42631,0.9587358717221813
42632,0.9999431691305795
42633,0.9978897087354707
42634,0.9998347725903567
42635,0.27265620844977145
42636,0.9999934877788246
42637,0.9999791851881765
42638,0.9988222376895126
42639,0.9995991003389642
42640,0.9985092399284896
42641,0.9999467407432763
42642,0.9998563745188773
42643,0.9998726618300257
42644,0.9996407630432448
42645,0.997287490524055
42646,0.9387506737809418
42647,0.9953737992669199
42648,0.9921562025987362
42649,0.9995887383564831
42650,0.9746596076162756
42651,0.9998952802968242
42652,0.999972838591228
42653,0.9983322627698253
42654,0.9999954710153179
42655,0.2625712496552489
42656,0.9976920366465817
42657,0.9994532252242655
42658,0.9928330690535466
42659,0.9999497069178589
42660,0.9976697344455424
42661,0.60352413018304
42662,0.9957765864386535
42663,0.9986450854147212
42664,0.9969723661959153
42665,0.999719329682828
42666,0.9999648136041518
42667,0.9995479709235734
42668,0.9999781822603536
42669,0.8319868405834905
42670,0.9992610927513157
42671,0.9965676554777356
42672,0.9997165490442714
42673,0.9999561124224211
42674,0.8533410946323552
42675,0.2907729569866106
42676,0.998796239313351
42677,0.9992505326855172
42678,0.9999840844710258
42679,0.999691816830139
42680,0.9992049928060275
42681,0.999207055592917
42682,0.999986914766632
42683,0.9994387988745844
42684,0.9999760856645484
42685,0.9644314368026539
42686,0.9994917696475276
42687,0.99901662808333
42688,0.9983830977823619
42689,0.9916432291099125
42690,0.9999921591980239
42691,0.9993791075316829
42692,0.3488502132610736
42693,0.999914242879083
42694,0.9995001368615086
42695,0.3657514680605712
42696,0.8974902223167069
42697,0.9999582021497813
42698,0.999992113678347
42699,0.9993744547452628
42700,0.8967149200790804
42701,0.9976677470962046
42702,0.9999739641317138
42703,0.9999140756558504
42704,0.9999153070486639
42705,0.9896620822434884
42706,0.9912895708923042
42707,0.9999600924362111
42708,0.9999600712199421
42709,0.9982249517932135
42710,0.9706907183416231
42711,0.5441219705347806
42712,0.9854956623569785
42713,0.998072061818965
42714,0.999961649754666
42715,0.9995965315105901
42716,0.9994100262579588
42717,0.9873705426982781
42718,0.9387776211247391
42719,0.9998973232865778
42720,0.9999983806160168
42721,0.9994839064212824
42722,0.9996111022330323
42723,0.2844727124097905
42724,0.9999446434748018
42725,0.999996171369353
42726,0.9999178915728005
42727,0.999427885697555
42728,0.9999630189597691
42729,0.9998349731871136
42730,0.9926628615333946
42731,0.9785619741885523
42732,0.9745759939686449
42733,0.9998892418228644
42734,0.9927258630262241
42735,0.9934333125961481
42736,0.9780941294131575
42737,0.5099302307415049
42738,0.9989001484414475
42739,0.9801157846786922
42740,0.6774300649270778
42741,0.6871207051931019
42742,0.9999882412334627
42743,0.9998913004178993
42744,0.9999686987511143
42745,0.41618205337296904
42746,0.9972381157837398
42747,0.9992569705409504
42748,0.9786574697912608
42749,0.999996267251917
42750,0.998414198216684
42751,0.9583729978552118
42752,0.9990682759661258
42753,0.07291065933456177
42754,0.9995333825222341
42755,0.9998870175715404
42756,0.9997811616686374
42757,0.9996956527693486
42758,0.9995217042624642
42759,0.9707610277590248
42760,0.9998374040903495
42761,0.9997790848517124
42762,0.06744022909413923
42763,0.9999051124252929
42764,0.9995459261529547
42765,0.9998304277615243
42766,0.9998523767537842
42767,0.9988165901182142
42768,0.9918034197036908
42769,0.9994365369265037
42770,0.9887307532151378
42771,0.9999555676682952
42772,0.9920279522522967
42773,0.9999449349367318
42774,0.998374789461253
42775,0.9929778751859004
42776,0.9947629814267452
42777,0.9919513354658058
42778,0.9965172826196872
42779,0.9758190495734911
42780,0.9759455582422294
42781,0.9782312725558004
42782,0.998739485618762
42783,0.6820974400679639
42784,0.5817884070532672
42785,0.9990875670942461
42786,0.99872458124792
42787,0.9994462551904347
42788,0.8206792036756705
42789,0.9987186546548281
42790,0.9786383870508591
42791,0.9998678459201952
42792,0.5952295036002749
42793,0.9999533667645438
42794,0.9996764001818946
42795,0.9993494833492094
42796,0.999746396446992
42797,0.9854295747599242
42798,0.9999208524633968
42799,0.9974901661046235
42800,0.999334238160391
42801,0.9993199165020226
42802,0.9999936124539812
42803,0.9996112427594669
42804,0.9998345315473066
42805,0.2882087710756447
42806,0.9602703961392837
42807,0.9831601629429951
42808,0.9639644050927272
42809,0.9986024495068501
42810,0.9999539403204221
42811,0.999931196948243
42812,0.7051060515465638
42813,0.9315455177486115
42814,0.9999382355678905
42815,0.9999735847289256
42816,0.9936412596987861
42817,0.9999388602690186
42818,0.999214628891458
42819,0.9874836802497106
42820,0.9996341117401739
42821,0.9996865556006022
42822,0.9995689109644654
42823,0.9996206192516168
42824,0.8907694887992105
42825,0.9985668518208121
42826,0.9961528183144114
42827,0.9998926414143904
42828,0.9990985061272988
42829,0.9999876976710593
42830,0.9854418810402039
42831,0.9999695772978937
42832,0.999247047635676
42833,0.9697469601110965
42834,0.9999856387475223
42835,0.9518382067166039
42836,0.9971250520754437
42837,0.985550774329002
42838,0.9945981061432804
42839,0.9999034182821471
42840,0.8427263861207803
42841,0.999875892099342
42842,0.99017125856567
42843,0.9999207839344276
42844,0.06944745549818462
42845,0.9993037108941826
42846,0.9999529366547515
42847,0.9884386272616746
42848,0.9944109709362808
42849,0.9686046236332013
42850,0.7040853121765612
42851,0.9981615289632854
42852,0.9999476620756912
42853,0.9991069003059987
42854,0.9993593135586942
42855,0.9995813386928128
42856,0.13496376623581946
42857,0.9980063453150094
42858,0.9999434126891044
42859,0.9996121470696655
42860,0.9985006974494447
42861,0.999962269432705
42862,0.7396044131678335
42863,0.9987090672543923
42864,0.9995829411386432
42865,0.9999522440707143
42866,0.9997647948570185
42867,0.9998018041917894
42868,0.9567780059408848
42869,0.9999939109159157
42870,0.7317548627019385
42871,0.9999851023186835
42872,0.9996018759287651
42873,0.9999895252229939
42874,0.9998697854538936
42875,0.9430590237740929
42876,0.9999833657418318
42877,0.9999143826248865
42878,0.9992961439466145
42879,0.952463580332722
42880,0.9817622632875196
42881,0.9999813318138187
42882,0.9838981911439303
42883,0.9959803141961797
42884,0.999972692199963
42885,0.9928849475854499
42886,0.998460703283288
42887,0.9990451142645722
42888,0.9999402781247395
42889,0.9991901694752059
42890,0.99873906077634
42891,0.99452447817285194
42892,0.9705619952601081
42893,0.9999895251810794
42894,0.9959611325544335
42895,0.9994068788102933
42896,0.9932258216971809
42897,0.9887118067339401
42898,0.9954570186800863
42899,0.9973440476996632
42900,0.9828223373991066
42901,0.91392117457652
42902,0.9999912595516096
42903,0.9995934161794668
42904,0.9999189153795405
42905,0.9998620188732736
42906,0.9955068962258975
42907,0.9881750710015387
42908,0.7105132476002312
42909,0.9999576327960433
42910,0.9972154489735374
42911,0.999491430241191
42912,0.16962000774830133
42913,0.9979556899036494
42914,0.8341376927890897
42915,0.9978212193603955
42916,0.9999674031798691
42917,0.9446421766823995
42918,0.9987235427234008
42919,0.01032179625654996
42920,0.9999198580311984
42921,0.999965523328062
42922,0.9983356579888423
42923,0.99913676813442
42924,0.9999753983930653
42925,0.9999473430821958
42926,0.9987789139799491
42927,0.9996283964011707
42928,0.9944971888100933
42929,0.9998403625922971
42930,0.9966653630984206
42931,0.9805374726975005
42932,0.9999389728605892
42933,0.9988228629090701
42934,0.9962502188009456
42935,0.9606578492333882
42936,0.9998923105437717
42937,0.9936443253156932
42938,0.9940210240777705
42939,0.8479163690208809
42940,0.9997730301019154
42941,0.9998594901232036
42942,0.9998984041678994
42943,0.9999680225233301
42944,0.99997025318216
42945,0.9868050527541908
42946,0.9884120931000221
42947,0.20366435139780217
42948,0.9998252821039866
42949,0.9995455290025109
42950,0.9995232653794902
42951,0.9449704091911849
42952,0.9514101615087713
42953,0.9709454862269561
42954,0.21294995798189198
42955,0.9837751330105607
42956,0.28984569568819457
42957,0.9998872244353155
42958,0.9995592873777327
42959,0.999957974940707
42960,0.9997144704275747
42961,0.9998308664242618
42962,0.9982621037664439
42963,0.9996998510087912
42964,0.9989768553519601
42965,0.9999705845732272
42966,0.9755894095049551
42967,0.9915740355054734
42968,0.955937409592976
42969,0.9999902029568539
42970,0.1999236363720993
42971,0.9999346493725602
42972,0.9997566576582223
42973,0.9992668933082078
42974,0.980826221546022
42975,0.9999812473588855
42976,0.9802292792682102
42977,0.9996589399040928
42978,0.9982508022119946
42979,0.9911523198433515
42980,0.999995018963125
42981,0.9597552082816194
42982,0.9990082788977399
42983,0.9997571788045349
42984,0.9993712400368422
42985,0.8895070429847791
42986,0.9990682017852314
42987,0.9998832560543867
42988,0.999248624076054
42989,0.9998369094034029
42990,0.8635754401885373
42991,0.15825386135607675
42992,0.9963598039708569
42993,0.9932247548351822
42994,0.9951972427495233
42995,0.9705523228942847
42996,0.99716052195554294
42997,0.9999483551630736
42998,0.9940117216408332
42999,0.9994161423874052
43000,0.677787688916055
43001,0.34717547220128125
43002,0.9999788313997228
43003,0.999869245185062
43004,0.9998864905710003
43005,0.999907175127705
43006,0.9965576491991808
43007,0.9997490319319603
43008,0.9999765093075719
43009,0.999960404678754
43010,0.9999734514726589
43011,0.9978115462374672
43012,0.9924724348144778
43013,0.9999887378740374
43014,0.9999888981919159
43015,0.9954654670053832
43016,0.9995545088312362
43017,0.9732140461246881
43018,0.4498107896418003
43019,0.7155799839520337
43020,0.987746634927046
43021,0.9997704754859073
43022,0.9974199639007487
43023,0.7154222536138755
43024,0.44716311203356174
43025,0.9933292013200478
43026,0.9324025921809407
43027,0.9512618968941726
43028,0.9999732057206354
43029,0.9999849217751917
43030,0.9963479898849262
43031,0.9999777339968873
43032,0.9999859724888943
43033,0.9999670999821342
43034,0.9999363238065591
43035,0.9999687605007122
43036,0.99520285275091
43037,0.9616015726527586
43038,0.9998774233320277
43039,0.9642350450675422
43040,0.9992175163226207
43041,0.7890243026074403
43042,0.9998464443881382
43043,0.9882629270491766
43044,0.8755445969609015
43045,0.9909623427038469
43046,0.09441827718704371
43047,0.9995451875998329
43048,0.9981866716143786
43049,0.9982526394930121
43050,0.9993036385393324
43051,0.9999863888280436
43052,0.9979390365406298
43053,0.9530474629034666
43054,0.9994032995380642
43055,0.9999693825291451
43056,0.9671901975048466
43057,0.9990611598066387
43058,0.9964242195735424
43059,0.999849976475437
43060,0.9986099054397749
43061,0.997156042751911
43062,0.9999725256942474
43063,0.99422158798389
43064,0.9999946396739666
43065,0.9988539710709965
43066,0.999997706296671
43067,0.9997584006925481
43068,0.9999726645505492
43069,0.5931601182797112
43070,0.9942832822352233
43071,0.9999992113348287
43072,0.994547418522658
43073,0.9994792801608233
43074,0.9893269586811836
43075,0.9997970965277724
43076,0.7075830494683181
43077,0.9999677318935192
43078,0.989257321522346
43079,0.9266876292137177
43080,0.9987017955251367
43081,0.9998184521806642
43082,0.9988087925445331
43083,0.9999416444645
43084,0.9998927972447289
43085,0.999869009880209
43086,0.9996012683051462
43087,0.9999819227321791
43088,0.991914892482019
43089,0.999965145338488
43090,0.9999754213373608
43091,0.4035425309946702
43092,0.9853828376689399
43093,0.9997490062127087
43094,0.999950040649677
43095,0.9988800886944327
43096,0.9988153844060752
43097,0.9996781339510266
43098,0.9988300253630265
43099,0.6132087398624025
43100,0.8659403187758126
43101,0.9999524837057862
43102,0.9999304036298047
43103,0.9999116277699954
43104,0.998876018985449
43105,0.999961946584262
43106,0.978876731303663
43107,0.9992583669403803
43108,0.9997416928455957
43109,0.9991544298649505
43110,0.7841155439753555
43111,0.9982095312648035
43112,0.3460477152961745
43113,0.9923998270761457
43114,0.9939577220332313
43115,0.987146173890386
43116,0.9857688721301884
43117,0.9987015989129275
43118,0.9760053222584678
43119,0.9584298774047857
43120,0.9944328857122855
43121,0.9984099055564236
43122,0.9834314050459377
43123,0.9997097687181568
43124,0.985253551567487
43125,0.9952337324885956
43126,0.9996213525367023
43127,0.9993125542058476
43128,0.9990955962701759
43129,0.999537748384983
43130,0.6766011972466255
43131,0.6201678928845374
43132,0.9960790435877248
43133,0.993720828962025
43134,0.9990478310009048
43135,0.9999923928809701
43136,0.997297792947096
43137,0.9965872991060974
43138,0.999699615417419
43139,0.9964026650718613
43140,0.9919635414793389
43141,0.9998609466643126
43142,0.999867090425188
43143,0.9999016645413396
43144,0.9727072806283826
43145,0.9996272038433175
43146,0.998468044780158
43147,0.9999870291734869
43148,0.9999244410513664
43149,0.9348570287604934
43150,0.9999570659165136
43151,0.9736050045796434
43152,0.98406186343977
43153,0.7792575665975147
43154,0.9994080761721331
43155,0.9997148111483659
43156,0.2717653672814119
43157,0.9996215982696383
43158,0.9999347409000116
43159,0.9945106573019306
43160,0.999955459746587
43161,0.9999942350613491
43162,0.9998971095674632
43163,0.9997682191204453
43164,0.9995240380547147
43165,0.9907644570110435
43166,0.9999806832320818
43167,0.9999859731960768
43168,0.9791869642454197
43169,0.9999103258415545
43170,0.9938308496952422
43171,0.996901731533647
43172,0.6101970788569188
43173,0.9999526684826672
43174,0.9999324047213698
43175,0.9989827750327378
43176,0.9998150403128684
43177,0.9997963160519475
43178,0.9987364203135102
43179,0.9998538600090218
43180,0.9893527783984681
43181,0.9971765992142387
43182,0.9994761235990622
43183,0.9988564761088443
43184,0.9998975838632184
43185,0.9466913607195624
43186,0.8572750492002299
43187,0.9911956316132822
43188,0.99983149358966406
43189,0.99866078727741725
43190,0.9764658937689752
43191,0.9999432067316549
43192,0.9999542348927277
43193,0.999969698231946
43194,0.9211312391746793
43195,0.9989980536593929
43196,0.9945561787705156
43197,0.9924228206594298
43198,0.9959262269151286
43199,0.8792241862327668
43200,0.714363665222295
43201,0.9971510307214291
43202,0.9951816016216625
43203,0.9999765505325926
43204,0.9998573644322005
43205,0.9999650811110756
43206,0.9999033218701716
43207,0.999962112618551
43208,0.9587571463908291
43209,0.9999689158750543
43210,0.9999345622723014
43211,0.9986652257559787
43212,0.1026940853425653
43213,0.9997919400884877
43214,0.9997260574336585
43215,0.9999855119236392
43216,0.9999496977100679
43217,0.9993374368609806
43218,0.9999650625051535
43219,0.9996236153806525
43220,0.9983301386129299
43221,0.9995031079433092
43222,0.99918458334453
43223,0.6607735137677926
43224,0.9977026711426175
43225,0.9999291914826737
43226,0.5998024742948993
43227,0.9999878149855501
43228,0.999874886755017
43229,0.999619901633344
43230,0.983074216578643
43231,0.9999661425467404
43232,0.9999539746006123
43233,0.9999582589615019
43234,0.891338833622179
43235,0.999906364326331
43236,0.9998103017596309
43237,0.9998041846554718
43238,0.9994310859660499
43239,0.9998694326991409
43240,0.9999973518957355
43241,0.9996816002534837
43242,0.9993776034461648
43243,0.9976259838345543
43244,0.9998800585846198
43245,0.9781711383492266
43246,0.9998268136900539
43247,0.9328003570273513
43248,0.9995312782500635
43249,0.9999668066863486
43250,0.9994135506515148
43251,0.9997565685719046
43252,0.9866666901338745
43253,0.9881708242438711
43254,0.9941109285370664
43255,0.9993016311585969
43256,0.9997857271340725
43257,0.9999782743491303
43258,0.4357540160189786
43259,0.9999412793153695
43260,0.9263285446687675
43261,0.8059131902558997
43262,0.9999593933187108
43263,0.9999605357730831
43264,0.9998052158490256
43265,0.9860040116084753
43266,0.9985494948587308
43267,0.9997097203124662
43268,0.9989417950916596
43269,0.9956677396350052
43270,0.999987842788296
43271,0.9999203868763146
43272,0.9984977344897185
43273,0.9979345527192683
43274,0.9996797735759871
43275,0.992880741008277
43276,0.9999434678697853
43277,0.5041508180038177
43278,0.9824446665142852
43279,0.9992607306731258
43280,0.9999981157295664
43281,0.9999799284808025
43282,0.969433798122913
43283,0.9999097637514166
43284,0.9994773159937449
43285,0.9999911027262943
43286,0.9996293089328927
43287,0.9999850233229521
43288,0.9981482001030442
43289,0.9999661654215829
43290,0.9066493071945207
43291,0.9999695542725813
43292,0.584233201497062
43293,0.9999562142158674
43294,0.9999623495456091
43295,0.9997710369170407
43296,0.9999234514081347
43297,0.9998430969702979
43298,0.9996981073721998
43299,0.9999926323552678
43300,0.9999703191649939
43301,0.9998098672066544
43302,0.9999892677891286
43303,0.9997981873189963
43304,0.991073880679262
43305,0.9984228093488924
43306,0.9865812948627756
43307,0.9991909733091437
43308,0.9319560113762191
43309,0.8678404831265241
43310,0.7715317828193111
43311,0.5484650569134351
43312,0.9999328041733577
43313,0.9999538951340694
43314,0.99344685639318
43315,0.9942860257534785
43316,0.9977545425340626
43317,0.9859876846223143
43318,0.9992887018132252
43319,0.9994005635222935
43320,0.9962414943766079
43321,0.9874905016038136
43322,0.9816009183286113
43323,0.9977148957970473
43324,0.9998757890224284
43325,0.9999054453315955
43326,0.998651651529815
43327,0.9999874703878925
43328,0.9997531553340341
43329,0.9991727004970122
43330,0.9996406809498185
43331,0.9996125798273447
43332,0.9999669493850443
43333,0.9998216440708446
43334,0.9992237630264799
43335,0.9999736616205968
43336,0.998805883229937
43337,0.9865533675075566
43338,0.9973540939442952
43339,0.9999583866509101
43340,0.9809348817198601
43341,0.9990796056938788
43342,0.9986461234365125
43343,0.9253039645822463
43344,0.9996811584354445
43345,0.9881668238308139
43346,0.8273982312570708
43347,0.9992519619021674
43348,0.9994454770577843
43349,0.9999785940946949
43350,0.9991446673442985
43351,0.999991933069544
43352,0.974422735177668
43353,0.9999920042154072
43354,0.9996272815371045
43355,0.9952500788166144
43356,0.9972318638240297
43357,0.9972385333847135
43358,0.9998765460144554
43359,0.8316689096662243
43360,0.999835265523065
43361,0.9999891986270915
43362,0.9988140049202993
43363,0.9998426014666292
43364,0.9938938439878953
43365,0.9999911626711199
43366,0.08166750930627957
43367,0.9996184942263294
43368,0.9991772055671193
43369,0.998787856427879
43370,0.9984244211854605
43371,0.9980133710812444
43372,0.21495520417502004
43373,0.9999122551251168
43374,0.9991952628833903
43375,0.921987566889806
43376,0.9405397892531355
43377,0.9999474565554406
43378,0.9988922149548637
43379,0.9999863665730859
43380,0.719540152051804
43381,0.9986137043811927
43382,0.848530892604628
43383,0.9956803721683953
43384,0.9999855586928876
43385,0.6894828466898113
43386,0.9999822424357296
43387,0.9581243180819369
43388,0.4533303861724698
43389,0.9806099777844177
43390,0.9990823446664407
43391,0.9829279162233255
43392,0.12207985214214127
43393,0.9960938034457822
43394,0.9999860963611995
43395,0.8585120617752761
43396,0.99446900190206855
43397,0.9959993768808192
43398,0.9830247661567818
43399,0.9999473191924959
43400,0.9996865950598819
43401,0.999974421703013
43402,0.9999222349347728
43403,0.9994699725309243
43404,0.9999527824329838
43405,0.9988609444753958
43406,0.9913643767319799
43407,0.9989371932098866
43408,0.9995409540986959
43409,0.9999716270227763
43410,0.9994918311511953
43411,0.9999990569760893
43412,0.9971836484336446
43413,0.9455632064061504
43414,0.9976894530032501
43415,0.8855798167306814
43416,0.9998679626222022
43417,0.992008438596403
43418,0.9990519017862599
43419,0.9988355480968057
43420,0.9995276109457818
43421,0.998797270645268
43422,0.994342524327691
43423,0.9659378007779433
43424,0.999996396260691
43425,0.9996279458972601
43426,0.087645438235798
43427,0.9932323477053766
43428,0.9969946964403343
43429,0.9987724253386477
43430,0.9638443852129883
43431,0.9997078978711353
43432,0.9867791028944639
43433,0.9969999341877945
43434,0.9897254162110154
43435,0.9999842292049446
43436,0.9992866557828768
43437,0.9826217329848197
43438,0.9986240333870123
43439,0.9928057814594748
43440,0.9893735123872178
43441,0.9961201051905564
43442,0.9978389926564198
43443,0.9974813117198885
43444,0.9993551396519861
43445,0.9999102178309658
43446,0.9999869132920262
43447,0.9999959722641928
43448,0.9998871777936715
43449,0.9896630385529744
43450,0.9995433914512367
43451,0.9999734676772415
43452,0.998069189892401
43453,0.9987746769682565
43454,0.9913992590373361
43455,0.9998976191607519
43456,0.9952910424588541
43457,0.9988961791638081
43458,0.9872694390313561
43459,0.9998883701922407
43460,0.13300559049003122
43461,0.999932779323611
43462,0.9999814812492064
43463,0.8734884755493274
43464,0.9993640497576762
43465,0.9992620231048747
43466,0.9999969123106761
43467,0.9983775860060417
43468,0.9992387644499651
43469,0.9920631073569329
43470,0.9999578181556869
43471,0.9999275036788526
43472,0.9996439244990479
43473,0.9969930445776336
43474,0.9994863502901791
43475,0.9992697009771038
43476,0.9978888096636134
43477,0.8626301998847263
43478,0.6919701555207756
43479,0.9984123916150591
43480,0.9997752957887487
43481,0.7184334973487692
43482,0.9995429982898216
43483,0.9733127184504011
43484,0.9995174848601388
43485,0.8736606669566448
43486,0.9380662204322578
43487,0.9999706067677784
43488,0.9731668853269971
43489,0.9999905924204223
43490,0.9991517120977474
43491,0.9999929490840687
43492,0.9989001484414475
43493,0.7195310463104853
43494,0.9999917734937488
43495,0.9871933879814369
43496,0.9969876588634493
43497,0.9998798559689879
43498,0.9998077355901869
43499,0.9999100108906461
43500,0.9841226774109049
43501,0.9999677472512242
43502,0.9696497082409965
43503,0.9999917722527719
43504,0.999978640552993
43505,0.946492771975112
43506,0.7978550784293388
43507,0.9989030468525215
43508,0.9861289624321377
43509,0.9999292164753808
43510,0.999491847319131
43511,0.9465933914832659
43512,0.9906615196471665
43513,0.9971193696622923
43514,0.9999346293569751
43515,0.999473281370231
43516,0.9958327829591025
43517,0.9661053356806698
43518,0.9997235432805724
43519,0.9874892006125701
43520,0.9944504933167411
43521,0.9948823214827465
43522,0.9356164880823998
43523,0.9920145677562839
43524,0.999638734218021
43525,0.9999918639837558
43526,0.9998892754634033
43527,0.999544709896127
43528,0.9972815889450027
43529,0.9999857476057873
43530,0.9947180220305915
43531,0.9994151106285721
43532,0.9996987268340268
43533,0.987014819612603
43534,0.9285660619795665
43535,0.9908087530354867
43536,0.999980590365912
43537,0.9999796849201403
43538,0.9999780256976064
43539,0.9995392989273196
43540,0.9499476683481607
43541,0.9813228977498946
43542,0.9998485079115722
43543,0.9634699501368893
43544,0.9999004216819257
43545,0.9991753875459192
43546,0.9974203282618642
43547,0.9999238409164498
43548,0.9991855126183191
43549,0.9991604138003065
43550,0.9997033641114808
43551,0.12664315409963328
43552,0.9998742434600064
43553,0.997923348461701
43554,0.9992843315635486
43555,0.9994532070912542
43556,0.4765686580777648
43557,0.9981095335630807
43558,0.999829127653108
43559,0.9894652323106221
43560,0.9999114179921971
43561,0.9956988833275743
43562,0.9997266119210255
43563,0.999153527732059
43564,0.6738338934932735
43565,0.9019918005809072
43566,0.9995043412459678
43567,0.9993492705620551
43568,0.9999240847277373
43569,0.9999800742135014
43570,0.9915639750412503
43571,0.9999721145648163
43572,0.8940388462844895
43573,0.9998352710966417
43574,0.9999197414673395
43575,0.3271500573839894
43576,0.9976866482022395
43577,0.9945894766940372
43578,0.9997797899844596
43579,0.9999594703749306
43580,0.9996513790258128
43581,0.9998974453742371
43582,0.989463021789562
43583,0.9967791655768289
43584,0.9999877364477592
43585,0.9895549379419692
43586,0.9968662938167345
43587,0.9999892988011673
43588,0.9987068728511942
43589,0.9604518279479549
43590,0.992224099827285
43591,0.9999662502282994
43592,0.9999792123850466
43593,0.9999326489174869
43594,0.9995584469603199
43595,0.9241033756889879
43596,0.9997325213216461
43597,0.6312483484673637
43598,0.9992374881870962
43599,0.9897071967676112
43600,0.9994375590428801
43601,0.9993145644330661
43602,0.9991225278493329
43603,0.9922646262979262
43604,0.9896182057464201
43605,0.9989198999272266
43606,0.9996279970497709
43607,0.9969858476417418
43608,0.45012445036401777
43609,0.7502193218508033
43610,0.9999748633642941
43611,0.9439107338215024
43612,0.9869416285236555
43613,0.9989526016289405
43614,0.9986033173442823
43615,0.995204948337353
43616,0.9994251398271744
43617,0.9858333173289671
43618,0.9982331596970772
43619,0.9977066496773684
43620,0.9996652957624196
43621,0.9586294745924512
43622,0.9696924090949709
43623,0.9954523785258654
43624,0.9974997255916577
43625,0.9629445426317931
43626,0.9995595530524339
43627,0.9682351564094123
43628,0.9472445195076918
43629,0.9999341068094597
43630,0.9988464784688676
43631,0.9998157496181719
43632,0.9999912647485106
43633,0.9956520702989775
43634,0.9988533208400743
43635,0.9999709213344495
43636,0.9996419553081457
43637,0.9999473106425772
43638,0.999937320915292
43639,0.999547473873767
43640,0.9991754506735355
43641,0.9840190509493403
43642,0.999870309353782
43643,0.9662657210668455
43644,0.8302179770925805
43645,0.9999337746853378
43646,0.9996413373760213
43647,0.9998890323587324
43648,0.9999672209803434
43649,0.0047043333603976785
43650,0.9515008091007561
43651,0.9828709299754592
43652,0.9871744583218502
43653,0.41055244115476736
43654,0.999978742159903
43655,0.997505669052627
43656,0.9997687392500743
43657,0.9998867140456195
43658,0.8594061064391265
43659,0.9996378818153514
43660,0.9985511965383785
43661,0.99836600665533215
43662,0.9996981016263456
43663,0.9988151518114509
43664,0.9999592150495826
43665,0.9863442053967064
43666,0.999974797560742
43667,0.9998627072830741
43668,0.9999481008019632
43669,0.9981349248010436
43670,0.999713259016111
43671,0.9142969967782191
43672,0.9898421631222721
43673,0.9991451613316382
43674,0.9999518438226119
43675,0.9853010895768145
43676,0.3821955642961015
43677,0.9982036071853297
43678,0.9987011477791673
43679,0.9999693947445183
43680,0.9996620348674967
43681,0.9512714345607403
43682,0.995999746050174
43683,0.9990368863132923
43684,0.9999871360987972
43685,0.9050875017790492
43686,0.9996608050115204
43687,0.9998763888753707
43688,0.9999722090411927
43689,0.7464882800338011
43690,0.9995375906521311
43691,0.9998135997812577
43692,0.7682056674675376
43693,0.9993782694478319
43694,0.9997630732511131
43695,0.9987735621493508
43696,0.9993345095752324
43697,0.9993614635229733
43698,0.982442305884239
43699,0.9918496352887496
43700,0.9814805080274368
43701,0.9936378369496718
43702,0.9566861472225627
43703,0.999965222629012
43704,0.9590658949816311
43705,0.5386161881826766
43706,0.9964197796308919
43707,0.9919490982557932
43708,0.9959587368889928
43709,0.9997442656424715
43710,0.9994104181873336
43711,0.9963719566771748
43712,0.5235990044670629
43713,0.8939681496400662
43714,0.9961094886103626
43715,0.9986658930417344
43716,0.99344685639318
43717,0.9999255286410063
43718,0.9907620518499671
43719,0.9974795342960441
43720,0.9999831671445447
43721,0.9156823910777813
43722,0.5211133134805633
43723,0.9798529264713657
43724,0.9990131025103998
43725,0.9997534982805562
43726,0.9999229723055992
43727,0.9992623452450853
43728,0.9987906869557217
43729,0.9999829673774502
43730,0.9074378972310372
43731,0.9742396610845263
43732,0.9998712728761326
43733,0.9999277975847586
43734,0.9795454257447535
43735,0.9999444631401712
43736,0.9488693564612948
43737,0.9993050907794712
43738,0.9991003564184401
43739,0.561439270363089
43740,0.9990649423045223
43741,0.999437901709656
43742,0.9999654651087058
43743,0.9787408401060015
43744,0.9988233018521071
43745,0.965303816470534
43746,0.9976896692041696
43747,0.999966930327251
43748,0.9995757655249335
43749,0.9999935655990501
43750,0.9954683812828508
43751,0.6547937958822757
43752,0.998756696529329
43753,0.9677749517681018
43754,0.9999751613563311
43755,0.9996704684956926
43756,0.9995833664183346
43757,0.9930478509766619
43758,0.9930731449029216
43759,0.997338384978711
43760,0.9995316262056749
43761,0.9999915441965395
43762,0.9114489217577195
43763,0.7948457177588182
43764,0.7259614111630138
43765,0.9994235712637485
43766,0.9999449518212684
43767,0.9932457574180141
43768,0.9980159042611824
43769,0.999661962949038
43770,0.9997905231819295
43771,0.9999972505477224
43772,0.9998869983430881
43773,0.9999777557844192
43774,0.9995122553956812
43775,0.9899754831887776
43776,0.9906374363738453
43777,0.9999421850404357
43778,0.9993360917165811
43779,0.9993447564415564
43780,0.9999796376106221
43781,0.970165785942705
43782,0.9998878684432011
43783,0.9062838237301409
43784,0.9948861047924996
43785,0.9553593085294624
43786,0.7596464404719973
43787,0.999959534548614
43788,0.998649947387298
43789,0.7460135813313566
43790,0.9999219491550233
43791,0.9963466680181745
43792,0.4445831705217716
43793,0.9999826621800205
43794,0.9098943575440235
43795,0.9983241406093214
43796,0.9999705115103601
43797,0.9326194518005341
43798,0.9995568763752156
43799,0.9991004516824797
43800,0.9621660311606269
43801,0.9997275320627408
43802,0.9726672579090517
43803,0.9996206124213567
43804,0.9973379925530376
43805,0.9998159125864543
43806,0.999351639987276
43807,0.9998031625305203
43808,0.9911563717535028
43809,0.9996426529875877
43810,0.9998377499072352
43811,0.9679572683300111
43812,0.959424614171727
43813,0.9811084772665393
43814,0.989023268081816
43815,0.9997754900975382
43816,0.9999823593971209
43817,0.9948575020820982
43818,0.9999532435536989
43819,0.9995863784302833
43820,0.9710945292601562
43821,0.9998778206529245
43822,0.9999478310577333
43823,0.9998011687939095
43824,0.9955527682446185
43825,0.9997619770161776
43826,0.99783179304695
43827,0.9870631667469375
43828,0.999565189328353
43829,0.9851659135466729
43830,0.9962013196264048
43831,0.9994176278784459
43832,0.8474128534426372
43833,0.9730737080169978
43834,0.9968166453247608
43835,0.5885576949096861
43836,0.9999539936150964
43837,0.998053879757741
43838,0.9998986878139786
43839,0.9996406809498185
43840,0.9991656344322394
43841,0.9999360315468352
43842,0.9999481762789867
43843,0.9999196474464105
43844,0.9630332190287257
43845,0.9825123602505791
43846,0.9962502188009456
43847,0.17665693945529481
43848,0.9993115396756966
43849,0.9995766676223705
43850,0.9999215943233377
43851,0.976913307582089
43852,0.997679544989666
43853,0.9992217716618065
43854,0.9999988806892743
43855,0.9955912182309038
43856,0.9999430254081974
43857,0.9989830935352222
43858,0.9998948167612077
43859,0.9554516815612667
43860,0.9930110162300417
43861,0.9995140481800836
43862,0.9969616581534306
43863,0.9349850490019486
43864,0.9998576351334202
43865,0.8497811959755655
43866,0.8582883964305313
43867,0.9253268172674852
43868,0.9963687166855579
43869,0.9082217108221737
43870,0.9999221602015798
43871,0.9999840161514211
43872,0.9999912992542453
43873,0.9918038491364151
43874,0.9998591691170367
43875,0.9999668299293288
43876,0.9692706066756683
43877,0.9997407515725866
43878,0.9995555290678824
43879,0.9999865318561619
43880,0.9999858482139387
43881,0.9999873531978845
43882,0.9984783204702221
43883,0.9920709457515654
43884,0.3837313778177463
43885,0.9977462000410362
43886,0.9999924407023346
43887,0.9993979363350072
43888,0.9956285514971167
43889,0.9999858261111013
43890,0.9997838763178212
43891,0.9998627493422755
43892,0.9996432023301969
43893,0.9999821623654915
43894,0.9987931932662365
43895,0.9999821129032048
43896,0.9994024277482483
43897,0.9995562668550977
43898,0.9992080027290355
43899,0.9430707325585408
43900,0.9682013108046745
43901,0.9998712782037709
43902,0.9993648069073181
43903,0.9389334702884828
43904,0.999669048203613
43905,0.9990795676981974
43906,0.9987481904402641
43907,0.9996160254833107
43908,0.9999198878039748
43909,0.9999754854705907
43910,0.9971166551317175
43911,0.997450446679539
43912,0.9993050907794712
43913,0.9928047912262067
43914,0.9996916041799938
43915,0.9999737791084092
43916,0.999191971980612
43917,0.9990794251991664
43918,0.1443164285730775
43919,0.9999496222543578
43920,0.9998697167181777
43921,0.9997874158686373
43922,0.9942794929075289
43923,0.999938712577831
43924,0.999975721570154
43925,0.7699430509812951
43926,0.9998801578517371
43927,0.9970180163702521
43928,0.90669548100233055
43929,0.9997421018916808
43930,0.9999925668346299
43931,0.9914592774072999
43932,0.1042227999927299
43933,0.9999138159613865
43934,0.011358283091741082
43935,0.9993857402519499
43936,0.8916079993229662
43937,0.9996353011010218
43938,0.8816140503543821
43939,0.9999909874716166
43940,0.9999728719773147
43941,0.9995007658059708
43942,0.9997423580888638
43943,0.9961802566599667
43944,0.88108118144992
43945,0.9584023335234365
43946,0.9999894251420252
43947,0.7671405048399279
43948,0.9800572850402757
43949,0.9999875908215338
43950,0.9964772236087512
43951,0.9993145644330661
43952,0.9999467731564275
43953,0.9991195207558748
43954,0.999750234200105
43955,0.9755567104126402
43956,0.9975688352985429
43957,0.9733899123425612
43958,0.6263644384768234
43959,0.9999365477198766
43960,0.999904800944847
43961,0.9999648571823901
43962,0.9995197960264127
43963,0.7193616313437446
43964,0.9986924496561629
43965,0.9731622104338676
43966,0.19638868951236602
43967,0.9977651598068258
43968,0.4598645033954332
43969,0.9999957289978614
43970,0.9999946704854307
43971,0.9973515303104149
43972,0.9743075415122457
43973,0.799665438202184
43974,0.9995794023165493
43975,0.9563465193905112
43976,0.9997708739120587
43977,0.9985096710854617
43978,0.995229879508885
43979,0.6366620628451829
43980,0.9995237440425035
43981,0.9953760596440228
43982,0.9903221424832341
43983,0.9999715233003817
43984,0.6391487165770452
43985,0.9999577140257827
43986,0.9844920344261934
43987,0.9995908668643959
43988,0.2901686106747508
43989,0.8227183019186914
43990,0.9995872820091456
43991,0.9999707775977332
43992,0.9999150756319598
43993,0.9998198281848546
43994,0.9988030234791879
43995,0.9999928916960569
43996,0.9957418173560819
43997,0.9880834888058229
43998,0.9998268099996643
43999,0.9731673007296108
44000,0.9999777339026188
44001,0.9998105959368218
44002,0.9999688569937772
44003,0.9991112050894521
44004,0.999998972588566
44005,0.9857383144253409
44006,0.16517222942866694
44007,0.048120678711954946
44008,0.9402110592386317
44009,0.9501389103309489
44010,0.9845262166745454
44011,0.8897280660551382
44012,0.9999133994457879
44013,0.8915771263534227
44014,0.9999619893939677
44015,0.9744948565871459
44016,0.9996434377548106
44017,0.3981427939774291
44018,0.9935451001116344
44019,0.931257177081108
44020,0.9996079784852799
44021,0.9999579167706335
44022,0.9999782602509765
44023,0.9942284619406033
44024,0.9897658689482228
44025,0.996014324994958
44026,0.9983623484489252
44027,0.9998740643374726
44028,0.9991755636482916
44029,0.9997022611514449
44030,0.9999628736537729
44031,0.9998656454823348
44032,0.9952065303281854
44033,0.9772702249827951
44034,0.9999689158750543
44035,0.999270472138204
44036,0.9998570420636975
44037,0.9998544564792072
44038,0.9975780698562189
44039,0.9774627219763335
44040,0.99670564766559
44041,0.9152835297546644
44042,0.9958599694162449
44043,0.9999790764238046
44044,0.9999838717423108
44045,0.9884365235683098
44046,0.8109428142265382
44047,0.9991493338606027
44048,0.9967545449145553
44049,0.9868351014355317
44050,0.9623081275720942
44051,0.9998196688591003
44052,0.9913076630701595
44053,0.980974061751565
44054,0.9995776756900917
44055,0.7269763033467006
44056,0.9888241928102274
44057,0.9293395387346519
44058,0.9999821364881178
44059,0.9986030721693039
44060,0.9787014677128898
44061,0.9999846326518147
44062,0.9999733123143263
44063,0.999051514478777
44064,0.9962294446832133
44065,0.998778551849462
44066,0.9982414559172316
44067,0.9997806674836778
44068,0.9696105602122665
44069,0.9999242841157319
44070,0.9983250794942297
44071,0.9992948286598013
44072,0.9960876367825202
44073,0.9851816590699711
44074,0.9998697892092282
44075,0.9987594245114519
44076,0.9997931502736402
44077,0.9906996104886727
44078,0.9999991191881163
44079,0.9995520439637076
44080,0.9990987131853356
44081,0.9717111559450405
44082,0.9996147418954053
44083,0.9991849129271354
44084,0.9991945151230173
44085,0.676033623530432
44086,0.9910643189750704
44087,0.999791605646582
44088,0.9999696772246713
44089,0.9989638100573918
44090,0.9990952272725301
44091,0.9999116545124666
44092,0.9997628541094989
44093,0.9984232490132366
44094,0.9998034441102406
44095,0.999990106224431
44096,0.14789179046098713
44097,0.999912971681194
44098,0.9999834231097363
44099,0.9868288649706474
44100,0.9828065961507224
44101,0.9994108343157607
44102,0.9992757318927077
44103,0.9989508509533448
44104,0.9937678312205723
44105,0.9968244614963699
44106,0.9382941895919462
44107,0.9993810979080389
44108,0.9998276403376268
44109,0.8533105821757226
44110,0.999816891820669
44111,0.9976261630311879
44112,0.9999617410320019
44113,0.9999604131712315
44114,0.9997226435991687
44115,0.9989673345301601
44116,0.9955293337261892
44117,0.9973610919329013
44118,0.9987743343320012
44119,0.9996187594351671
44120,0.9273731970119132
44121,0.9934357548128362
44122,0.9963576757152841
44123,0.999898778076657
44124,0.717565275656406
44125,0.05510894376805766
44126,0.9333424255670972
44127,0.9946589947005905
44128,0.9996075062763191
44129,0.9999566558995199
44130,0.9998587314219546
44131,0.5795406644273027
44132,0.9985932995377248
44133,0.9999757683607416
44134,0.9998743927676712
44135,0.9995870061211746
44136,0.995212906015077
44137,0.9999895577929067
44138,0.993069178367383
44139,0.935138665268193
44140,0.9981438501318569
44141,0.9903098717838387
44142,0.9869221820219601
44143,0.9999779852431645
44144,0.9999273614425782
44145,0.9999449179301428
44146,0.9996934312095206
44147,0.9769337117345939
44148,0.999232043129849
44149,0.9999984484617103
44150,0.9998517183465278
44151,0.992907124089919
44152,0.99984439095211
44153,0.9996899233512684
44154,0.9989103141191487
44155,0.9961617228093989
44156,0.9996870149627667
44157,0.9980818295445248
44158,0.9999754636377312
44159,0.9999391017564778
44160,0.999965418743688
44161,0.9796250884123272
44162,0.9978640396578172
44163,0.816154940855227
44164,0.9924724348144778
44165,0.9975362687556915
44166,0.8773592935120222
44167,0.9834943427633922
44168,0.9998189520528733
44169,0.9991774972163888
44170,0.939431474714363
44171,0.7098134089724486
44172,0.9032974935450827
44173,0.9999555496283455
44174,0.9994832733614308
44175,0.9960058200341592
44176,0.9990876216252977
44177,0.9776361864249473
44178,0.26032205607386816
44179,0.9999774964742204
44180,0.9938716622850706
44181,0.9995488142256772
44182,0.9995048618819925
44183,0.9986751853114654
44184,0.9993361638356533
44185,0.943715431491139
44186,0.9736482346394002
44187,0.9994624652705132
44188,0.9995117687397617
44189,0.999803400452718
44190,0.9999982705764695
44191,0.9999790412540116
44192,0.9979148694315894
44193,0.9995652655646265
44194,0.49550009708700976
44195,0.99681010511999
44196,0.9994704829314964
44197,0.8514238228680775
44198,0.9994100767277625
44199,0.9986754034197283
44200,0.9787326075217162
44201,0.8916644542427079
44202,0.9103601846656381
44203,0.9340969448745424
44204,0.6469181957040653
44205,0.9775942814005836
44206,0.9994692922119688
44207,0.9854203963952006
44208,0.9988628367632013
44209,0.9876816245434201
44210,0.9958417022540558
44211,0.999596021670768
44212,0.999948688397503
44213,0.9987405803732716
44214,0.9998353641517844
44215,0.6213940986918008
44216,0.9945873902333381
44217,0.9994907952523091
44218,0.9773254707625876
44219,0.9995578939767035
44220,0.9912195590549965
44221,0.9938384707756911
44222,0.9978766908187803
44223,0.9976473732118912
44224,0.998723355960334
44225,0.9993715637653856
44226,0.9998054788649539
44227,0.9970706567426812
44228,0.9992817591612092
44229,0.9999762613883448
44230,0.7377718950457642
44231,0.9998912386539401
44232,0.2290522174852687
44233,0.9998734528848224
44234,0.9995028158525692
44235,0.356141446114621
44236,0.4695948376510003
44237,0.9998069112886584
44238,0.9839826370238085
44239,0.9995120435169614
44240,0.9869592811520259
44241,0.9654601049312524
44242,0.9382524833397693
44243,0.7187866477090489
44244,0.9890806365435292
44245,0.9986335270328123
44246,0.9999930626598067
44247,0.2339795853214172
44248,0.9859266315188844
44249,0.6838802105520678
44250,0.6471840705415239
44251,0.9993181921571297
44252,0.9993666673686112
44253,0.9999657446169268
44254,0.982934847855075
44255,0.9617704620980608
44256,0.16182743669148847
44257,0.9932754177150193
44258,0.9946515449097614
44259,0.999988662884444
44260,0.9999800463505881
44261,0.8328791958738954
44262,0.999959251780664
44263,0.9999665137077647
44264,0.9898944343282939
44265,0.32525802260352155
44266,0.999481773293568
44267,0.9987721344129868
44268,0.9983183352896368
44269,0.998674523111242
44270,0.9991701652519637
44271,0.9890806365435292
44272,0.9793936008996288
44273,0.9996908398031592
44274,0.9944205211748464
44275,0.5047968886486078
44276,0.9941913751834098
44277,0.8634332214739501
44278,0.9995991650422981
44279,0.9994658031806616
44280,0.9998764987228079
44281,0.9999373011863018
44282,0.9690632282371129
44283,0.9852015399377245
44284,0.9999240558768951
44285,0.9998255178895256
44286,0.9985227696939859
44287,0.9962282275432547
44288,0.9971284550318049
44289,0.9999226868321636
44290,0.9999398580441937
44291,0.9982455831205059
44292,0.9999336066986045
44293,0.9994441392486397
44294,0.9376443308453701
44295,0.996527719377212
44296,0.9999784518100838
44297,0.9439099140429936
44298,0.9988587351960055
44299,0.9781020204900877
44300,0.9861396420619855
44301,0.9999832597139509
44302,0.5377412585501539
44303,0.9996495280767281
44304,0.9974562143662176
44305,0.990647095267974
44306,0.9516356041976913
44307,0.9974321655765878
44308,0.9317375548240043
44309,0.9999716146351277
44310,0.9921534755871293
44311,0.9995571011479465
44312,0.9566162329343809
44313,0.7096479616541009
44314,0.9999841841275602
44315,0.9998656304911051
44316,0.9995302238405027
44317,0.9995549792575256
44318,0.9830897264604598
44319,0.999364578074893
44320,0.999976942184233
44321,0.9999643235341528
44322,0.9979876219533301
44323,0.9999951239580482
44324,0.9993950593802527
44325,0.9910994600113977
44326,0.975178885346892
44327,0.9993999100420012
44328,0.9999877217377501
44329,0.9999695087062581
44330,0.980974470904613
44331,0.9986148536838613
44332,0.9964818586365166
44333,0.5296290748148546
44334,0.998925124023188
44335,0.9997528820214028
44336,0.9996291716733435
44337,0.999906732091804
44338,0.9999425767542891
44339,0.9996094195415937
44340,0.9999054029055647
44341,0.960078388722035
44342,0.9973949848951082
44343,0.9983279293294428
44344,0.9999050828534707
44345,0.999840250715137
44346,0.9947273155244714
44347,0.9964530010871886
44348,0.9998901559949123
44349,0.9912230887502305
44350,0.997559412070594
44351,0.9949461180377743
44352,0.9986820999901568
44353,0.999130462482907
44354,0.9940110820293665
44355,0.9403025369718888
44356,0.9993619388916205
44357,0.995787138545204
44358,0.9912702236166213
44359,0.9997797242020801
44360,0.9999705543954259
44361,0.9999450466231478
44362,0.9997535306787269
44363,0.9999196958173767
44364,0.9994918311511953
44365,0.9974219405977639
44366,0.9867639913892311
44367,0.998003900877822
44368,0.9985776889567858
44369,0.9984462516325191
44370,0.9899700149827294
44371,0.9996683288140361
44372,0.9546429578499903
44373,0.9999131370927916
44374,0.9913278201298708
44375,0.9844164148570785
44376,0.7052876083138157
44377,0.9899375024673772
44378,0.9957837055367738
44379,0.9999851191985144
44380,0.9988905523122736
44381,0.9990452784703647
44382,0.9997699514997818
44383,0.9993363302941611
44384,0.8692864024847329
44385,0.9990693000478592
44386,0.9995225295476989
44387,0.9998671000898256
44388,0.9955212718699911
44389,0.9891644064685957
44390,0.93837140797086
44391,0.9973136556267522
44392,0.9996494575984118
44393,0.9999353444209863
44394,0.013231717409016972
44395,0.9999783932198713
44396,0.99905042512869
44397,0.9929251678909637
44398,0.5508788642794822
44399,0.9989483916216824
44400,0.9999562481678296
44401,0.9303374735764404
44402,0.9999418623747014
44403,0.9997928227179608
44404,0.9956943685759702
44405,0.9946578319335789
44406,0.4507391322195814
44407,0.9937472670590507
44408,0.9996259871583124
44409,0.9861947416908295
44410,0.9999868778033174
44411,0.9999734566720434
44412,0.9494190670570588
44413,0.824488682135274
44414,0.9021318732331808
44415,0.9999325810855176
44416,0.9976856366920294
44417,0.9998003953435508
44418,0.999978128102562
44419,0.9979192413281092
44420,0.9999524200417197
44421,0.993462358633413
44422,0.9999790333836261
44423,0.9999549285672671
44424,0.8713224411079935
44425,0.9983525651020144
44426,0.9992060581207978
44427,0.9991863297457464
44428,0.9733064177336108
44429,0.8626858364435188
44430,0.9992398295363912
44431,0.9997598950723878
44432,0.9996335894025031
44433,0.9996150953097586
44434,0.999490037557081
44435,0.9988684537832666
44436,0.999537067256615
44437,0.9999468301414103
44438,0.9995707151870266
44439,0.951194988334432
44440,0.9999868915750483
44441,0.9987026600636382
44442,0.9999478222669482
44443,0.9999821403364182
44444,0.9945731284718549
44445,0.8992452858903892
44446,0.9983606415927659
44447,0.9999724507488991
44448,0.9999342103383931
44449,0.9991499171216748
44450,0.9999579951530868
44451,0.9999599370495167
44452,0.9989821451772143
44453,0.9774560911276533
44454,0.9995882512914455
44455,0.9989008439533791
44456,0.9991436574930659
44457,0.9116928242026118
44458,0.9187079283639119
44459,0.9984542677989038
44460,0.9997433888774729
44461,0.9921906631064429
44462,0.9999918354191337
44463,0.9993619922885383
44464,0.9994579984367716
44465,0.9991809325984049
44466,0.22925351717660317
44467,0.9695629055380338
44468,0.9962924762630151
44469,0.9696428550958115
44470,0.9998684855746536
44471,0.8461012830401817
44472,0.9998746212934976
44473,0.999983241358369
44474,0.9878510207239035
44475,0.9996725752412253
44476,0.999335598042546
44477,0.9996357978740259
44478,0.9992885496185355
44479,0.9997396809379568
44480,0.9992891015829324
44481,0.9992478048255584
44482,0.999974202373608
44483,0.9999001902827714
44484,0.9997361926310027
44485,0.9999992461289545
44486,0.4237359159160117
44487,0.9999571965944777
44488,0.9999567560313175
44489,0.9945326433956403
44490,0.9990102628707317
44491,0.6018345281990287
44492,0.9451384358590034
44493,0.9998810689671693
44494,0.9996890358879097
44495,0.9994607244324708
44496,0.9995193783579858
44497,0.9992596841110813
44498,0.9975772260924171
44499,0.9999570406305326
44500,0.9963824758604551
44501,0.9883949576818278
44502,0.9999666688559513
44503,0.9968021945429453
44504,0.9999618286600026
44505,0.9997451975018269
44506,0.9958968371894916
44507,0.9657718554457702
44508,0.9999517964848136
44509,0.9997124794985991
44510,0.9996025105448352
44511,0.9999689938331001
44512,0.9782039800892928
44513,0.9958712642249308
44514,0.9791882954569732
44515,0.9833069908174842
44516,0.9999371949270247
44517,0.951222391322087
44518,0.9998803361173564
44519,0.9992404347846815
44520,0.9993947841540479
44521,0.9995149997046479
44522,0.9975776776899076
44523,0.9188000727571356
44524,0.998925402942523
44525,0.9986610726289833
44526,0.9999724427773778
44527,0.9998433437944095
44528,0.998509912321454
44529,0.9999404979292729
44530,0.9943717516139425
44531,0.9888021207381514
44532,0.9997369440450533
44533,0.9965395726591575
44534,0.9740367366949797
44535,0.9995561469846207
44536,0.5569014512821496
44537,0.8537597235201599
44538,0.9980273357855285
44539,0.9994155807778188
44540,0.9994765669772023
44541,0.9984914488736016
44542,0.9940794003353084
44543,0.998409471438893
44544,0.9997547859995318
44545,0.9997221222950459
44546,0.5053930077977723
44547,0.999926429646488
44548,0.5402679951951006
44549,0.04917439673117512
44550,0.9995461150084468
44551,0.9998835952359927
44552,0.9999788563440725
44553,0.13782306056796476
44554,0.999996652610467
44555,0.9994326883004364
44556,0.9758246519182561
44557,0.9997310153854041
44558,0.9988242408081734
44559,0.99975421553989
44560,0.9963079925591916
44561,0.9984812958511566
44562,0.2530603246815638
44563,0.9988206894710505
44564,0.9997105648980003
44565,0.9263551951822464
44566,0.9991214917988072
44567,0.9961995212777484
44568,0.9995784321965694
44569,0.9999926114621944
44570,0.9995160810792191
44571,0.8532296438185162
44572,0.9996822170188437
44573,0.9996079976404094
44574,0.32193794129461556
44575,0.9975878500589965
44576,0.9997311759042032
44577,0.9993328265316342
44578,0.9997153202202829
44579,0.8571526069036322
44580,0.9999346720685669
44581,0.9998444082172058
44582,0.9652163604247022
44583,0.9994498706086454
44584,0.9999993059492088
44585,0.9994486819487658
44586,0.9876935351346137
44587,0.9990714370321949
44588,0.9999773763994293
44589,0.9979274116673021
44590,0.9990675918563814
44591,0.9388442228755176
44592,0.999782662140186
44593,0.9999459772324455
44594,0.9875400470425578
44595,0.24201502290689117
44596,0.9958391077944743
44597,0.9932378983963861
44598,0.9965553661998398
44599,0.9577623853881497
44600,0.993123700291754
44601,0.999972062086614
44602,0.9997157146961789
44603,0.9935582059908895
44604,0.9973896307000374
44605,0.9999933568039205
44606,0.9999692597891682
44607,0.995357937229239
44608,0.9988780107427405
44609,0.8801285638795471
44610,0.977047445677507
44611,0.9997420993702406
44612,0.9992310267285041
44613,0.9180297231473538
44614,0.9998936596477567
44615,0.8496818353750104
44616,0.9992087863553941
44617,0.9991193639140342
44618,0.9952468757793581
44619,0.9999777149680581
44620,0.775427497730638
44621,0.9998410103382637
44622,0.9963293240948965
44623,0.8102775113897633
44624,0.9937332113982867
44625,0.9722568013603389
44626,0.7251530626283043
44627,0.7772496208010233
44628,0.99997865866244
44629,0.9898145171532328
44630,0.9527095975118136
44631,0.996269472339793
44632,0.9905841205767285
44633,0.9999772019580364
44634,0.9999558296229427
44635,0.9786467896744169
44636,0.9999830240747317
44637,0.9996251394248954
44638,0.9740352920141953
44639,0.9707201364847047
44640,0.9865502902296049
44641,0.9999173494717946
44642,0.9985318715061352
44643,0.9995043412459678
44644,0.9999551994777316
44645,0.9995146428887366
44646,0.9984682507421822
44647,0.9986658863998129
44648,0.9998216137832435
44649,0.9941000907414634
44650,0.9864073867724401
44651,0.9988331583574998
44652,0.9980334679153982
44653,0.9987554597267583
44654,0.8121605783625454
44655,0.9999713594015622
44656,0.999182651503743
44657,0.9731933542814764
44658,0.9993685763655272
44659,0.9994769788522179
44660,0.9956738061538857
44661,0.9940649774244392
44662,0.9471470441066181
44663,0.9970181050017115
44664,0.87707551603112055
44665,0.9996218451366521
44666,0.9955431010346633
44667,0.9999464780157198
44668,0.9452055830192619
44669,0.9994525761139265
44670,0.9678824398537292
44671,0.9999941166283438
44672,0.9976177456063515
44673,0.961480716973723
44674,0.993301312136899
44675,0.9999881044055565
44676,0.8007186327139381
44677,0.990215949738397
44678,0.9110683889772823
44679,0.9693061408345477
44680,0.6932706907291801
44681,0.9999264081663284
44682,0.9999667384237124
44683,0.7572991401956318
44684,0.999982814099407
44685,0.99707784693128
44686,0.9999103464503851
44687,0.9999762130827071
44688,0.9999345628690341
44689,0.9951305961127624
44690,0.9993183643826351
44691,0.9997748632354287
44692,0.9996307396839222
44693,0.9994309134852649
44694,0.9885901697894764
44695,0.8761460216526296
44696,0.999167139563081
44697,0.9995544441971236
44698,0.9117807960975208
44699,0.9974180893769097
44700,0.9979155766422211
44701,0.9999801950780943
44702,0.9999744560860496
44703,0.9918574903390688
44704,0.999993571024323
44705,0.9999455544655428
44706,0.17937023799847399
44707,0.6214923010530615
44708,0.37470890351051905
44709,0.995536165251361
44710,0.9999647133626682
44711,0.9993744386999193
44712,0.997916984414524
44713,0.9965332529280345
44714,0.9999261687918343
44715,0.9811369318954547
44716,0.9983277793714432
44717,0.9995450151415248
44718,0.9998671817590581
44719,0.9956503095511248
44720,0.9962862544593899
44721,0.9846819760045179
44722,0.9937740598479508
44723,0.9372876347628434
44724,0.9996766822163343
44725,0.9999503149906277
44726,0.8794518485622637
44727,0.9993657940798403
44728,0.9999798242240601
44729,0.9999896925030255
44730,0.9998827270538222
44731,0.9999723093523055
44732,0.9997456804390863
44733,0.9999718560723523
44734,0.9758430673427273
44735,0.38923236673336375
44736,0.9999753439222134
44737,0.9994792313599102
44738,0.9994046403382457
44739,0.9999379468010265
44740,0.9858433633241518
44741,0.9998618613630723
44742,0.9999797340367892
44743,0.9988806603216663
44744,0.9988411620751628
44745,0.841171368457877
44746,0.9969467773856061
44747,0.8564428427592411
44748,0.9954704128608586
44749,0.9500612474196658
44750,0.990947421776595
44751,0.9635081580776585
44752,0.850034668751894
44753,0.9999836008861772
44754,0.9999585734817722
44755,0.927256974117852
44756,0.9998224244781252
44757,0.9611217942332148
44758,0.9995117959882572
44759,0.9999941376493203
44760,0.6795577404462976
44761,0.9995619201267874
44762,0.4165402375582676
44763,0.9993374845599405
44764,0.9984433206668417
44765,0.9993933686464925
44766,0.9662503072616306
44767,0.9999172691963855
44768,0.9960445042823182
44769,0.999101468052897
44770,0.9659803862506555
44771,0.8987748959145632
44772,0.9947750085794478
44773,0.9999083104352616
44774,0.999635110011357
44775,0.9999727945330577
44776,0.9997077545082687
44777,0.9995191820477362
44778,0.9993548229178228
44779,0.9857882552821587
44780,0.9967929435254235
44781,0.9999350154738217
44782,0.9911450801377142
44783,0.9990118606254721
44784,0.9854391615480819
44785,0.9999207235332047
44786,0.9978557566311286
44787,0.9993947184878992
44788,0.9996744846087008
44789,0.938637213236404
44790,0.9997874189449175
44791,0.6823934075005441
44792,0.9761932505323124
44793,0.9994550906926226
44794,0.9430132243142784
44795,0.9422114993848029
44796,0.9705072623431387
44797,0.9943118108007226
44798,0.9998148268929544
44799,0.9999984247647492
44800,0.99997433876036
44801,0.9999074945107567
44802,0.9993825592522723
44803,0.9682990891968605
44804,0.9999694930689527
44805,0.9994821851853772
44806,0.9999510771018888
44807,0.99958862153389
44808,0.433586019266638
44809,0.9977505906290073
44810,0.9993360291785717
44811,0.9999293366753259
44812,0.9784500708527368
44813,0.9994685326915582
44814,0.9994367244379868
44815,0.9999474205209795
44816,0.9999404145047764
44817,0.9991894029706226
44818,0.9965383517639229
44819,0.9999766738894709
44820,0.7894144879719845
44821,0.998471225017828
44822,0.9630910378552783
44823,0.985583527843432
44824,0.9978803307661807
44825,0.9373384947869707
44826,0.9999767323750315
44827,0.7631067092676682
44828,0.9999845971738903
44829,0.4967653151251008
44830,0.8460144208373805
44831,0.987974728067298
44832,0.9971324347125318
44833,0.9999657790377253
44834,0.9997548761520948
44835,0.9999285089057676
44836,0.98892695105332
44837,0.999239966591538
44838,0.9998311817301113
44839,0.9941500990135723
44840,0.9996751102906166
44841,0.9992399656062876
44842,0.9996948639645075
44843,0.9451251755939731
44844,0.9988128287444903
44845,0.9956667376435356
44846,0.9999726285516652
44847,0.9999863910465635
44848,0.999983036183807
44849,0.9877290400987075
44850,0.9848810528128967
44851,0.9999458310543264
44852,0.9539398849489551
44853,0.9958454520197929
44854,0.9770435659460281
44855,0.9788186360682501
44856,0.9975193098453701
44857,0.9970283520410581
44858,0.9212972988561361
44859,0.9996786278800406
44860,0.9830594141628702
44861,0.9978309791912082
44862,0.9988177784462459
44863,0.9643015050339226
44864,0.9988018581369446
44865,0.26829495506685386
44866,0.9980393533461042
44867,0.9995877853027537
44868,0.9999608538027207
44869,0.9999746090810914
44870,0.9986144105266648
44871,0.9999892540336385
44872,0.9992623027451841
44873,0.9966713162285162
44874,0.9975070051804297
44875,0.7594003907742574
44876,0.9983820668293915
44877,0.9983600899178761
44878,0.9991050333477345
44879,0.999483011044876
44880,0.9919529417075207
44881,0.9969913712734289
44882,0.999915599605598
44883,0.9999733703862588
44884,0.9997414694774243
44885,0.9999676541970878
44886,0.9996043853728263
44887,0.9996984861584307
44888,0.7625804094820265
44889,0.999553465779079
44890,0.9988900390249719
44891,0.43012208006227304
44892,0.9967538551440867
44893,0.9221656501030998
44894,0.9993860239805002
44895,0.9980233372436329
44896,0.997483274141373
44897,0.9996320210780888
44898,0.9999612064899147
44899,0.9973749671289036
44900,0.999964194711253
44901,0.9983682858168186
44902,0.9548500898541592
44903,0.9980599209989085
44904,0.9999733706138915
44905,0.9988812910836012
44906,0.9994512518361007
44907,0.97060426412414
44908,0.8892826142132041
44909,0.9960681620204853
44910,0.9995537922434033
44911,0.7996396659770163
44912,0.9999747817492777
44913,0.9997438343913887
44914,0.9997663262373518
44915,0.9933939072720817
44916,0.9810082220470981
44917,0.9996749018085188
44918,0.9993613486904368
44919,0.9989066376296467
44920,0.7339751944281322
44921,0.9965184241947026
44922,0.9997749490627126
44923,0.9999644035027784
44924,0.9996692588762132
44925,0.9392180568979795
44926,0.35217813223628003
44927,0.44508289584310456
44928,0.9085722328196765
44929,0.9999840041926035
44930,0.9997404521986685
44931,0.9972041537959705
44932,0.9847513004763359
44933,0.9998465777858674
44934,0.9919595113755908
44935,0.9951708117102701
44936,0.9988009409446338
44937,0.9994460562568445
44938,0.9999262319971586
44939,0.9999683079617906
44940,0.9533478975901579
44941,0.9958497764842549
44942,0.9982569995159682
44943,0.9740674849009068
44944,0.9990202763570456
44945,0.9077672583723653
44946,0.9999611527202524
44947,0.9982180792165971
44948,0.9984387974575634
44949,0.9999233169298705
44950,0.9990765126660193
44951,0.999440238241889
44952,0.778739986066073
44953,0.9999866995491435
44954,0.9984449191622143
44955,0.9997010483314652
44956,0.9996559808848646
44957,0.999638214653521
44958,0.9999630830485227
44959,0.999725181384584
44960,0.4167668742925307
44961,0.9994345471917438
44962,0.9954307052165662
44963,0.023444742441675
44964,0.9975318411894588
44965,0.9992921630863446
44966,0.9988741073768814
44967,0.9999435233978122
44968,0.9998297175389507
44969,0.9998335284751279
44970,0.2906485249994522
44971,0.9999140348717982
44972,0.1276770374677647
44973,0.9996556538058563
44974,0.9999703597775689
44975,0.9985929423304676
44976,0.998572686858325
44977,0.9984817103342986
44978,0.9996756557324137
44979,0.998179094257018
44980,0.9999427905224383
44981,0.9983910671643473
44982,0.9361274096834317
44983,0.9941766829514429
44984,0.9995466418058365
44985,0.9122147587415327
44986,0.9992719566242407
44987,0.9973412196734325
44988,0.999870442386714
44989,0.9964542144143359
44990,0.9999140348717982
44991,0.9970221687728104
44992,0.9989475923783916
44993,0.9999783246874465
44994,0.9999926845971218
44995,0.5721780232154693
44996,0.999973300683284
44997,0.999941690150172
44998,0.9996227926032903
44999,0.9778384261715121
45000,0.9992179251357955
45001,0.9929762150057408
45002,0.9987264694740302
45003,0.9410245529061358
45004,0.9999691368863619
45005,0.9632419235719686
45006,0.9983403645253641
45007,0.9947645849247879
45008,0.9999988000032046
45009,0.9949867634604733
45010,0.9778023621821411
45011,0.9991199476426986
45012,0.9999583679822537
45013,0.7567030119436647
45014,0.9999846583832629
45015,0.9999725490552308
45016,0.9999667442623887
45017,0.999635417525285
45018,0.9956562683370941
45019,0.9820159327713168
45020,0.999969612454764
45021,0.999973490938752
45022,0.40891338382624404
45023,0.9864457346694506
45024,0.9978004151847383
45025,0.9907662193752587
45026,0.9998271481333666
45027,0.9996559835574652
45028,0.9998987861192526
45029,0.9534962214087555
45030,0.9991682185872529
45031,0.9998180190660209
45032,0.9971245142462308
45033,0.9994506991703994
45034,0.7282763788833159
45035,0.7424426047305688
45036,0.9999308063991512
45037,0.4020362405471414
45038,0.9929074312208584
45039,0.9607271692230541
45040,0.7156195808565331
45041,0.9979487458618068
45042,0.9999616986266062
45043,0.9595018063151144
45044,0.9514192306921969
45045,0.9589306033782671
45046,0.9989216892584385
45047,0.9999497747316014
45048,0.9872125845362836
45049,0.9989820950337317
45050,0.9996917175140236
45051,0.9991019787942642
45052,0.9999397416114898
45053,0.9999512638075104
45054,0.9818133423820282
45055,0.9986829950685988
45056,0.9998592802066439
45057,0.9905616794222152
45058,0.9998075737023797
45059,0.9932530099724356
45060,0.9906546049258359
45061,0.9997382227124759
45062,0.9999677056867581
45063,0.9998575237727442
45064,0.9997126887111313
45065,0.9992433055437304
45066,0.9968950495446446
45067,0.9213395017208214
45068,0.9999615046150595
45069,0.16936944266942594
45070,0.9844845786316988
45071,0.9838756434328252
45072,0.9648609605987298
45073,0.9996582541126521
45074,0.9999344408935732
45075,0.5456346316403645
45076,0.9995683124647473
45077,0.9936721631687933
45078,0.8862588769401673
45079,0.9981666560669865
45080,0.9999519109178793
45081,0.9982396003730339
45082,0.9998603131953756
45083,0.9833934765056714
45084,0.9982880522644951
45085,0.9988532027438658
45086,0.9346839336400866
45087,0.9999806332140772
45088,0.9965573987947186
45089,0.8468835505861697
45090,0.9964321618788242
45091,0.9977425085524991
45092,0.9994634743099856
45093,0.999882487597495
45094,0.9900396201872774
45095,0.9962152946739353
45096,0.9950726937724741
45097,0.9988704278388013
45098,0.9553790316561999
45099,0.9938127434033226
45100,0.9991475866023962
45101,0.9676534949692006
45102,0.9999648925001465
45103,0.9997293909183705
45104,0.999970320027555
45105,0.9984831742072646
45106,0.4915363638204298
45107,0.9997479907171287
45108,0.9819065567650924
45109,0.9993941286222227
45110,0.9208715859832242
45111,0.9811105823463745
45112,0.9999132709265601
45113,0.3171289728784437
45114,0.020212397172882687
45115,0.9989056861683467
45116,0.9464425119839024
45117,0.9964101548519662
45118,0.9991692628855665
45119,0.9998123447035626
45120,0.99969184225847
45121,0.9995431358537338
45122,0.02284200717276642
45123,0.9954591423072591
45124,0.9991168831978865
45125,0.9994408122246544
45126,0.9999231835163384
45127,0.9692056936981698
45128,0.01921645393024797
45129,0.9999508219407917
45130,0.9977466469673799
45131,0.9999801637391951
45132,0.9999749357825849
45133,0.9989659260415713
45134,0.29353857638344744
45135,0.9215320865099367
45136,0.9005752486140233
45137,0.05737185202878618
45138,0.9993051811721377
45139,0.9996929485466602
45140,0.9874173851297713
45141,0.9993344235465623
45142,0.9998068791946698
45143,0.9998174000949585
45144,0.9996946929392212
45145,0.9992588194279114
45146,0.999976661347274
45147,0.998845537162908
45148,0.9992617257557922
45149,0.9999683471253608
45150,0.9890559039469092
45151,0.9926250765862786
45152,0.9968961976974106
45153,0.9456926439256934
45154,0.9877488251524783
45155,0.957893374620985
45156,0.9999660299204517
45157,0.9994560647396102
45158,0.9994477744667206
45159,0.9999639922337202
45160,0.9999511878629581
45161,0.9994911774651465
45162,0.9987564554115815
45163,0.9997715102156056
45164,0.9991425638841951
45165,0.9991358828140992
45166,0.9996997687012259
45167,0.9998762266865951
45168,0.9999122774201743
45169,0.9999400135205917
45170,0.9972941415694899
45171,0.9999731294790772
45172,0.9985936256897493
45173,0.9999278751449716
45174,0.9999535319064299
45175,0.6903728296391957
45176,0.9946233882394683
45177,0.9655742549548381
45178,0.9634982492920107
45179,0.9869557524498745
45180,0.9997044088367952
45181,0.999981201487544
45182,0.9999026144020744
45183,0.9997407698321188
45184,0.5608651518897777
45185,0.9990322638087344
45186,0.9960438173282753
45187,0.69123788993051
45188,0.9939769477998506
45189,0.9988784508338383
45190,0.9435158931294894
45191,0.9060863774825596
45192,0.9979888333519865
45193,0.08065681924533644
45194,0.9990043330617658
45195,0.8841178361521044
45196,0.9955250789583239
45197,0.998867744415267
45198,0.9999562274648051
45199,0.9999856878652583
45200,0.9993072317364841
45201,0.9998450361046985
45202,0.9998579851035202
45203,0.9978832514811176
45204,0.9999523855651077
45205,0.9998135852904719
45206,0.9999903207150318
45207,0.998814902790084
45208,0.9999672971040376
45209,0.9894023846413071
45210,0.9988296975900464
45211,0.42363706839106996
45212,0.9998532699247232
45213,0.9998168973496616
45214,0.9998429505177593
45215,0.8704411709614069
45216,0.9992591052518321
45217,0.9998551272696433
45218,0.9984740026255355
45219,0.999815709110219
45220,0.9276439284486301
45221,0.9925030447485012
45222,0.9990426087299794
45223,0.9630775288829938
45224,0.9999866254329334
45225,0.9964525923682763
45226,0.9965008828277371
45227,0.31178392624439116
45228,0.9999328121741937
45229,0.9974884880128603
45230,0.9985740521265585
45231,0.9998499930113667
45232,0.9999670095542494
45233,0.9944325116088223
45234,0.6276158809383509
45235,0.9990718420084308
45236,0.9981734141064369
45237,0.9999755085475053
45238,0.9896749043692364
45239,0.9991779182421376
45240,0.9933703294890808
45241,0.998022284001865
45242,0.9999900741949248
45243,0.9679826013685602
45244,0.9953082794042183
45245,0.7706994565131128
45246,0.9971706507334912
45247,0.997507303083635
45248,0.990086839142219
45249,0.9831253081351171
45250,0.9999863575481546
45251,0.9999195018402837
45252,0.9278338959235798
45253,0.9998042940703026
45254,0.9999009364851219
45255,0.9998684345008655
45256,0.996681388265177
45257,0.9964955104175159
45258,0.9978038749640737
45259,0.1789686346493385
45260,0.9776800030688068
45261,0.9999677093964351
45262,0.9999636552522962
45263,0.9999423834199364
45264,0.994236522067967
45265,0.9998825086192661
45266,0.9997207003326957
45267,0.9997084539359704
45268,0.9998322602640815
45269,0.9384385479844006
45270,0.9997974690140444
45271,0.9999557078571407
45272,0.999929947487496
45273,0.9843984787597804
45274,0.9984943359459794
45275,0.9149953108309264
45276,0.9999874975003797
45277,0.7726839071459262
45278,0.9914490991554024
45279,0.9997575083940827
45280,0.999368546896535
45281,0.9999026753662097
45282,0.9995380339258458
45283,0.9890806365435292
45284,0.9969230129391935
45285,0.9988755057555676
45286,0.999979295847299
45287,0.7062131685408888
45288,0.9999549048869958
45289,0.9992284502922815
45290,0.9999882014231841
45291,0.9997975526358691
45292,0.9996130320186872
45293,0.983766546607659
45294,0.9995467756638866
45295,0.9999966934044023
45296,0.9829949713710708
45297,0.9996099967658002
45298,0.9999155303607344
45299,0.9999511786492531
45300,0.5781126361559035
45301,0.99963487563843
45302,0.9237932240628051
45303,0.9986678191559456
45304,0.9999483761936292
45305,0.9999797060843391
45306,0.999787288372166
45307,0.7890243026074403
45308,0.9999706939326465
45309,0.2694186413531304
45310,0.9993667065312067
45311,0.9999798048634592
45312,0.9999871271384367
45313,0.9108437828967468
45314,0.9790935393575028
45315,0.9467236404570675
45316,0.9998803361173564
45317,0.9999443103456042
45318,0.9999739407022082
45319,0.9965991539278363
45320,0.9871068796143804
45321,0.9977618146569618
45322,0.9985825005761344
45323,0.976113489568915
45324,0.9886608034864633
45325,0.9990538421075261
45326,0.9998503212403926
45327,0.9897665225274532
45328,0.955410892148921
45329,0.7639893655200096
45330,0.9999600267477439
45331,0.999845826690391
45332,0.9950513214640094
45333,0.9742311206948627
45334,0.9456172124264743
45335,0.998788994624302
45336,0.9429679847556558
45337,0.9987442870273585
45338,0.9973308673563903
45339,0.988525053309645
45340,0.9997215654641618
45341,0.9999913042255082
45342,0.9989701144400764
45343,0.9999667105622658
45344,0.22907551520501707
45345,0.9968441547768693
45346,0.28021258099896723
45347,0.8751813268851705
45348,0.8839119441698852
45349,0.9941827473845585
45350,0.999720131314269
45351,0.9964018640288006
45352,0.9982418299673764
45353,0.9961606213522886
45354,0.9993064537626531
45355,0.9363533764025039
45356,0.9512426629003436
45357,0.9999712382524869
45358,0.23181176756626706
45359,0.9997960443192341
45360,0.04567400746350583
45361,0.9999774449576231
45362,0.9972537036742365
45363,0.9999686544068699
45364,0.9971018667834789
45365,0.9985254845951756
45366,0.9999366119732032
45367,0.9973509408942025
45368,0.9805547145050426
45369,0.9994853090136444
45370,0.9932896525030647
45371,0.9905960822909019
45372,0.9992271375975162
45373,0.996913623545659
45374,0.9997473398517298
45375,0.9987631737933458
45376,0.9964535341110111
45377,0.9916560430926434
45378,0.9999765505325926
45379,0.9900251103572488
45380,0.9987185893288454
45381,0.9997697366021839
45382,0.9150167235313584
45383,0.9962581179311734
45384,0.9999376357668253
45385,0.9866030214761938
45386,0.9972516976433099
45387,0.9994167168757625
45388,0.9991029451275897
45389,0.9990133074109261
45390,0.9982363585932169
45391,0.9999750482724348
45392,0.9989070701499899
45393,0.999573211084016
45394,0.9958137146210665
45395,0.9433237995626362
45396,0.9974144454467676
45397,0.9999590204973459
45398,0.999962468565848
45399,0.9943763806618239
45400,0.9998048524565686
45401,0.8934810250015622
45402,0.9999637455868414
45403,0.99998025155984
45404,0.8789333528235818
45405,0.9997410197219069
45406,0.9402692103084987
45407,0.9989991028141497
45408,0.9996006591567828
45409,0.9965192476654576
45410,0.999697176023698
45411,0.9373083579088434
45412,0.9999953572371395
45413,0.9998929498750893
45414,0.9999896540646105
45415,0.6011315149909278
45416,0.9991801767938446
45417,0.9955874245108565
45418,0.9543408816716573
45419,0.7288968204204279
45420,0.9981339780488874
45421,0.9999439213893572
45422,0.9985964908724181
45423,0.9994214646154377
45424,0.9999528165045762
45425,0.9997517768028374
45426,0.9998218220625541
45427,0.9977845408372428
45428,0.9999712904019009
45429,0.9999097194975719
45430,0.9989103303036766
45431,0.9752175571749875
45432,0.9935834918179443
45433,0.9199098004087827
45434,0.9991334645847322
45435,0.9991226459182998
45436,0.9977500275476517
45437,0.9999052981405094
45438,0.9975178893282183
45439,0.9990470732007558
45440,0.9999562219357859
45441,0.9998479116934834
45442,0.9995021580460969
45443,0.5620164040853822
45444,0.9943984465342455
45445,0.9597589337867348
45446,0.9991497048572426
45447,0.9812188509791441
45448,0.9997005215635077
45449,0.05221462323973184
45450,0.9878629914936049
45451,0.999016669592856
45452,0.9998677898542678
45453,0.9987289652580681
45454,0.9980060628830528
45455,0.9992607434998024
45456,0.9992392419993633
45457,0.9999801374968788
45458,0.9156368508431274
45459,0.9998892731417105
45460,0.9995941074368239
45461,0.9974815523644427
45462,0.7259040566112954
45463,0.9993147517530387
45464,0.9999004486748594
45465,0.9805544789818705
45466,0.9999267574564673
45467,0.9996511239143423
45468,0.9668133168615254
45469,0.9996797205414539
45470,0.9941139529983616
45471,0.9073404696212425
45472,0.9988741073768814
45473,0.8394317241884299
45474,0.9934849146512955
45475,0.8252276060813105
45476,0.9993364001979943
45477,0.9995345750436375
45478,0.9981648869912766
45479,0.9996838333595878
45480,0.9971316014033861
45481,0.9905984394586521
45482,0.5585711317195828
45483,0.9993330559741025
45484,0.9972444319664588
45485,0.9972070893794417
45486,0.9999644044860319
45487,0.6755734994956601
45488,0.9991970288210037
45489,0.9998563291106201
45490,0.9991737951349042
45491,0.9999953772534239
45492,0.9999237214940412
45493,0.9989648352049433
45494,0.9999715015414036
45495,0.9999811547367681
45496,0.44208518129326
45497,0.998370110838096
45498,0.9996965070639197
45499,0.9993524919710748
45500,0.9997918142410275
45501,0.999947075028313
45502,0.9458604118901428
45503,0.999190423161976
45504,0.9972250980826952
45505,0.9914612010641353
45506,0.9998377857472074
45507,0.9992483432310714
45508,0.2104164736196659
45509,0.9949914650243424
45510,0.9990595640677257
45511,0.9599994627138645
45512,0.9999412089154764
45513,0.9962568216363884
45514,0.3356329440629675
45515,0.9321417030338854
45516,0.987765607267912
45517,0.9919279686815434
45518,0.9999922213783168
45519,0.999881923259596
45520,0.9975803069798121
45521,0.9920226430089367
45522,0.9935691783269157
45523,0.9861879871309993
45524,0.9995009992582412
45525,0.583121317787268
45526,0.9999346280246976
45527,0.9998231644845309
45528,0.9999546703948392
45529,0.999967851605611
45530,0.9999792053931532
45531,0.8582485016337655
45532,0.9999575975930848
45533,0.9933136725172653
45534,0.9965751478603674
45535,0.9991770565225757
45536,0.9762668284783973
45537,0.9988888656356435
45538,0.9974793669695314
45539,0.8465605987616766
45540,0.99999300326619045
45541,0.9811202021698672
45542,0.9337132136561964
45543,0.99984023895181
45544,0.9736137935584831
45545,0.9989846768843923
45546,0.9903388132219478
45547,0.5739295649311308
45548,0.9995107584642573
45549,0.9954780064259685
45550,0.9999595441452184
45551,0.9997149019682158
45552,0.9888913718280571
45553,0.9958167971271054
45554,0.999936483082618
45555,0.989591021865004
45556,0.989887751879685
45557,0.9952089006861896
45558,0.9956107742185409
45559,0.9898945884295052
45560,0.9994941726426853
45561,0.9989639833954638
45562,0.9993880314262801
45563,0.9707493646055438
45564,0.9999025699114065
45565,0.9995864638159141
45566,0.9559836864329139
45567,0.9872205482749175
45568,0.999506946361324
45569,0.9976143811636575
45570,0.9990228070026397
45571,0.944101126731397
45572,0.9997699007083747
45573,0.9802006605585322
45574,0.9659221107876546
45575,0.9966982625475275
45576,0.9949759952847438
45577,0.9955344946663927
45578,0.9999879773669795
45579,0.9887399330839562
45580,0.9998890963566025
45581,0.9998780493193138
45582,0.35175731523837533
45583,0.9997166661802251
45584,0.9999637769709484
45585,0.9989744515096904
45586,0.9998911421492127
45587,0.9952210156691045
45588,0.9999771763777918
45589,0.9991205920673946
45590,0.9972289526963583
45591,0.999342854625003
45592,0.9969970010675662
45593,0.9983243779704931
45594,0.9999882878616659
45595,0.9999614093739029
45596,0.9482014734144425
45597,0.9978443852851837
45598,0.35634494509743087
45599,0.9994198495636384
45600,0.9984417281617537
45601,0.9641977198794414
45602,0.9990713455507922
45603,0.9933771415209524
45604,0.9990034201363504
45605,0.9989913696244769
45606,0.9999137535792699
45607,0.9996732226585197
45608,0.9906566185959431
45609,0.9940306176287734
45610,0.9841824300228216
45611,0.9997989052413047
45612,0.9996340832366992
45613,0.9652892003286011
45614,0.9944679404543668
45615,0.9580529049443731
45616,0.5994065586759901
45617,0.9996198556688182
45618,0.9471578877995176
45619,0.9667597500612776
45620,0.9999724676460163
45621,0.9857682859480865
45622,0.9992884504122969
45623,0.9999859856310305
45624,0.9999916672992748
45625,0.9991018244095401
45626,0.9857841128862291
45627,0.9992310779873699
45628,0.9907758272562033
45629,0.9999639577343532
45630,0.9997845714492211
45631,0.9998744790878297
45632,0.9799384034917542
45633,0.9853677431045521
45634,0.999213619377641
45635,0.9995559143129938
45636,0.9999754765098001
45637,0.959896475903264
45638,0.9998534323044065
45639,0.9992536330070156
45640,0.9932167769677863
45641,0.9991369009356786
45642,0.9923643196512636
45643,0.9985406286216891
45644,0.9999268685197058
45645,0.9999577314199376
45646,0.9999496860435567
45647,0.9937982009225211
45648,0.8394995302002035
45649,0.9999513621099797
45650,0.9998700783124455
45651,0.9997829573537501
45652,0.9971395606741523
45653,0.9937411785405079
45654,0.994659085248373
45655,0.9919279686815434
45656,0.9992872399827759
45657,0.9999520896252706
45658,0.6016207606699048
45659,0.9974717206606719
45660,0.9986124669520577
45661,0.9866935701522891
45662,0.9946209034178362
45663,0.5045847713670346
45664,0.9968565482503469
45665,0.999987121863182
45666,0.9108437828967468
45667,0.8825422906113316
45668,0.999248624076054
45669,0.9751661586966773
45670,0.9994913186613594
45671,0.2797995766930533
45672,0.9997502769151272
45673,0.9995723851614964
45674,0.9994967320228506
45675,0.9957842598478058
45676,0.9957631091800283
45677,0.999223768921606
45678,0.999783383944862
45679,0.9438627435036077
45680,0.9999715634370333
45681,0.9997396515745505
45682,0.999673867590693
45683,0.9997842436022368
45684,0.9961452571471612
45685,0.9998633983985572
45686,0.9932473853700453
45687,0.9999648386037406
45688,0.9975248279050306
45689,0.9346491358700996
45690,0.9999674143681703
45691,0.9988224362131349
45692,0.9999763221841553
45693,0.9964333578848951
45694,0.9979437733092673
45695,0.9347420999024798
45696,0.9954143886970844
45697,0.9986132555603574
45698,0.9999170394412346
45699,0.3271500573839894
45700,0.9999668159631274
45701,0.9982275323112898
45702,0.9997367161301628
45703,0.9990679750522798
45704,0.9987795186952426
45705,0.9967533786138921
45706,0.9997708812153694
45707,0.760051788628774
45708,0.9999687706925139
45709,0.9688795356969822
45710,0.9988660214373476
45711,0.9987531710670291
45712,0.9992941006631927
45713,0.981482667710779
45714,0.9548372753565447
45715,0.9999726160917422
45716,0.9999760515045951
45717,0.9995118176194208
45718,0.999966930327251
45719,0.9983622123660751
45720,0.9007331732737209
45721,0.9999053174278898
45722,0.9999289743328028
45723,0.9996213151470713
45724,0.9057454373684912
45725,0.9991617348560877
45726,0.999961574294836
45727,0.9979670828883379
45728,0.9993741784042319
45729,0.9451994963474789
45730,0.999969389427487
45731,0.9950795438306149
45732,0.9999815553660442
45733,0.6376418154926198
45734,0.9329808679876226
45735,0.999353904071698
45736,0.9999976628380055
45737,0.9991886726415675
45738,0.9999882544376967
45739,0.9998844707938194
45740,0.9999790177936104
45741,0.9999968641198053
45742,0.9999964636116023
45743,0.9977160945992896
45744,0.9683660660797612
45745,0.9998011612740512
45746,0.9989286729030087
45747,0.4593906327085911
45748,0.9988854116228609
45749,0.9997449610233374
45750,0.9935268656060644
45751,0.9999753466873301
45752,0.9999593165770528
45753,0.9993990827442816
45754,0.9988822164202098
45755,0.9994731306448627
45756,0.9976417511857545
45757,0.9932308485530941
45758,0.9964233154573817
45759,0.9957678425812616
45760,0.999916226844951
45761,0.9998328375550652
45762,0.9988663271656785
45763,0.9997308873793965
45764,0.9855325952505471
45765,0.9997423641557281
45766,0.9987842250597964
45767,0.9955354985170678
45768,0.42896760220859753
45769,0.8872012821846708
45770,0.19568110462334273
45771,0.9677010616167634
45772,0.9997365748469502
45773,0.9975665986385015
45774,0.9980200012679293
45775,0.9974090324434418
45776,0.9964676407878462
45777,0.9997942421413605
45778,0.9999985366831432
45779,0.9534709544826102
45780,0.9936561950606064
45781,0.9987586527029423
45782,0.9998038137089751
45783,0.8921973650801938
45784,0.9983911956179177
45785,0.9971188873879604
45786,0.9998104569335653
45787,0.9241691886537227
45788,0.99997451031232
45789,0.9991199132193438
45790,0.9986257860176244
45791,0.996936910263511
45792,0.9999512524385209
45793,0.9998468044234757
45794,0.9808048094932341
45795,0.9902402661056965
45796,0.8205467923439735
45797,0.9982206956063482
45798,0.9999795897171426
45799,0.999708815687016
45800,0.9984578754691511
45801,0.9999459184959895
45802,0.9916455885930721
45803,0.9927693853176046
45804,0.9996882679768175
45805,0.993714652415715
45806,0.9996491036986612
45807,0.9998000166281173
45808,0.9999719521082565
45809,0.9782214687803857
45810,0.9730737080169978
45811,0.9969153367149877
45812,0.999976591698968
45813,0.9993781749768712
45814,0.9992110266131254
45815,0.9882601064023645
45816,0.9999826518620278
45817,0.9963944829111218
45818,0.9895988549874315
45819,0.9998515104960782
45820,0.9763510465980428
45821,0.996173611077662
45822,0.9991867380060018
45823,0.9998366475201848
45824,0.9924004497175809
45825,0.989880451369245
45826,0.9098033504145435
45827,0.9790818576366952
45828,0.9985486582321503
45829,0.9986056008103894
45830,0.9837475982343865
45831,0.9646355005644167
45832,0.9999095484014981
45833,0.9999505548820115
45834,0.999923601000934
45835,0.9995324021500667
45836,0.9995993213118272
45837,0.9999495528544631
45838,0.26208030205146304
45839,0.992862425394859
45840,0.9999433802691339
45841,0.9931521206433038
45842,0.9992203571142299
45843,0.997165102532703
45844,0.9999644701991126
45845,0.9999319588421641
45846,0.9999926146170327
45847,0.9975888294086973
45848,0.5888283917890397
45849,0.7143525284293847
45850,0.9994732983038492
45851,0.9993713140672329
45852,0.9995581107990309
45853,0.9814465555846159
45854,0.9990041411411468
45855,0.9977438187508455
45856,0.5337916525681726
45857,0.999967975233572
45858,0.9998831336543009
45859,0.9993475720113385
45860,0.9996560211112389
45861,0.9999562007823125
45862,0.994147603871107
45863,0.9990999140891523
45864,0.9958378530634109
45865,0.9999945851704836
45866,0.9999376141646693
45867,0.03515538175224602
45868,0.9966998492931739
45869,0.9827736196687415
45870,0.9952646631133776
45871,0.9998593620601721
45872,0.6876269146102547
45873,0.999960052769779
45874,0.9999784749292725
45875,0.999911209424991
45876,0.9995027946051257
45877,0.9970457243200604
45878,0.9958987696755855
45879,0.9999653190593492
45880,0.99996488019832
45881,0.8588212750031439
45882,0.9987236992921965
45883,0.9991220489004716
45884,0.9994346925443928
45885,0.9947963002447878
45886,0.9999729581843756
45887,0.9988532027438658
45888,0.9999785130084826
45889,0.9978629367985743
45890,0.9996009093223944
45891,0.9999435771375325
45892,0.9988710630056812
45893,0.9999759490762585
45894,0.994136872910326
45895,0.9997434646072917
45896,0.9997629329502857
45897,0.9777973741751652
45898,0.9999699182769617
45899,0.999999280225945
45900,0.995812664227677
45901,0.9989972933566698
45902,0.9998956469638856
45903,0.9998834189046436
45904,0.9997826105198312
45905,0.999794278903601
45906,0.999962842698808
45907,0.6589426286940815
45908,0.99988544563921955
45909,0.9868591050234204
45910,0.99968098359606
45911,0.9959211372446991
45912,0.05777926689663586
45913,0.9999577342603714
45914,0.9125908982510557
45915,0.9857763835820428
45916,0.9998568228264497
45917,0.9995302854944824
45918,0.9997403529942603
45919,0.5609851670007608
45920,0.9976266448212259
45921,0.666758394910641
45922,0.9735904728025616
45923,0.9990663303772095
45924,0.9953231472919397
45925,0.9664379209899605
45926,0.9995337916903796
45927,0.9994223930637237
45928,0.9923950214602637
45929,0.7071072024732888
45930,0.9999753706022213
45931,0.9999982709637066
45932,0.9949738926732731
45933,0.9999536610734091
45934,0.9654438026767317
45935,0.9999962521217022
45936,0.9996037582073048
45937,0.9999745309114165
45938,0.9993935043767748
45939,0.9998821904207935
45940,0.9999803510824575
45941,0.9998411943635783
45942,0.9998107081962659
45943,0.9999481554752863
45944,0.9993528913793964
45945,0.8791274901725448
45946,0.9760416594959153
45947,0.9179219941122673
45948,0.4335145821475712
45949,0.9995205550885148
45950,0.9998705998099643
45951,0.9999960360167928
45952,0.9999716563915619
45953,0.999659097359771
45954,0.9937799562604644
45955,0.9997560252032517
45956,0.9995434249289914
45957,0.9994794466731713
45958,0.999842504269802
45959,0.8622479655071459
45960,0.9138049177499589
45961,0.8902947773209677
45962,0.9994624652705132
45963,0.5132306756013727
45964,0.9864629502231226
45965,0.999344754316592
45966,0.9984371134278375
45967,0.9914746605139068
45968,0.9987655275256413
45969,0.9387664231183768
45970,0.9862909799902996
45971,0.9802680089157098
45972,0.9988135001830487
45973,0.9871005736139968
45974,0.9995206440598121
45975,0.9905481610824077
45976,0.31596880796220256
45977,0.9577239360504777
45978,0.9890989345569945
45979,0.9999263336110746
45980,0.9996755052927725
45981,0.9826677344605391
45982,0.9999868457942369
45983,0.9999959784601734
45984,0.9964913374268314
45985,0.9999927255321156
45986,0.9996857794112789
45987,0.9993164804034796
45988,0.9999831548398499
45989,0.9990004049582599
45990,0.9999606165918318
45991,0.9351966663939307
45992,0.99855806830771765
45993,0.9866413583403161
45994,0.9999402920262653
45995,0.9995761566274072
45996,0.9638287847167355
45997,0.9997770741208484
45998,0.9961390150001349
45999,0.9996073048087953
46000,0.9999798249848957
46001,0.9999637483981476
46002,0.9992517424979205
46003,0.9992950669726437
46004,0.9836324721881583
46005,0.9048405678731888
46006,0.6010941426309052
46007,0.9799767643264704
46008,0.9996925022358718
46009,0.16660719328765938
46010,0.9995795407749176
46011,0.9782267511279896
46012,0.6569682396929633
46013,0.49632123295897884
46014,0.7990552489211294
46015,0.9999202513853378
46016,0.9999625877581467
46017,0.988887059221066
46018,0.9965455607248961
46019,0.98694315900765
46020,0.9999603389264082
46021,0.9714612701714195
46022,0.989100132088938
46023,0.6452717759028976
46024,0.9996209909877114
46025,0.8161974289622119
46026,0.8349746452991869
46027,0.9969228981203427
46028,0.9993308960640332
46029,0.9997554064590254
46030,0.9999332464987322
46031,0.987155197452377
46032,0.9999669457013336
46033,0.9992611385017274
46034,0.999946598684201
46035,0.6242546666666586
46036,0.9998001178122357
46037,0.9997134995621849
46038,0.8952637881355369
46039,0.99828100856847235
46040,0.8655125383147066
46041,0.9996094911016026
46042,0.9979314085281047
46043,0.9994007704265415
46044,0.9999813241599397
46045,0.9983123249190066
46046,0.995887333780485
46047,0.9989212619163489
46048,0.9998840013563681
46049,0.9958048567501292
46050,0.9930081180054516
46051,0.9999438648734335
46052,0.9991781163266962
46053,0.9783160658085472
46054,0.9998850458145486
46055,0.995947300367622
46056,0.9994943032816961
46057,0.9988545903337464
46058,0.999631132326028
46059,0.9999187040889189
46060,0.9975732505239701
46061,0.9954460683980705
46062,0.966000289361733
46063,0.9985788468706568
46064,0.9996237041513231
46065,0.9995780246949834
46066,0.999676607319923
46067,0.9999907952325852
46068,0.9999174160807404
46069,0.9997864637188976
46070,0.999312041479386
46071,0.9994090663639753
46072,0.9888141813737398
46073,0.9999798942343185
46074,0.9998264766993676
46075,0.9998777688717706
46076,0.9934437060170498
46077,0.9999327907452211
46078,0.9998110352359952
46079,0.9990966214928235
46080,0.9999703010883021
46081,0.9997470670281309
46082,0.9996036508355551
46083,0.9935710538626522
46084,0.999697489536953
46085,0.9158507407567923
46086,0.9998470579745883
46087,0.999999253852619
46088,0.9999522377950179
46089,0.9971088445013917
46090,0.9996025489769617
46091,0.9986094119699012
46092,0.9999459213536355
46093,0.9999989264563357
46094,0.99987941574412
46095,0.9996809106119212
46096,0.9999681795392444
46097,0.9992738248236532
46098,0.9873049022778516
46099,0.999921889803529
46100,0.7172286997570848
46101,0.465973417373237
46102,0.9991804301719353
46103,0.999985603189022
46104,0.9976182495424037
46105,0.018521807370548118
46106,0.9995952590727857
46107,0.9999863883631814
46108,0.999981058912172
46109,0.9999833752306668
46110,0.9995754593043319
46111,0.9993724444487709
46112,0.9763106320589438
46113,0.999932919068542
46114,0.9999326092761239
46115,0.9898813334521256
46116,0.9117970476997754
46117,0.99992861594217
46118,0.9875586555349632
46119,0.9991227610365222
46120,0.9994122012094828
46121,0.979294254153087
46122,0.9995114782516359
46123,0.9999901546105188
46124,0.9922410295634919
46125,0.9991866042317794
46126,0.9999694844473805
46127,0.9973937358147856
46128,0.9984542989559876
46129,0.9999569475118476
46130,0.9999476493053324
46131,0.9999930424533024
46132,0.9999761900661235
46133,0.999739736209866
46134,0.8473231322581434
46135,0.9999386482308749
46136,0.9948625822120195
46137,0.999639672276662
46138,0.9993895939234356
46139,0.9776576970129457
46140,0.9965449950612102
46141,0.9880956999139987
46142,0.9495852810354042
46143,0.9995653371735157
46144,0.9999310737726748
46145,0.28021553523559284
46146,0.9998339666025615
46147,0.39360989394892115
46148,0.9737509341695944
46149,0.9969828529066785
46150,0.9996856810986787
46151,0.986176083294932
46152,0.9453666257504417
46153,0.7651528799150399
46154,0.9990750333604135
46155,0.9999395455999203
46156,0.9997324373157742
46157,0.9997659225702349
46158,0.998993616454229
46159,0.9984081183818848
46160,0.9468848313537045
46161,0.9814804848499689
46162,0.9950303974839394
46163,0.9271288263624489
46164,0.9897323662368647
46165,0.9997054500766177
46166,0.9999774383934462
46167,0.9867156078120285
46168,0.9998076531095493
46169,0.999681909022664
46170,0.9647159580789285
46171,0.9752025978024054
46172,0.9941563335546912
46173,0.9958032372850311
46174,0.999005961043868
46175,0.9585960079900926
46176,0.4052367562437289
46177,0.9998864617080024
46178,0.9993915597403276
46179,0.9998980718016716
46180,0.9988822975902527
46181,0.9999471113629742
46182,0.9971850945428081
46183,0.9999182604226423
46184,0.9467122968615529
46185,0.9997801956301723
46186,0.9918872920928209
46187,0.9975542664071039
46188,0.9942307989961632
46189,0.3576394598432502
46190,0.999877610354254
46191,0.9974436443847591
46192,0.9980594952531808
46193,0.9966831373404352
46194,0.9997723828623961
46195,0.9764921162002088
46196,0.9999830054435759
46197,0.9999920398646429
46198,0.9999310863051751
46199,0.9925328398365293
46200,0.8035276062297153
46201,0.9999475995990716
46202,0.9993759481050009
46203,0.8528026559488848
46204,0.9809623933030741
46205,0.9948132567289609
46206,0.9995567618586011
46207,0.9999293575535202
46208,0.16909256141748175
46209,0.9997553912547829
46210,0.9999603049231164
46211,0.9882239016036204
46212,0.9992594283876619
46213,0.9992058682106194
46214,0.9954751159298518
46215,0.9987773224830426
46216,0.8879876534553895
46217,0.9987156126469581
46218,0.9994665528849408
46219,0.9996144442183582
46220,0.9997580632301887
46221,0.9947862230762164
46222,0.9997054817180849
46223,0.9846517346245223
46224,0.9836361281007918
46225,0.999068744138738
46226,0.9907598934720049
46227,0.9999633786094039
46228,0.7021187071848051
46229,0.9997285269068538
46230,0.8599743741539183
46231,0.3607796810829719
46232,0.999876952196709
46233,0.9997881447537064
46234,0.998380715856327
46235,0.9999727115294448
46236,0.9939337636854869
46237,0.9988093485771565
46238,0.9999172712938199
46239,0.9932678297182149
46240,0.9933107937397914
46241,0.9989041341070897
46242,0.9999436384274419
46243,0.9989621828634898
46244,0.7647851882397676
46245,0.9999683973742566
46246,0.9997905365340081
46247,0.999571903063355
46248,0.905575914540281
46249,0.9989201795232083
46250,0.9849959997894094
46251,0.9991329424404823
46252,0.9975953073366901
46253,0.5550373356039888
46254,0.9973840902760853
46255,0.9998889797645039
46256,0.9978163024795803
46257,0.9997428449416034
46258,0.9999619973610792
46259,0.9553050013252818
46260,0.9329508029033847
46261,0.9999629518553681
46262,0.9984714883111556
46263,0.9998444409825971
46264,0.9988945076803186
46265,0.9823552142700199
46266,0.9999941298416969
46267,0.9766696399699267
46268,0.954896564886094
46269,0.9354908507725623
46270,0.9994620982255543
46271,0.41865392751381814
46272,0.9985674487724776
46273,0.9992241566770773
46274,0.9969842546799277
46275,0.9940027857400319
46276,0.9934396772224009
46277,0.9993957329697752
46278,0.999241158252681
46279,0.9064977977426767
46280,0.9993930847581591
46281,0.9998208835810329
46282,0.9999828343606187
46283,0.5988176626735294
46284,0.9664215889804373
46285,0.40530805344707077
46286,0.9991282259342281
46287,0.9882435383739059
46288,0.9980918821287644
46289,0.998458178058203
46290,0.996567242476667
46291,0.9987593577838411
46292,0.9999895029303035
46293,0.9995481175979513
46294,0.992150098694849
46295,0.3119147704002116
46296,0.8528825054492263
46297,0.9990834419972416
46298,0.997508594798468
46299,0.7061393917740523
46300,0.9981321587433566
46301,0.14714196437254168
46302,0.9795664152780281
46303,0.9998285938618566
46304,0.9997855807817081
46305,0.8580258486841874
46306,0.9992296851559945
46307,0.9999831205861623
46308,0.9995679560600008
46309,0.8937497086051521
46310,0.9436456126871747
46311,0.9939673871654433
46312,0.9995012094704985
46313,0.9918424640717249
46314,0.9874696252485539
46315,0.9992585470852312
46316,0.991805648625576
46317,0.9606616569557278
46318,0.9977339602058318
46319,0.9999600089350481
46320,0.657907413991414
46321,0.9999967155585106
46322,0.8431112160001557
46323,0.9976890177420921
46324,0.9990175161173377
46325,0.9971358687366665
46326,0.9999452168122885
46327,0.9997735137882026
46328,0.9993169008191375
46329,0.999768309756252
46330,0.9993941006443872
46331,0.9998064868356982
46332,0.9999338215956338
46333,0.998898759181167
46334,0.9983157401707958
46335,0.999982576838159
46336,0.9845710337501432
46337,0.9867345802347404
46338,0.9999971125391732
46339,0.9995166646896028
46340,0.9998247223684076
46341,0.9984438032821934
46342,0.7841190662833764
46343,0.09504493988992387
46344,0.9999835433189578
46345,0.17792984596725017
46346,0.999157095473041
46347,0.9999098524361638
46348,0.9969609329131097
46349,0.5801127793269404
46350,0.9983256534198197
46351,0.058734969322106666
46352,0.9958537567434405
46353,0.9999978605381488
46354,0.9994932630476667
46355,0.9999798630995693
46356,0.9999738671118124
46357,0.6651206815375268
46358,0.999997573920571
46359,0.9999637390903595
46360,0.9994557886495473
46361,0.9999548746962728
46362,0.9989084238877499
46363,0.7348771921258721
46364,0.6820970220980201
46365,0.999948141446151
46366,0.9999753382941674
46367,0.9966828172236991
46368,0.9999442345246606
46369,0.9999800575734785
46370,0.999892449246046
46371,0.9949150269832958
46372,0.9834339859352808
46373,0.9991357456323411
46374,0.9994364817143904
46375,0.9990027568263873
46376,0.9999734194999458
46377,0.9998095076625122
46378,0.9874005427794813
46379,0.9069442178550199
46380,0.7001536146057918
46381,0.9999717205164441
46382,0.9960316371620301
46383,0.9991710293905234
46384,0.9999672422357077
46385,0.9542743812499219
46386,0.9972801688372777
46387,0.9408635464982097
46388,0.8846459990085553
46389,0.9943815788335574
46390,0.9999632551046476
46391,0.999753734805346
46392,0.954279274790325
46393,0.998538035066484
46394,0.9999907536322414
46395,0.9998374119515506
46396,0.9970459202188435
46397,0.999934766599057
46398,0.9998774659857677
46399,0.5789888631284619
46400,0.9997270468744898
46401,0.9922314944459578
46402,0.1907883586233966
46403,0.9999668504218687
46404,0.9906205724622685
46405,0.9888271709510761
46406,0.9491631170961013
46407,0.8560512123085612
46408,0.9989571849224945
46409,0.9943698899085084
46410,0.9992201365088176
46411,0.968495074833705
46412,0.9989949945897858
46413,0.9998098305051918
46414,0.9972070893794417
46415,0.9870853018734598
46416,0.9994577389552887
46417,0.9994768821534954
46418,0.9999742913931884
46419,0.9988670483177787
46420,0.9992527861426369
46421,0.9999831760562202
46422,0.9982814272771541
46423,0.9998278779204167
46424,0.9999732061315557
46425,0.9039446468434863
46426,0.9776148273989306
46427,0.9999663743063902
46428,0.9998102458487241
46429,0.9999879503162339
46430,0.981888450376201
46431,0.999413023754713
46432,0.9997521258865375
46433,0.9997556274594083
46434,0.9997983141893201
46435,0.9999951303309658
46436,0.9997865248594753
46437,0.9988008832083913
46438,0.8305438471657587
46439,0.999287774524588
46440,0.9992389578031036
46441,0.9996450651073553
46442,0.9422206163478016
46443,0.9990489594305957
46444,0.8998886690647542
46445,0.9935094952026104
46446,0.9956456216186319
46447,0.9997885467702603
46448,0.9999821105490801
46449,0.9998274798272124
46450,0.9995601424860063
46451,0.9999238630742996
46452,0.9999660314887147
46453,0.999295575274011
46454,0.9891222098376632
46455,0.9999817924976465
46456,0.9804151043226671
46457,0.9998545841888834
46458,0.9997004497092767
46459,0.961041207093978
46460,0.9996513695374682
46461,0.9960662028147987
46462,0.9951759647893109
46463,0.9999649502355469
46464,0.008918578881765353
46465,0.9815679335224022
46466,0.9933626058285409
46467,0.9999874699928801
46468,0.962210085254445
46469,0.49442179157067784
46470,0.9988487727224419
46471,0.9997890882274784
46472,0.9999777288583991
46473,0.9993408725948055
46474,0.9983144195436789
46475,0.8522562979652519
46476,0.991477398580077
46477,0.9999938707984973
46478,0.997854101600698
46479,0.9976012293697578
46480,0.9999798537624935
46481,0.992747610481487
46482,0.9723299630501198
46483,0.16585999317454497
46484,0.9996504024728553
46485,0.9998208159471743
46486,0.9999678220572348
46487,0.9830660188417779
46488,0.9999949374677142
46489,0.9991709371544074
46490,0.9994654581645798
46491,0.9995541305695086
46492,0.9983563848856596
46493,0.9995668078993896
46494,0.9990416499976829
46495,0.9939159396025093
46496,0.99973416206897
46497,0.9999243307053145
46498,0.9933723519256874
46499,0.9849680238288957
46500,0.9999521175184259
46501,0.9996547827151777
46502,0.9999381207120521
46503,0.10509839660944986
46504,0.9999836585423086
46505,0.9999931382349719
46506,0.9998776118659077
46507,0.9999492343207512
46508,0.9999679145188911
46509,0.9999235165378266
46510,0.9999512378553091
46511,0.9999895297619971
46512,0.998712702828722
46513,0.9996578267773996
46514,0.9999523722757525
46515,0.9993428380141063
46516,0.9991825161355178
46517,0.9999868134435571
46518,0.9782364398056486
46519,0.8773592935120222
46520,0.9457640231646657
46521,0.9358645511333236
46522,0.999874726431433
46523,0.9990373379207499
46524,0.9999967797737186
46525,0.9644252272345553
46526,0.9987003512495071
46527,0.9999619751289375
46528,0.9992211777361159
46529,0.7201801001979424
46530,0.6980946094284527
46531,0.9389227466277853
46532,0.9999342474928897
46533,0.9932342489494933
46534,0.9994139666188018
46535,0.7458662240314391
46536,0.9896224872927222
46537,0.9999752537585977
46538,0.9205645010023
46539,0.9999170816169821
46540,0.9940660017263727
46541,0.9992741559556564
46542,0.9992727073297593
46543,0.9516269200844109
46544,0.9994882260395084
46545,0.42029021953654305
46546,0.9997782156153707
46547,0.99927776607569
46548,0.8803273613851569
46549,0.9600452313871737
46550,0.9898091171175921
46551,0.9650918818007712
46552,0.9990084697032828
46553,0.9918586222953464
46554,0.999785502669011
46555,0.36529959508597803
46556,0.9997183555689397
46557,0.9996095941158705
46558,0.999933645803929
46559,0.9999647708485191
46560,0.8808674705593522
46561,0.9996420698519519
46562,0.999787545731203
46563,0.9999937878066011
46564,0.2753623827283721
46565,0.9998973322914851
46566,0.9995463652613084
46567,0.9999446938938067
46568,0.9998813058602224
46569,0.7305307222127299
46570,0.9999318565053358
46571,0.9990546239825708
46572,0.852082326262506
46573,0.9958864500588224
46574,0.999318700767108
46575,0.9999230471779174
46576,0.996115604400494
46577,0.4607037015870941
46578,0.9668906318726492
46579,0.061142426517657264
46580,0.9925528588582052
46581,0.9996107190436289
46582,0.9997878944092157
46583,0.9999906914411525
46584,0.999994086976415
46585,0.9831776518033237
46586,0.9921835978157825
46587,0.9999805085775627
46588,0.9823370723157567
46589,0.9999497906262682
46590,0.999266381254436
46591,0.9999789871343949
46592,0.9881288182938255
46593,0.993554837352468
46594,0.999934249851139
46595,0.9999088181054427
46596,0.9986723011006302
46597,0.9999312405505981
46598,0.9995383964592693
46599,0.9994494539361793
46600,0.9997454866997512
46601,0.9999494313303523
46602,0.6695703809629789
46603,0.9997251225788991
46604,0.9996742867965861
46605,0.9999833974411401
46606,0.9829680140280702
46607,0.9999841354410405
46608,0.9999668663756869
46609,0.9859860723011994
46610,0.9989956792316881
46611,0.999954737463785
46612,0.9993736458339025
46613,0.9965910422439789
46614,0.9959439152837043
46615,0.9996887327373019
46616,0.9999697268672905
46617,0.9994564299509827
46618,0.9961961072736235
46619,0.06971323212170107
46620,0.9989992587333828
46621,0.9959324826363586
46622,0.989865333618917
46623,0.9994400598527226
46624,0.9845902199677752
46625,0.979094217152469
46626,0.9991992868640958
46627,0.6383050950888803
46628,0.9874853927441272
46629,0.9987420752738021
46630,0.9987458570513503
46631,0.9996910824563225
46632,0.9955813171248481
46633,0.9970233499330643
46634,0.9965047978224029
46635,0.9999270186993715
46636,0.9949965858108107
46637,0.9999441250916077
46638,0.38702413740455754
46639,0.9999739121279737
46640,0.9988742233927562
46641,0.9987494302913785
46642,0.9991112457257277
46643,0.9999835335976531
46644,0.9848894583288734
46645,0.9997242157137523
46646,0.9996994601987325
46647,0.9999882596442193
46648,0.9704284529752979
46649,0.9987198323933006
46650,0.9891030630385523
46651,0.9995447916466776
46652,0.9467605992221086
46653,0.9999636721784556
46654,0.9986640593708701
46655,0.9997373941885728
46656,0.5343089338070117
46657,0.9999731686265977
46658,0.9999935416819575
46659,0.9999554803938725
46660,0.9545076604916769
46661,0.996407461820773
46662,0.9986474689159213
46663,0.9995360014219705
46664,0.9992411657763756
46665,0.9678462377072149
46666,0.9993550869789226
46667,0.9796144912671971
46668,0.9511239054612213
46669,0.9975179939687734
46670,0.09927631024382041
46671,0.9999669482206269
46672,0.9999699992209511
46673,0.999774061301414
46674,0.9991279258937025
46675,0.9993670028690695
46676,0.9992453535242322
46677,0.9879006515649011
46678,0.9999314952562846
46679,0.960141639352791
46680,0.16088172818717042
46681,0.9998338737615039
46682,0.9981393470675215
46683,0.9981465136171483
46684,0.9919108712540105
46685,0.9989889036354995
46686,0.9997823384573142
46687,0.7509138588150561
46688,0.4164903103399802
46689,0.9942138834812234
46690,0.9994968480197698
46691,0.9994108343157607
46692,0.9999570248180459
46693,0.9631832606852518
46694,0.8722078794807364
46695,0.9998861864346872
46696,0.9996475879127897
46697,0.9999075372767317
46698,0.9997792023573081
46699,0.9986179267015406
46700,0.9509827507133213
46701,0.9999607705654682
46702,0.9989850668389466
46703,0.9999113289263433
46704,0.6448926009661727
46705,0.999466394540512
46706,0.9940906635245226
46707,0.9995316465692753
46708,0.9959607832732027
46709,0.9980918722970723
46710,0.9988059258616399
46711,0.9903273984829053
46712,0.9998461128715429
46713,0.994449159756044
46714,0.287924440193348
46715,0.9999637673271904
46716,0.9977544532354512
46717,0.9995743603167403
46718,0.9999281320849435
46719,0.9996052179230165
46720,0.9986055599496415
46721,0.9990612606083326
46722,0.890580267785017
46723,0.9983847254557661
46724,0.9985443351119055
46725,0.9101799762682846
46726,0.9841698630320641
46727,0.999952519599147
46728,0.9999323425889014
46729,0.9999703393701485
46730,0.921473146591597
46731,0.9998610665177701
46732,0.9944818678499555
46733,0.99998479707964
46734,0.998233247412233
46735,0.9998946683407944
46736,0.9999621760628715
46737,0.8565594149167309
46738,0.9999248748362196
46739,0.9961560938726475
46740,0.9922088130370733
46741,0.9490889967251042
46742,0.9750044716476546
46743,0.9939799294279398
46744,0.9995956610634262
46745,0.9999771002973772
46746,0.9945660025347701
46747,0.9999791274888651
46748,0.9968114818214362
46749,0.9995590791256523
46750,0.985976524126087
46751,0.9997886221128842
46752,0.04285582066687914
46753,0.9937773583962733
46754,0.9562332000866666
46755,0.8714470836858662
46756,0.9945406552760867
46757,0.9640987967559835
46758,0.9965419794565039
46759,0.999413983340977
46760,0.9998141413991856
46761,0.9873323975518978
46762,0.9978119413279672
46763,0.9999476387551338
46764,0.9867963574680112
46765,0.9994478898497636
46766,0.9997996968074923
46767,0.9990744599804767
46768,0.9999353149340529
46769,0.9997587826014425
46770,0.9996537656797464
46771,0.8943904715765442
46772,0.9997498449427997
46773,0.9945896892934664
46774,0.9999942043207493
46775,0.942150097562835
46776,0.9163437469240172
46777,0.9976068208431921
46778,0.999973565599981
46779,0.7940292159155999
46780,0.9999517984616066
46781,0.9999427755762107
46782,0.94983793496796
46783,0.999549734805114
46784,0.9758039460557381
46785,0.9997953726326428
46786,0.9999025061685477
46787,0.9936804052089441
46788,0.9990510403550679
46789,0.9996297155563467
46790,0.9476835979894002
46791,0.9999920355451105
46792,0.9993051811721377
46793,0.9993896874030742
46794,0.9970995693181999
46795,0.9985252655463877
46796,0.9974180797203597
46797,0.9781722078409266
46798,0.9995662393078685
46799,0.9852347977433796
46800,0.9964382505264379
46801,0.9999656736760826
46802,0.9995895814240525
46803,0.9990104735862926
46804,0.9637183627330835
46805,0.9967048349189028
46806,0.9999808701715897
46807,0.9996664924999336
46808,0.9983428667521547
46809,0.9994345217647338
46810,0.9999718962615989
46811,0.9994080094282547
46812,0.9963382424633037
46813,0.9999646240379947
46814,0.9998717813648713
46815,0.99977180410523
46816,0.8309178833896194
46817,0.7900059149337578
46818,0.998609832527422
46819,0.9991451028816497
46820,0.9992664421730034
46821,0.9951511879289072
46822,0.9919304701161004
46823,0.9597312460760207
46824,0.9999535637693028
46825,0.9999632624625396
46826,0.9946870268116523
46827,0.9991954467664337
46828,0.9988192062857713
46829,0.9831395113990516
46830,0.9991873961367425
46831,0.5770967040241348
46832,0.2469781439645613
46833,0.9939839435614398
46834,0.9999019586920597
46835,0.9686950626792206
46836,0.9960971661031812
46837,0.7448687311813321
46838,0.9996471442152938
46839,0.9999484945097314
46840,0.9999640985917736
46841,0.9986102268231517
46842,0.9989922180295011
46843,0.9989733698084492
46844,0.8475101837499754
46845,0.9915190953011717
46846,0.997231736325533
46847,0.3743401856271352
46848,0.999706915871452
46849,0.9994631851790742
46850,0.9994276192184082
46851,0.996974905681562
46852,0.9350671481063368
46853,0.9817545774956993
46854,0.9999798718170462
46855,0.9954332817256184
46856,0.994859761189721
46857,0.9888550496353339
46858,0.997038904957642
46859,0.9288731662568834
46860,0.9999826592735006
46861,0.9803634360672927
46862,0.9998447138955148
46863,0.9426341820600889
46864,0.9990528156588451
46865,0.9249641714006075
46866,0.9997408141350601
46867,0.993313871666029
46868,0.8109514571687403
46869,0.9892530643177583
46870,0.9999930666731927
46871,0.9915419276866192
46872,0.9998427058129767
46873,0.999341945009626
46874,0.9999924311209419
46875,0.983042842295248
46876,0.9994383445457197
46877,0.96518679453685
46878,0.9479339399550899
46879,0.956300775589162
46880,0.9999913678658633
46881,0.884565727348762
46882,0.9999825879987776
46883,0.9999100370186904
46884,0.9661176406076053
46885,0.9996351800867774
46886,0.9996862596870395
46887,0.9987418098341816
46888,0.9886841633306835
46889,0.9878448971620253
46890,0.9502981490955177
46891,0.999229039911615
46892,0.985845395300545
46893,0.7601930534687301
46894,0.9864800656299044
46895,0.9991760311079463
46896,0.6704834939571774
46897,0.9799399107820369
46898,0.9497310309178361
46899,0.99520816136157
46900,0.8050318834370782
46901,0.9976689573172494
46902,0.9986119372905495
46903,0.999792068755538
46904,0.9994514189252964
46905,0.9944046907025871
46906,0.99995636533564
46907,0.9945333207039397
46908,0.9999078748529598
46909,0.9972445379399254
46910,0.9993391088065816
46911,0.997633836804081
46912,0.28462490170247523
46913,0.9793456174559579
46914,0.24832708147261204
46915,0.9995429806209821
46916,0.6052153837074375
46917,0.9994074282583334
46918,0.9999938721811742
46919,0.9912192192077095
46920,0.9980478317381484
46921,0.9853913873711623
46922,0.9998416402665296
46923,0.9992225527016245
46924,0.944211066026107
46925,0.860068112046143
46926,0.9998557615546395
46927,0.9981076712414964
46928,0.9997253798923348
46929,0.9660857494443608
46930,0.9995469064829817
46931,0.9997593305701922
46932,0.9967700717269558
46933,0.9998963788580673
46934,0.9999808643376343
46935,0.9708098755436215
46936,0.9818321902470262
46937,0.8778228454751439
46938,0.9994426033823872
46939,0.9975724648007961
46940,0.9257164234254681
46941,0.9869954522571849
46942,0.9994871592883771
46943,0.9976861792654372
46944,0.8594973859787254
46945,0.9994555320162737
46946,0.9997549144699214
46947,0.999891095615498
46948,0.9986078079501353
46949,0.9999672087088939
46950,0.9999560617404712
46951,0.9998399147424102
46952,0.7714603938552335
46953,0.9999811834945089
46954,0.9819633803379908
46955,0.9996899676548907
46956,0.9986274571752315
46957,0.33073484880500476
46958,0.9941089867516489
46959,0.9999755222647938
46960,0.9905854691144966
46961,0.9856188724476899
46962,0.9999118212459244
46963,0.9969697312538832
46964,0.9983898058328932
46965,0.9965274986535286
46966,0.9995074503002996
46967,0.9967533786138921
46968,0.9995751215608261
46969,0.9994291111866052
46970,0.9089529141504337
46971,0.957169403422905
46972,0.9886569966712907
46973,0.989783076326531
46974,0.9999596217430261
46975,0.9997071517605647
46976,0.9988604100369572
46977,0.9709995034523443
46978,0.9950373303625761
46979,0.9998502714919907
46980,0.9970286322250251
46981,0.9736496641518415
46982,0.9902979692861421
46983,0.9228541681356649
46984,0.6502711231226583
46985,0.9999958372646647
46986,0.9979162833760163
46987,0.9996357828423865
46988,0.8937291156806608
46989,0.995803403109275
46990,0.9976077123561627
46991,0.9369688280003602
46992,0.9988661795242527
46993,0.9740750185377507
46994,0.9999868605210959
46995,0.9999774437647813
46996,0.8978121454278833
46997,0.9587140731520919
46998,0.9996076272428436
46999,0.9993859473937573
47000,0.9943651752583461
47001,0.9999946118676424
47002,0.9997058179521231
47003,0.9999530145837654
47004,0.9998703388690271
47005,0.9999357472181691
47006,0.9987963407904394
47007,0.9954188284419517
47008,0.9999383467516926
47009,0.9973656889920369
47010,0.998372946048314
47011,0.999389005385758
47012,0.9990183293178592
47013,0.9697139394386386
47014,0.9972828536833082
47015,0.9994095068984986
47016,0.9892209573438611
47017,0.9999242799111465
47018,0.9996045101750946
47019,0.9909579100157567
47020,0.9999188598048534
47021,0.9987650053323704
47022,0.9998553112540173
47023,0.9995529031713263
47024,0.9998551888220928
47025,0.9997979495981795
47026,0.9998149248528064
47027,0.9999364179860147
47028,0.9941209300150288
47029,0.8745751497563437
47030,0.9938433073777885
47031,0.999722100411138
47032,0.9994140514464647
47033,0.9774788179777786
47034,0.9998132266473806
47035,0.9915010305567644
47036,0.9805381646951407
47037,0.9999932064297046
47038,0.9998735244777083
47039,0.9997438988737392
47040,0.9865963036535754
47041,0.9996910554370709
47042,0.5874775100729244
47043,0.9999889280694669
47044,0.9932378983963861
47045,0.9996141741265129
47046,0.9997003216659488
47047,0.9999548125297417
47048,0.9996794833692787
47049,0.9965825425805807
47050,0.9982685585896048
47051,0.9999719860361344
47052,0.9846704343474598
47053,0.9998845808068406
47054,0.121555374592232
47055,0.9998901616940687
47056,0.07408968167321336
47057,0.9987069478972972
47058,0.99999153894473225
47059,0.9999821784758594
47060,0.9995243468348146
47061,0.999944178322293
47062,0.9991467338803125
47063,0.9997451322824207
47064,0.9999234514081347
47065,0.9531491183139985
47066,0.9999922942405238
47067,0.9999856130258068
47068,0.9992607650128712
47069,0.9994172459577255
47070,0.9927040608995253
47071,0.3792410847105171
47072,0.9995944178822272
47073,0.9992754088600004
47074,0.9986190096884432
47075,0.9927011023295595
47076,0.9756502453129888
47077,0.9166878117946682
47078,0.986464641786642
47079,0.9982879535959533
47080,0.9995634143296479
47081,0.9998089843338686
47082,0.9977591519601263
47083,0.999553813198081
47084,0.9996335445636362
47085,0.9999806906151119
47086,0.9999771395320971
47087,0.9993198841247524
47088,0.9792833609620578
47089,0.9998701141652873
47090,0.9999890881447661
47091,0.9943941539961417
47092,0.9867178962500699
47093,0.9991149295108344
47094,0.999983070956184
47095,0.9988025051860782
47096,0.9996884683034194
47097,0.9996465327638153
47098,0.999692190631134
47099,0.9999854317968592
47100,0.999390118331949
47101,0.9959928615431596
47102,0.993304193185439
47103,0.9864114905041028
47104,0.9999216046344327
47105,0.8975989921388348
47106,0.9991959047525296
47107,0.9999813307588808
47108,0.3793697061901715
47109,0.9992388039855601
47110,0.9862680804052227
47111,0.9986773423664568
47112,0.995968227668175
47113,0.9992373686050837
47114,0.938219269725678
47115,0.9997951222212001
47116,0.999708815687016
47117,0.9973216854669749
47118,0.9756929813705432
47119,0.9992881678189494
47120,0.9998993023812314
47121,0.9998663455439414
47122,0.9993676595500125
47123,0.9786441830446281
47124,0.9996253817624627
47125,0.999738297867936
47126,0.9974875805392289
47127,0.9998284001773209
47128,0.9977956746615896
47129,0.9899199200652624
47130,0.999966535422986
47131,0.9997301306305962
47132,0.992475417262821
47133,0.9954661297539146
47134,0.3386229089140144
47135,0.8948642664937231
47136,0.9994691038251335
47137,0.9999615479079255
47138,0.9972788712318486
47139,0.9998501307557066
47140,0.9960886241263341
47141,0.999583173064891
47142,0.9996464003649956
47143,0.9682771393284046
47144,0.999933607045343
47145,0.1646894267162547
47146,0.9999209981071375
47147,0.9987092708445391
47148,0.9998939676915793
47149,0.9998411621408761
47150,0.938003722668139
47151,0.9910495226257896
47152,0.9998885560401706
47153,0.9999715084384347
47154,0.975814719866134
47155,0.998825070830148
47156,0.911749625630718
47157,0.9992264298385585
47158,0.9394226945597339
47159,0.9973856107096815
47160,0.9987289971006665
47161,0.6413467361457769
47162,0.5738677648771898
47163,0.999939552010446
47164,0.9989610434758338
47165,0.9994594292555078
47166,0.9998821475734938
47167,0.9999714728106519
47168,0.9988033156343101
47169,0.9995098065580108
47170,0.9999978563764018
47171,0.8445086674448864
47172,0.9985373006697869
47173,0.9999174530925931
47174,0.9996413300245198
47175,0.9999944118910631
47176,0.9955681496243934
47177,0.994223209328542
47178,0.42515775382810334
47179,0.9998778117792968
47180,0.9577156219921894
47181,0.9999250849702281
47182,0.9996780187630572
47183,0.9999298157913258
47184,0.9999852061380432
47185,0.9902733771183608
47186,0.99691942350218
47187,0.9986263285454707
47188,0.9999610889544456
47189,0.999802090010023
47190,0.9969429402423439
47191,0.9989174478157126
47192,0.055179427833101306
47193,0.9994832733614308
47194,0.9751882719857053
47195,0.9970085278574267
47196,0.9999666165774109
47197,0.9996700470520743
47198,0.9987617707413297
47199,0.9989926464149635
47200,0.9952327163512127
47201,0.9970085956832166
47202,0.999961880499277
47203,0.9999459110311246
47204,0.9991068623193377
47205,0.9926241468751122
47206,0.9313718588375257
47207,0.999807494730313
47208,0.9999752293728283
47209,0.9930376760984571
47210,0.9995939266484325
47211,0.9991078944666629
47212,0.9999753505944358
47213,0.7238214648634029
47214,0.9999833961331671
47215,0.9992804196029549
47216,0.9766971742934214
47217,0.9937313922585459
47218,0.9367205512866054
47219,0.9033584960226848
47220,0.9999604068047986
47221,0.9538000088815143
47222,0.99987012716621
47223,0.9994794466731713
47224,0.7259040566112954
47225,0.9998817417156202
47226,0.9993417735110249
47227,0.9991774802430775
47228,0.9999910405770993
47229,0.999876342158906
47230,0.9952049281373756
47231,0.9999385432674657
47232,0.9121617926755009
47233,0.9998381262427938
47234,0.9999860149927068
47235,0.9984599216471162
47236,0.999899384714796
47237,0.9999156036221271
47238,0.9647256572006389
47239,0.999309581647097
47240,0.9948918307934542
47241,0.9230348208487388
47242,0.9985029146360165
47243,0.9992597853264256
47244,0.9988892535914137
47245,0.9856304799223139
47246,0.9996557328275516
47247,0.9999777512022977
47248,0.9995187934314868
47249,0.9892827773990733
47250,0.9999964692844268
47251,0.9999871070919621
47252,0.9996219527232889
47253,0.9999948893439291
47254,0.9997949217169076
47255,0.9621796929855254
47256,0.9998228675154127
47257,0.9997485490006951
47258,0.9959178099908379
47259,0.9034920328629187
47260,0.9992364911290437
47261,0.9975537587648238
47262,0.8446767855276422
47263,0.9852190162640064
47264,0.97280010668329
47265,0.9996556809048975
47266,0.9502901303691442
47267,0.9784254919378843
47268,0.9999879680356992
47269,0.9999535830465155
47270,0.9996958892572022
47271,0.9995207056200357
47272,0.9935671406525324
47273,0.999964433032155
47274,0.9949976758324963
47275,0.9994377138311205
47276,0.03354732861555338
47277,0.9234412421737052
47278,0.9792677210704822
47279,0.9982647017060704
47280,0.9988741073768814
47281,0.9970912772756719
47282,0.9997206713099982
47283,0.9983164819273648
47284,0.9999777042978534
47285,0.9818896939338518
47286,0.9993509184742685
47287,0.5603691022954908
47288,0.9999652117281472
47289,0.9993767762702764
47290,0.9999883575283117
47291,0.999422567296309
47292,0.9658763418029324
47293,0.9997599489284507
47294,0.9999774634893003
47295,0.7492480971267254
47296,0.9998575840586288
47297,0.9999276208596648
47298,0.9967603252889344
47299,0.9985028333893201
47300,0.9993833482352213
47301,0.29694993801030983
47302,0.9991832746448024
47303,0.999965809642924
47304,0.9999906128624502
47305,0.854983582924789
47306,0.9991895957893654
47307,0.9742265258579171
47308,0.9986101455187951
47309,0.9988914505037199
47310,0.9959961189323395
47311,0.9614393793608497
47312,0.9999621698401107
47313,0.9937912871497002
47314,0.9996426831368364
47315,0.997970238271028
47316,0.9606000599295127
47317,0.9999798283325572
47318,0.9999667442623887
47319,0.9956204706791913
47320,0.9999712577637351
47321,0.9989382842805091
47322,0.9989630835296066
47323,0.9960197822789941
47324,0.9972981714059906
47325,0.9979928849902425
47326,0.9987090672543923
47327,0.9998153041015695
47328,0.9784782391953719
47329,0.9958164076996708
47330,0.9997940495676952
47331,0.9304650261513903
47332,0.012522959906057455
47333,0.9638301083851295
47334,0.9989211682842871
47335,0.9999906935182586
47336,0.9968044455484596
47337,0.9998798594614964
47338,0.9991993484172134
47339,0.9996479673082
47340,0.967266800101509
47341,0.044322487559204954
47342,0.9926175188447588
47343,0.9978870730257594
47344,0.9999565731452731
47345,0.8172255243539813
47346,0.999461031793694
47347,0.9655382560905361
47348,0.9983806729365305
47349,0.9995265196914146
47350,0.9999691027836407
47351,0.9999776633842858
47352,0.9996781453520355
47353,0.6451386431956168
47354,0.6125473760284739
47355,0.9999847733115609
47356,0.9984483047055763
47357,0.9995775723937691
47358,0.9998207861747999
47359,0.9989011888881449
47360,0.9999618234814376
47361,0.45089945782406543
47362,0.9907690053374754
47363,0.9996791955714843
47364,0.36546086426638213
47365,0.8847683763522305
47366,0.9969524770800808
47367,0.9392859276542923
47368,0.9999846247649472
47369,0.9697550460026856
47370,0.9999083166486741
47371,0.9990967170282008
47372,0.9993626830459387
47373,0.9992404347846815
47374,0.9999716265100714
47375,0.9969522373051458
47376,0.9992078801774018
47377,0.9995583541528238
47378,0.8299850502235638
47379,0.9904735460178292
47380,0.9999377240604088
47381,0.999031739528794
47382,0.9966687431920005
47383,0.994623498295516
47384,0.9984793242325921
47385,0.5528382617562854
47386,0.862212106159297
47387,0.9995257447071082
47388,0.5372278771095247
47389,0.9995370908459122
47390,0.9999788583018746
47391,0.9457885644568734
47392,0.9987333913513715
47393,0.9972269073768847
47394,0.9802969060430996
47395,0.976643518413732
47396,0.9513858013437279
47397,0.8473364960175856
47398,0.9999060762756213
47399,0.999984629956425
47400,0.994591837043938
47401,0.9847625252957283
47402,0.9843465748292304
47403,0.9998695309534478
47404,0.9999989290186633
47405,0.9973526801249778
47406,0.9995530716918111
47407,0.998414198216684
47408,0.9991832475118779
47409,0.8410898978737724
47410,0.999760812618019
47411,0.9948941743567101
47412,0.9999562142335695
47413,0.9893410091917151
47414,0.9866510881819537
47415,0.9990183693330408
47416,0.9407710668830335
47417,0.9982100427721632
47418,0.9993723781872633
47419,0.9995352370976823
47420,0.9993555936868507
47421,0.9997133576548406
47422,0.9993174047879378
47423,0.9986980833832052
47424,0.9984674171447949
47425,0.9999807771894214
47426,0.9989528383627205
47427,0.9989587292746847
47428,0.9999560944070928
47429,0.998581964354377
47430,0.9997335542266
47431,0.9997497408109488
47432,0.9999525243972958
47433,0.9999612588832226
47434,0.999388798173159
47435,0.9805056857276193
47436,0.9978713864674068
47437,0.9995264546577458
47438,0.999979795596671
47439,0.9963227187411392
47440,0.9994930835890431
47441,0.9994753010630936
47442,0.7697321483806149
47443,0.9983995706786887
47444,0.9999948787963754
47445,0.9975967977848808
47446,0.9994798147692955
47447,0.9999772191391607
47448,0.9999955016194457
47449,0.9674829848366504
47450,0.9999426115941602
47451,0.9998820490878139
47452,0.9999300522935153
47453,0.9999491382241923
47454,0.9931039073708183
47455,0.9942107579908965
47456,0.9998951611808394
47457,0.9995702896403839
47458,0.9999833377454712
47459,0.9602482925524044
47460,0.9997093361946573
47461,0.9998228401410248
47462,0.9997809786474222
47463,0.9888350580136316
47464,0.9983977752608421
47465,0.9557173433987508
47466,0.9998594588294542
47467,0.9938441837064248
47468,0.9753225149343133
47469,0.9999392805217933
47470,0.9996794871715328
47471,0.9870670317994695
47472,0.9993162982427268
47473,0.999621768048921
47474,0.9712516613709606
47475,0.9993503767770398
47476,0.9932308485530941
47477,0.9958397022363505
47478,0.9354036798604476
47479,0.9989406677253714
47480,0.9916398855628739
47481,0.9999690211185831
47482,0.9994884447417517
47483,0.9994538434427321
47484,0.9989068278062491
47485,0.9998482890448946
47486,0.8430909169523858
47487,0.9995672469105333
47488,0.9991855249786733
47489,0.9066917866549521
47490,0.9939159396025093
47491,0.997238124765601
47492,0.9503837246349129
47493,0.9977262408935155
47494,0.9999009262912723
47495,0.9578359136753987
47496,0.996821285563611
47497,0.9910680268280425
47498,0.9998452675749304
47499,0.9994228634805219
47500,0.9986329448440074
47501,0.9998498067858068
47502,0.9599828633825764
47503,0.9999768058106128
47504,0.9901476149240359
47505,0.9999693002865837
47506,0.9990035345011065
47507,0.9999862104564357
47508,0.9367549760020585
47509,0.999631747211822
47510,0.9999883605900822
47511,0.9995181669047642
47512,0.9694757790306139
47513,0.9972519771725672
47514,0.9999962490836342
47515,0.9337411793529861
47516,0.9999577096217978
47517,0.9998835717672788
47518,0.9977706032086614
47519,0.9960749792639633
47520,0.9887828867624673
47521,0.9965374821511709
47522,0.9987950166558865
47523,0.7801161347943484
47524,0.9999856945095802
47525,0.9999948255673233
47526,0.9997842017798106
47527,0.9937475796373985
47528,0.9999455318201141
47529,0.9130513342259795
47530,0.9999660588308827
47531,0.9998894680512398
47532,0.9989178311393828
47533,0.9999302002202939
47534,0.9976460778219297
47535,0.999307259129982
47536,0.9983889336590392
47537,0.8867086109731687
47538,0.9978355346987459
47539,0.9985455275614904
47540,0.999259148876773
47541,0.9945785708528642
47542,0.999017084198889
47543,0.9997410767768509
47544,0.9999569423331374
47545,0.8126756807311877
47546,0.9994861464850389
47547,0.3189309760216836
47548,0.9995551032558725
47549,0.9992798460941887
47550,0.9997152936703091
47551,0.9908828463703222
47552,0.998762308677526
47553,0.9997769217404516
47554,0.8943904715765442
47555,0.9999910657534365
47556,0.9563601545571202
47557,0.9995935737499593
47558,0.9995552469665531
47559,0.8942282088187467
47560,0.9990675979788319
47561,0.47743863797835284
47562,0.6599347708691353
47563,0.9999182070640844
47564,0.99908915092165
47565,0.9986906843576591
47566,0.9996679686589547
47567,0.99979704441474
47568,0.9986866708738424
47569,0.9931478894259045
47570,0.9984816609807441
47571,0.998763507851744
47572,0.9999684644280784
47573,0.999497283462255
47574,0.9987185495727761
47575,0.987435234767435
47576,0.9941488723225459
47577,0.998651091401522
47578,0.9999037369217454
47579,0.9998748693231396
47580,0.9819002606068483
47581,0.9997690003547304
47582,0.9999646961716016
47583,0.9999272561371239
47584,0.999584038792086
47585,0.9999544465019515
47586,0.9541636074895784
47587,0.9994444679910713
47588,0.9975746009227601
47589,0.9978428239667507
47590,0.9999721218059436
47591,0.9997406987882878
47592,0.9998864283377389
47593,0.9999636476564975
47594,0.9996850951973791
47595,0.9997404776034059
47596,0.999870415552459
47597,0.9978527547003896
47598,0.9988428765815298
47599,0.9594042742047424
47600,0.99820558167089
47601,0.38049105276805617
47602,0.9977720862513904
47603,0.9939259728897623
47604,0.957804898063861
47605,0.9984657237042486
47606,0.9896348069205674
47607,0.6307931091289597
47608,0.9859270143732632
47609,0.9807446045405688
47610,0.9993265309917602
47611,0.9992016843132019
47612,0.9999719025913243
47613,0.9999360315468352
47614,0.8840045924013848
47615,0.9999669493850443
47616,0.93261698486856
47617,0.9852140221653832
47618,0.9998723621445469
47619,0.99238071825931
47620,0.9991586551806421
47621,0.9833364343597094
47622,0.9998130621145723
47623,0.9535206110143551
47624,0.9999811949826213
47625,0.9999510365315828
47626,0.9983809021560207
47627,0.6470397840567321
47628,0.9769289833531716
47629,0.9990861363799289
47630,0.9994572858458407
47631,0.9985485374212548
47632,0.9896040180350677
47633,0.9999411397967715
47634,0.9872307924739041
47635,0.6386407326892232
47636,0.999303201451068
47637,0.956386230320927
47638,0.9999852865910029
47639,0.9998177449345326
47640,0.9999543203772965
47641,0.998292710611513
47642,0.9999608958655268
47643,0.9992288582296022
47644,0.9940176883989774
47645,0.881657670879627
47646,0.999979800137823
47647,0.9997336076155658
47648,0.9542297140076529
47649,0.998409289064198
47650,0.9984381370612597
47651,0.9991681369957021
47652,0.02206180614325243
47653,0.9793807689289213
47654,0.960078388722035
47655,0.9071106165444178
47656,0.9999636606789786
47657,0.9972833549594238
47658,0.9999001444698938
47659,0.9999701871014077
47660,0.9999829070244399
47661,0.998778637723605
47662,0.9936711338922132
47663,0.9998969416279094
47664,0.9999601005506488
47665,0.9967707909852598
47666,0.9992997085133729
47667,0.9990289901456242
47668,0.9030303951155293
47669,0.9999209127435763
47670,0.9995017115328878
47671,0.9987955024811489
47672,0.9999119373710975
47673,0.9482014734144425
47674,0.9996307396839222
47675,0.9999887308752705
47676,0.9910370028270274
47677,0.9992238703211525
47678,0.4742289891922869
47679,0.9609718020043723
47680,0.9993145644330661
47681,0.9999093733953505
47682,0.9957118606796749
47683,0.9768418548229245
47684,0.9958811307984381
47685,0.9999789908446696
47686,0.9928776664172654
47687,0.9997169984002875
47688,0.9999390799816427
47689,0.9987129450654991
47690,0.9998728249962685
47691,0.9966319278043647
47692,0.9953167512320901
47693,0.9999737959981612
47694,0.9979213312208938
47695,0.9988428765815298
47696,0.9957919584217956
47697,0.9741397206619293
47698,0.9987948589335294
47699,0.9991769031161284
47700,0.9989034368675364
47701,0.9859512993855871
47702,0.9899988780054166
47703,0.9999863445291491
47704,0.9192582868254112
47705,0.9998982453913645
47706,0.9999500820887903
47707,0.9996370236139898
47708,0.9999094873798494
47709,0.9917659619243377
47710,0.9998410220044394
47711,0.9995346279904227
47712,0.9829949713710708
47713,0.995504091656342
47714,0.9884972691877983
47715,0.9769339439657413
47716,0.9998887917247616
47717,0.5886406328235493
47718,0.9681883636414369
47719,0.9981683452891976
47720,0.9551489567118431
47721,0.9995841065159172
47722,0.9864897416673608
47723,0.8184274423328042
47724,0.9998597247089652
47725,0.9943569273954054
47726,0.9987639361680253
47727,0.996978318295386
47728,0.9992552132582264
47729,0.954556336052363
47730,0.9994183509330927
47731,0.9997974464591036
47732,0.9997897208296569
47733,0.9998678252618197
47734,0.9999008209090616
47735,0.9999442628266171
47736,0.7418706714213276
47737,0.9997584069850523
47738,0.9999623502848429
47739,0.9995461793200889
47740,0.9999915027067828
47741,0.9998911076182013
47742,0.9999735847289256
47743,0.9999091615256266
47744,0.5115040172645238
47745,0.9999945554505392
47746,0.9999471321681597
47747,0.5534454720554879
47748,0.9998130629372032
47749,0.999985530034053
47750,0.9886556320963035
47751,0.9997576992564892
47752,0.999956138032372
47753,0.9999174274726114
47754,0.9041319056681664
47755,0.9999711778216541
47756,0.3503975240826592
47757,0.9924869472469208
47758,0.7260462365150913
47759,0.9171008275030736
47760,0.9999471894342703
47761,0.9991621237791454
47762,0.9668839197619541
47763,0.9994208096038525
47764,0.9955354985170678
47765,0.9997035519727332
47766,0.2572679526756171
47767,0.9999695195124417
47768,0.9995125333136204
47769,0.9581800658369947
47770,0.9997257103011303
47771,0.9904914938144831
47772,0.9840421854872803
47773,0.9984367491737313
47774,0.9998073491854758
47775,0.9889738654168002
47776,0.9992529345057155
47777,0.999962582149809
47778,0.7655193349480218
47779,0.9979291837209451
47780,0.9986968612825371
47781,0.7794981151360193
47782,0.99988565416251
47783,0.19170422233503787
47784,0.9998690475184273
47785,0.9994351128639368
47786,0.2787180707737308
47787,0.9994564758566795
47788,0.9722760637737761
47789,0.9996673281856837
47790,0.9974390274868377
47791,0.9995534356643111
47792,0.9999006563475777
47793,0.992285990498189
47794,0.9990155768749656
47795,0.9707529520478079
47796,0.9994009705968964
47797,0.9171399242100858
47798,0.9966612778399792
47799,0.9996865855867632
47800,0.9993580005333159
47801,0.999970165934793
47802,0.9991591656117513
47803,0.9963128149064694
47804,0.9815588487696637
47805,0.8897043560800542
47806,0.9999974374688118
47807,0.9973341351529443
47808,0.9992433055437304
47809,0.999954872391988
47810,0.9999755020687615
47811,0.9999274940801035
47812,0.9979774454222343
47813,0.9753097353134013
47814,0.9993649768133123
47815,0.9992061964028601
47816,0.9991363985684113
47817,0.9995372074989995
47818,0.9980995189836237
47819,0.9857152343154106
47820,0.997299322981746
47821,0.9993853728483011
47822,0.9413466928459095
47823,0.9996512400727918
47824,0.9999209070375272
47825,0.999505662276641
47826,0.9996270630963687
47827,0.9999565908149117
47828,0.9987595467266206
47829,0.9897212730035602
47830,0.999808708457925
47831,0.9980556557829883
47832,0.998078093188597
47833,0.9998877819029415
47834,0.9901939177797233
47835,0.9928459583140613
47836,0.9940481732615577
47837,0.9989992611718814
47838,0.9999844503928152
47839,0.9999275792166262
47840,0.9994853090136444
47841,0.9964885933326475
47842,0.9996270498319749
47843,0.9974534931543728
47844,0.9961095736825818
47845,0.0036026102070621773
47846,0.997679859722646
47847,0.9984761593054104
47848,0.9967195078107024
47849,0.9991055356285866
47850,0.99906980983785
47851,0.9996092831617743
47852,0.9841073776013345
47853,0.9999854507932404
47854,0.98697998411713594
47855,0.9162024052640907
47856,0.9997012670329073
47857,0.9977739845945429
47858,0.9932963384966715
47859,0.998613987350741
47860,0.9989770146888666
47861,0.9934694052653338
47862,0.9999812814370781
47863,0.999869635497084
47864,0.9999975031067911
47865,0.9996644410233635
47866,0.9992582976749377
47867,0.9848454053227967
47868,0.998701534550582
47869,0.9993568958257426
47870,0.9994740423363591
47871,0.9999650744430354
47872,0.9992647763535395
47873,0.9992940419009447
47874,0.9967670637153662
47875,0.9996469113130032
47876,0.6663154297075091
47877,0.9962098108326555
47878,0.6286037611740108
47879,0.9997743902322654
47880,0.9999852547155312
47881,0.9919625613541321
47882,0.9959457302219139
47883,0.6294520776259472
47884,0.9992868901084995
47885,0.9998707292370896
47886,0.9980118885959278
47887,0.9998858218772126
47888,0.9857076467596477
47889,0.9631395919684411
47890,0.9995388056621295
47891,0.9929352098715026
47892,0.7129489716134487
47893,0.9995898084344822
47894,0.9999549983964192
47895,0.9987945064255199
47896,0.9999518640666635
47897,0.9985760170846834
47898,0.9973254157366584
47899,0.9956635790837485
47900,0.9999881006546966
47901,0.09037489152104052
47902,0.9661197894478077
47903,0.9999933589013063
47904,0.9995601424860063
47905,0.9994532070912542
47906,0.9340969448745424
47907,0.9999761235527134
47908,0.999962842698808
47909,0.9944034740329856
47910,0.999414172568607
47911,0.989883758092166
47912,0.9564951577045095
47913,0.9930811214829255
47914,0.9974460363467924
47915,0.9996603574600468
47916,0.9999531008815735
47917,0.9961729398281435
47918,0.9993025538214585
47919,0.999666250341352
47920,0.9876700812899285
47921,0.9959986695934383
47922,0.9888914042864368
47923,0.9893346362794779
47924,0.999284677900271
47925,0.9872737330875753
47926,0.9995605413796165
47927,0.926753442823047
47928,0.023037534745634032
47929,0.9890179096703984
47930,0.9996190624159977
47931,0.9968886620082292
47932,0.9999843103569955
47933,0.995377289079675
47934,0.9998763692248834
47935,0.9995652727197412
47936,0.9798096065074025
47937,0.9999549950005877
47938,0.9902265651703633
47939,0.9997162587615073
47940,0.002032784956271268
47941,0.9994385127221745
47942,0.9981605777346021
47943,0.9902912329358263
47944,0.9998620265912048
47945,0.3398631924051656
47946,0.9778295246900118
47947,0.99912119052552
47948,0.9993237942539003
47949,0.9999936720230806
47950,0.9987104529597167
47951,0.962906481764894
47952,0.999372444022549
47953,0.999971297707799
47954,0.9999497069178589
47955,0.9998590598207304
47956,0.9937335559058487
47957,0.9913144057199186
47958,0.8864630407992029
47959,0.9168783616613727
47960,0.9998869115725743
47961,0.9997588718235497
47962,0.9953489053053578
47963,0.99976774856756645
47964,0.9867607897391234
47965,0.9533712857577762
47966,0.9991104837373636
47967,0.9995151901259867
47968,0.9990760224988503
47969,0.99712808356947
47970,0.9983375180209024
47971,0.8863023839804373
47972,0.9989980536593929
47973,0.9994453276017935
47974,0.9801446204481212
47975,0.9996850951973791
47976,0.9912414927625701
47977,0.9999810989471902
47978,0.9999805850581623
47979,0.9925996560013844
47980,0.9999733391195084
47981,0.9970111811325213
47982,0.9861943780795861
47983,0.9505529512770886
47984,0.9999150879483333
47985,0.9531337170425168
47986,0.9913594478960669
47987,0.9999959725760795
47988,0.999995994562211
47989,0.5263821731489265
47990,0.9587781548390641
47991,0.9940571067482078
47992,0.996272307600929
47993,0.9992642117471496
47994,0.9988909636359566
47995,0.9997356068437175
47996,0.9994466759889395
47997,0.3571375848503576
47998,0.9999144446486121
47999,0.9996212800578852
48000,0.9987083146965161
48001,0.9999951762667854
48002,0.9994236018136466
48003,0.9658511365197207
48004,0.9998125959551729
48005,0.9587873927243338
48006,0.1390723565959358
48007,0.9998786736279568
48008,0.9820462939206612
48009,0.8273506477636972
48010,0.9685421206409693
48011,0.9012199158473975
48012,0.9987208588171418
48013,0.8185861339891839
48014,0.9986989708607661
48015,0.9999918177738916
48016,0.9999049202426049
48017,0.9987798408943441
48018,0.9092267190623609
48019,0.9997734456948089
48020,0.9999722064102172
48021,0.9866041069995632
48022,0.9995185568604933
48023,0.9997482413439803
48024,0.9999747087067598
48025,0.9836180283103895
48026,0.9752994367403984
48027,0.08627709006576184
48028,0.9988353467335153
48029,0.9948385725354887
48030,0.9985424163400567
48031,0.9976768484780719
48032,0.9986648713860804
48033,0.8545503569446051
48034,0.9991610831696257
48035,0.9994523561655012
48036,0.9747253320915268
48037,0.9999219803736928
48038,0.9999758425639079
48039,0.8602717292961081
48040,0.999079787795982
48041,0.9994404972327604
48042,0.985781102855326
48043,0.9938794955216459
48044,0.9990590191832653
48045,0.999797340042333
48046,0.9820571102694527
48047,0.9999662821248643
48048,0.9997866152648607
48049,0.9998466905424529
48050,0.9998412380375699
48051,0.7996396659770163
48052,0.9900716245251676
48053,0.9998665405187017
48054,0.9981791056156978
48055,0.9976366578683423
48056,0.9737018362926371
48057,0.9998166916502887
48058,0.9999722466917964
48059,0.9970131711278629
48060,0.9974967188888343
48061,0.9995555720388095
48062,0.999468078453715
48063,0.9991506505197096
48064,0.9973982106323656
48065,0.9997790664610339
48066,0.5737394976635576
48067,0.9948275577793056
48068,0.999817955506396
48069,0.9970401729409614
48070,0.9991801745061675
48071,0.9990492500291189
48072,0.9744575579301796
48073,0.9978063842664721
48074,0.9999419347720221
48075,0.9993529059354652
48076,0.970533916482556
48077,0.9673756268322454
48078,0.9947750330877952
48079,0.9983782240760383
48080,0.9964796911806221
48081,0.9999120271681439
48082,0.9999700330836204
48083,0.9997238525189235
48084,0.9993728930829462
48085,0.9342748537942173
48086,0.9999686534100694
48087,0.9997804476644662
48088,0.9992207738244754
48089,0.9999816957781303
48090,0.9975907329673528
48091,0.9998075423097216
48092,0.9532285432360831
48093,0.9999260663278252
48094,0.02185233326484678
48095,0.9771333924731419
48096,0.9993255818076738
48097,0.9999772532060016
48098,0.9978196390441616
48099,0.9998536476629449
48100,0.9996010765885355
48101,0.9630984219875098
48102,0.9989797349259738
48103,0.26180046374300514
48104,0.9999479355132639
48105,0.9981713685864134
48106,0.9651554592406629
48107,0.999892099682966
48108,0.9998301369335825
48109,0.9993465434309378
48110,0.7170440634983607
48111,0.9978100427604393
48112,0.9999633136620389
48113,0.9997202488600576
48114,0.9991507465789771
48115,0.9999780451728406
48116,0.9993775836783628
48117,0.9967974611311058
48118,0.999818438525075
48119,0.5102727441442255
48120,0.9995889076444703
48121,0.9935868143515415
48122,0.9999804023941088
48123,0.9996978080964616
48124,0.9415579031794662
48125,0.9969225799071142
48126,0.9994452675618285
48127,0.9999444893403829
48128,0.9574911863206247
48129,0.9997201559309461
48130,0.9996064483107396
48131,0.9997705527632325
48132,0.9967849580071086
48133,0.9995844391044801
48134,0.9139503485433971
48135,0.9991076351747943
48136,0.9991783212537331
48137,0.06506488495790783
48138,0.9999256830038287
48139,0.9996465307601906
48140,0.9999533206302731
48141,0.9990304333444302
48142,0.9999690182613972
48143,0.9994919246544681
48144,0.9879332737049996
48145,0.999760832583332
48146,0.9998742352756315
48147,0.9216437601014076
48148,0.98639210398008
48149,0.992694551928595
48150,0.9997797651828504
48151,0.9887104537455444
48152,0.8910680931513381
48153,0.9998029689434642
48154,0.9945495450739071
48155,0.9997509774651814
48156,0.9999303336650128
48157,0.9994189089678583
48158,0.994469470950346
48159,0.999542892376718
48160,0.999958640381715
48161,0.9946721441145513
48162,0.9999317138956508
48163,0.9983432717859855
48164,0.9986166188224053
48165,0.8432049036132381
48166,0.9940201070039961
48167,0.9999697800594345
48168,0.9443461089148985
48169,0.9048833286723285
48170,0.8303128732099446
48171,0.9423184176475465
48172,0.9048614553219937
48173,0.9988661795242527
48174,0.058206443507084156
48175,0.9999690519584498
48176,0.9960905275144177
48177,0.9305458320401159
48178,0.9168233908549714
48179,0.9999968077348629
48180,0.9993269446475007
48181,0.9996604555064863
48182,0.9998989961482384
48183,0.9995243722794627
48184,0.9845409390211329
48185,0.9003745243340139
48186,0.6936602616522948
48187,0.999216563500287
48188,0.9603697791306278
48189,0.999866567686855
48190,0.9980271234272945
48191,0.9995551364358678
48192,0.9987331595598433
48193,0.9677760850758726
48194,0.9999412123841425
48195,0.9994494539361793
48196,0.9949109398662362
48197,0.9995490095592221
48198,0.9991666487784245
48199,0.9990350618882436
48200,0.9882369295913486
48201,0.962806604784594
48202,0.046974441690751316
48203,0.9984776138623176
48204,0.9981849987358674
48205,0.6787303725493075
48206,0.8441283364213163
48207,0.999539270264902
48208,0.9996492658690601
48209,0.9999842931978673
48210,0.9925988926222459
48211,0.9999948091983116
48212,0.9997183555689397
48213,0.9882043671531452
48214,0.10262401336479772
48215,0.9981904955204444
48216,0.9954989175012491
48217,0.9999000192962305
48218,0.9974204859226637
48219,0.9865890929769454
48220,0.9990666683239303
48221,0.9999737346863311
48222,0.999960174366881
48223,0.9999339481175802
48224,0.9998157144850619
48225,0.9998370289709743
48226,0.9809286639447422
48227,0.9899834607401439
48228,0.9954430786874386
48229,0.9999976550574845
48230,0.9998598582837459
48231,0.9999466022034988
48232,0.9712585336499356
48233,0.9990713596235314
48234,0.9973878490304295
48235,0.9998617060092717
48236,0.9973910184638092
48237,0.9999073557461313
48238,0.42799192951164444
48239,0.9991653686915509
48240,0.9987055092277541
48241,0.9999323806467456
48242,0.999333251701643
48243,0.987274144676473
48244,0.999950276376917
48245,0.9988711411782271
48246,0.998532107566571
48247,0.9999360294052214
48248,0.9991032779859697
48249,0.9990805649543102
48250,0.9998500737806789
48251,0.9999559028473621
48252,0.7472858495823321
48253,0.23592511712629685
48254,0.9721916886007446
48255,0.9999140994755708
48256,0.9984673310740958
48257,0.9844847270937255
48258,0.9952422037327763
48259,0.959167896069278
48260,0.9473887057161331
48261,0.9992075989991579
48262,0.9900532545865829
48263,0.966304587571915
48264,0.9976276541742142
48265,0.9860829562960456
48266,0.35591967506469424
48267,0.32183741083151185
48268,0.999388188095065
48269,0.9991683052956505
48270,0.9991270805220609
48271,0.9984540621871916
48272,0.9999972076964045
48273,0.9988478724285335
48274,0.9671484056902523
48275,0.9990147269849599
48276,0.9993617223935932
48277,0.9973013718101355
48278,0.9956389595560065
48279,0.9710130566391038
48280,0.9944871776149632
48281,0.999981126391208
48282,0.9852718514942524
48283,0.9997682233559514
48284,0.9974771591077005
48285,0.9994245826662471
48286,0.9993896874030742
48287,0.9137459764248421
48288,0.998791842293591
48289,0.9909766056433084
48290,0.9996895500878459
48291,0.9999924407023346
48292,0.9995987154681956
48293,0.9998242632410095
48294,0.9637464292397023
48295,0.9961907427396838
48296,0.9937072234172895
48297,0.9993953281196377
48298,0.040929617150922644
48299,0.995601362819611
48300,0.999201742443735
48301,0.997777662173427
48302,0.999914063269168
48303,0.9973647290725645
48304,0.8350181020433688
48305,0.999990443875887
48306,0.9988856596385979
48307,0.9563601545571202
48308,0.9933926027885943
48309,0.9904371920261099
48310,0.7935454116238005
48311,0.9934244041280482
48312,0.5559413341238072
48313,0.999986070230793
48314,0.9998706696720429
48315,0.99934128296003
48316,0.9984019587491032
48317,0.999722455696407
48318,0.9948452084195238
48319,0.9995654440400327
48320,0.997660342977518
48321,0.9930696575827533
48322,0.9903482956422401
48323,0.9997338302209479
48324,0.9222352795020137
48325,0.9996792042533944
48326,0.9998873158909103
48327,0.9684346969768818
48328,0.9999941716451549
48329,0.9993681775741063
48330,0.9979469676420308
48331,0.9999461889166138
48332,0.9962722354800951
48333,0.9989128426330898
48334,0.9999853897753849
48335,0.9997666607033886
48336,0.9975792009241679
48337,0.9854904097254293
48338,0.999981318149852
48339,0.9999903743740085
48340,0.9993682901286016
48341,0.9991788126327209
48342,0.9994736854993703
48343,0.9985960232776262
48344,0.9999790773665138
48345,0.9355946788068006
48346,0.9975907978411802
48347,0.2615958812325324
48348,0.999994105071777
48349,0.9998234338037808
48350,0.9999074347095628
48351,0.9999010159939676
48352,0.998823833235899
48353,0.9654371698215501
48354,0.9998515104960782
48355,0.9999706055330461
48356,0.9998511523562399
48357,0.9880642382696803
48358,0.9995766654977635
48359,0.9992778269823265
48360,0.9995139547085493
48361,0.9994987123809544
48362,0.9988521546627417
48363,0.10398776684563803
48364,0.9999828570814452
48365,0.9998114206497204
48366,0.9744960510231155
48367,0.43409475196116587
48368,0.4995658348760668
48369,0.9999936033982166
48370,0.999980818249694
48371,0.9837584990958296
48372,0.9999283039860106
48373,0.9998044240915874
48374,0.9979535279280191
48375,0.9995067553530885
48376,0.9999093663540765
48377,0.04483532040306731
48378,0.11896424851002738
48379,0.9991096863609626
48380,0.9594949096939949
48381,0.999986579058547
48382,0.9968827270413028
48383,0.9997307642554457
48384,0.9373914247686386
48385,0.9996113278499451
48386,0.9914411438736138
48387,0.9979547672952089
48388,0.9625802345996111
48389,0.9991785893214171
48390,0.13891150176728098
48391,0.9980309827866287
48392,0.9540269843807805
48393,0.9999796257690502
48394,0.9968640005375368
48395,0.9996657284618478
48396,0.9988820744757323
48397,0.9964341944498747
48398,0.9981607154882374
48399,0.9995602668906826
48400,0.9829761007394575
48401,0.9999187902333138
48402,0.9999255618587848
48403,0.9998276178150531
48404,0.8636750504297949
48405,0.9999722664823774
48406,0.9999405736260507
48407,0.9999235339944287
48408,0.9929419816339928
48409,0.9999676186699612
48410,0.9956016544201516
48411,0.9786747234260695
48412,0.9992554892906669
48413,0.9329634455181756
48414,0.9843556791071718
48415,0.9997677324537914
48416,0.9965529346144546
48417,0.9938541607651722
48418,0.9983198276310855
48419,0.9999071011193568
48420,0.9999530851161437
48421,0.9996048682548526
48422,0.9988184409962164
48423,0.997777803257318
48424,0.9988017512124765
48425,0.9209004603603168
48426,0.9997826796410519
48427,0.9994053218278313
48428,0.970165785942705
48429,0.9965196528955428
48430,0.9996561290809676
48431,0.9994964559109467
48432,0.9660756973074054
48433,0.9851484071029644
48434,0.9989138365334976
48435,0.9900688753832693
48436,0.9994959298663247
48437,0.6130144907911347
48438,0.9999613244070144
48439,0.9872292359105908
48440,0.9983274549375225
48441,0.9996558936378445
48442,0.9969900649293406
48443,0.999255250386143
48444,0.9994327706646897
48445,0.9990475041083249
48446,0.9390376889194662
48447,0.999991375995471
48448,0.9989512510775358
48449,0.6834361483644057
48450,0.999760783344716
48451,0.9835891468824912
48452,0.6814337656760121
48453,0.9983250106791957
48454,0.9872737330875753
48455,0.9995450548761379
48456,0.989917389808791
48457,0.9990264040536609
48458,0.9993687619575677
48459,0.9999655725784526
48460,0.9875090105547543
48461,0.9990695742591681
48462,0.999961899923026
48463,0.9999320512581027
48464,0.999521470057226
48465,0.9911081301912463
48466,0.10369204067507197
48467,0.9989753592883083
48468,0.9996809961759876
48469,0.8885839873806906
48470,0.999985077462391
48471,0.9982526394930121
48472,0.9999028654707987
48473,0.999998976471407
48474,0.9831295743653168
48475,0.9997215295206228
48476,0.9998338452177415
48477,0.9984568656097959
48478,0.9964516906077999
48479,0.9995911866541495
48480,0.986415393133555
48481,0.9992533549121972
48482,0.999924451597631
48483,0.9999911736697981
48484,0.999586296854309
48485,0.9963058599194174
48486,0.9999584675523905
48487,0.9900416454618481
48488,0.9999818642953748
48489,0.9949043759227381
48490,0.9999799004169901
48491,0.9987665838869411
48492,0.9878256891384773
48493,0.9999120056556459
48494,0.9973858277533852
48495,0.9998614917643756
48496,0.9999028654707987
48497,0.9994480503795904
48498,0.9958361476130508
48499,0.999335481820832
48500,0.999974727601014
48501,0.9996253868807792
48502,0.20561183368827007
48503,0.2838298757045487
48504,0.9999704825639617
48505,0.9899749681490557
48506,0.9993743370219186
48507,0.9999490262319949
48508,0.9982471426179272
48509,0.99994964996763
48510,0.9998883748773678
48511,0.9998735239758392
48512,0.9997144282443213
48513,0.9963840792894213
48514,0.9847365997132194
48515,0.982107750811044
48516,0.9893227395530513
48517,0.9998002061548993
48518,0.9997168771120175
48519,0.925988900005846
48520,0.9991064170225857
48521,0.9911807360437451
48522,0.9995409534794787
48523,0.9954007514661196
48524,0.4401536195958943
48525,0.9901639469213902
48526,0.999559641326307
48527,0.9989930372656627
48528,0.9578176249158808
48529,0.9996696314150024
48530,0.9988919860864296
48531,0.998622574778823
48532,0.9990331857708616
48533,0.9995269474364535
48534,0.962975260725482
48535,0.9209883657340906
48536,0.9661697037737088
48537,0.9998370471560583
48538,0.9999900976528241
48539,0.9979334981964791
48540,0.09244759282348783
48541,0.9999679410246535
48542,0.9579810765441864
48543,0.999932644199821
48544,0.9999906922762943
48545,0.9999941583903406
48546,0.9998922368114408
48547,0.999846295071815
48548,0.9998530656655491
48549,0.999790977515451
48550,0.7017487332023175
48551,0.9915868019566618
48552,0.9997620848828417
48553,0.9999747023755657
48554,0.9999297181708803
48555,0.9235003691301186
48556,0.9997766293086994
48557,0.9999524196950693
48558,0.9999111112824219
48559,0.9504158706777562
48560,0.9979074733778479
48561,0.9986893706644417
48562,0.9999026265653618
48563,0.9912603890046199
48564,0.9999727361505218
48565,0.9575463833792295
48566,0.9947456682373639
48567,0.9993092716664532
48568,0.9905698269227298
48569,0.9997516721574005
48570,0.9998307695215684
48571,0.992014153139721
48572,0.9997189576512837
48573,0.9990076983422931
48574,0.998311900501468
48575,0.9959607832732027
48576,0.9990821062864043
48577,0.8749218613412733
48578,0.9999828076819551
48579,0.9999955008699458
48580,0.9994085177761105
48581,0.993715654888865
48582,0.999402114122716
48583,0.9998222294777193
48584,0.9895509242505957
48585,0.99684086648993675
48586,0.9998747140502642
48587,0.9910740552381221
48588,0.9993873756146329
48589,0.9997551102030852
48590,0.8897677755823021
48591,0.9329508029033847
48592,0.9821230025753132
48593,0.9959329949898172
48594,0.9995090856344423
48595,0.9996738896449946
48596,0.9993780945535524
48597,0.4748244404656068
48598,0.9999766845485247
48599,0.9998162509932212
48600,0.999537375679826
48601,0.999589733240182
48602,0.9878204680476412
48603,0.9950215589992738
48604,0.9999413601779149
48605,0.9905756733911738
48606,0.9999478184942476
48607,0.8292097991429125
48608,0.908837988212388
48609,0.9744002589037388
48610,0.984302910539473
48611,0.9529602879495893
48612,0.999384917084238
48613,0.9999753068679553
48614,0.9999979393912191
48615,0.9999733362337073
48616,0.9996862927811359
48617,0.9888743844592072
48618,0.8685695398513441
48619,0.9998377499072352
48620,0.9987168032529563
48621,0.9989097102625685
48622,0.9999765384482332
48623,0.9999780335344303
48624,0.99961803191748555
48625,0.9975269718211557
48626,0.9998295277103324
48627,0.9999231014196012
48628,0.9984137287844445
48629,0.966600946154453
48630,0.999924808406221
48631,0.99991579535032
48632,0.9976585310010587
48633,0.9996075062763191
48634,0.9956137417528688
48635,0.9766434725250165
48636,0.9995386588514733
48637,0.9966612778399792
48638,0.9919417990833314
48639,0.9997494647239985
48640,0.9985445136450987
48641,0.9932849640600853
48642,0.9941501779966669
48643,0.9998953177850531
48644,0.9958038779387495
48645,0.9990645500129717
48646,0.9999428269820233
48647,0.999944584533369
48648,0.9995204163176945
48649,0.9919857909855896
48650,0.9958154561055039
48651,0.9999955690604765
48652,0.999391690822569
48653,0.9968515624550818
48654,0.9999005488253948
48655,0.9993566867184891
48656,0.9970163127052357
48657,0.9975888040300991
48658,0.9935804848406999
48659,0.9929515554700652
48660,0.966913701463477
48661,0.9420118415884464
48662,0.9978005653342924
48663,0.9983990281023134
48664,0.9962015917633098
48665,0.9995081978272541
48666,0.9998973844312337
48667,0.9983939773524303
48668,0.9999563633059824
48669,0.9999073793412872
48670,0.990607375025871
48671,0.9986292530847284
48672,0.9994766397760843
48673,0.9991219288920233
48674,0.9644651880145941
48675,0.9994790291083911
48676,0.9999752373745702
48677,0.9932084623189232
48678,0.9996564856039725
48679,0.9989062687855538
48680,0.9999560594306124
48681,0.9087798064836613
48682,0.9999827904214675
48683,0.9897712433248665
48684,0.9986643365702406
48685,0.9999816907886087
48686,0.995364205985076
48687,0.954622314083235
48688,0.9996161444002715
48689,0.9999837933991274
48690,0.9999852006625305
48691,0.9616010315066881
48692,0.9990568217505018
48693,0.9999923336961835
48694,0.9925902213597168
48695,0.6746600469372634
48696,0.985170350027576
48697,0.9960302480805905
48698,0.9997772652751127
48699,0.9998473455629385
48700,0.999968491100388
48701,0.9994875123538718
48702,0.998556469120901
48703,0.9846213877675211
48704,0.9997620293832801
48705,0.9999766205438708
48706,0.9998663610135488
48707,0.990213651861204
48708,0.964018047658618
48709,0.9994553357386453
48710,0.9999654732184239
48711,0.9818692485762645
48712,0.9273629049831758
48713,0.8758992783197652
48714,0.9987543502587891
48715,0.9892658225800242
48716,0.630912653024441
48717,0.9984947774100995
48718,0.059266131218446635
48719,0.9987134062922072
48720,0.9124756181258415
48721,0.9992303960432478
48722,0.9146552789066443
48723,0.9992381670297373
48724,0.9994151106285721
48725,0.997794157886763
48726,0.9971339507085177
48727,0.9935798912269059
48728,0.9935039748370974
48729,0.9988212726656632
48730,0.9945257816205949
48731,0.9991966952012897
48732,0.9977067686835026
48733,0.9961206941414072
48734,0.9998437999244182
48735,0.9998458471174472
48736,0.9787419475898687
48737,0.9999941723922391
48738,0.9989220753632276
48739,0.9992111636065312
48740,0.989913171863383
48741,0.9858272754228691
48742,0.9995587246249372
48743,0.9964370409193323
48744,0.9999341835881951
48745,0.9999744108529766
48746,0.9999812174984676
48747,0.9999814494200833
48748,0.9999938719593409
48749,0.9979298400384635
48750,0.9993183643826351
48751,0.9998463163531539
48752,0.9975551394939305
48753,0.9936291923801669
48754,0.9999805516821698
48755,0.6604286299926111
48756,0.9862760324307317
48757,0.999442648356783
48758,0.9940559035758267
48759,0.9996064535052069
48760,0.9994595190352857
48761,0.9989078733323548
48762,0.9994520583730172
48763,0.9965759581842566
48764,0.16909142511848296
48765,0.9999545399744436
48766,0.9979203131772267
48767,0.9835651568639603
48768,0.9661008837211098
48769,0.9996672848089355
48770,0.9997481734976645
48771,0.9996506043450057
48772,0.9994420915374612
48773,0.999881471776768
48774,0.9995000436509421
48775,0.9995846381282909
48776,0.9947707002219903
48777,0.9990843280028591
48778,0.9975074296575965
48779,0.9999935924588278
48780,0.8062129592081877
48781,0.9999738613937295
48782,0.921265743595547
48783,0.9785681244181145
48784,0.9984871976350087
48785,0.999705760618822
48786,0.9989738881963212
48787,0.9685202831747649
48788,0.9999692810609986
48789,0.9932875865522901
48790,0.9996649331192954
48791,0.9908943247766874
48792,0.9992245736331526
48793,0.9930268415265783
48794,0.9972113289812824
48795,0.999878663800159
48796,0.9993066282796756
48797,0.9999028654707987
48798,0.9998572467734638
48799,0.9987947388241432
48800,0.9306807661633361
48801,0.9998579184776015
48802,0.9999791716289667
48803,0.9994408964418279
48804,0.9874220050046945
48805,0.9991991317356643
48806,0.9999567235560001
48807,0.9833206916707002
48808,0.9996368429095158
48809,0.99985894877861
48810,0.9999685101349433
48811,0.9996247384456931
48812,0.5199180966232245
48813,0.9999929618949437
48814,0.6192301665535439
48815,0.9998879522576373
48816,0.9998598893323162
48817,0.9999538901898803
48818,0.9783829268129273
48819,0.027006653442934826
48820,0.99736184554873
48821,0.9992875407039514
48822,0.9992750669895581
48823,0.9770905823036572
48824,0.9715040888574159
48825,0.999582019934248
48826,0.9998272535684373
48827,0.9944798082015963
48828,0.9999696449212508
48829,0.9983831133960156
48830,0.9999339587734182
48831,0.9994505131300425
48832,0.9999376359468687
48833,0.9999973994701895
48834,0.2858118178439234
48835,0.8840045924013848
48836,0.9975674403344447
48837,0.9984505023700975
48838,0.9899275544538081
48839,0.7036785370254697
48840,0.9998294245661539
48841,0.9891540971990811
48842,0.9983434366724437
48843,0.9983993713823486
48844,0.9998503166716742
48845,0.9736476428792343
48846,0.9998019845262179
48847,0.9944420940918804
48848,0.9785619741885523
48849,0.03796016301727932
48850,0.9955299226185584
48851,0.9997484814947487
48852,0.9960811188127767
48853,0.9999040559138854
48854,0.9928031912508832
48855,0.9993735630745972
48856,0.9991455172533744
48857,0.9994911186468097
48858,0.31097993566290216
48859,0.979214081954957
48860,0.9927347175178949
48861,0.9109342901927683
48862,0.9999663752142119
48863,0.9978788957590903
48864,0.9896738835341998
48865,0.98758733526218
48866,0.999782386607324
48867,0.9999060983721766
48868,0.9999273420289232
48869,0.9974494535449618
48870,0.9999951458295931
48871,0.8430055247023254
48872,0.9993367333314896
48873,0.9939910409775564
48874,0.5245965626033732
48875,0.9999005904880282
48876,0.9814465555846159
48877,0.9990977482930613
48878,0.999546471623084
48879,0.9999287885366126
48880,0.9980977886510498
48881,0.9999707758132713
48882,0.9998736964371678
48883,0.9986617716902242
48884,0.9541523650322059
48885,0.9970938781202139
48886,0.9999083913416226
48887,0.9937529324993962
48888,0.9974288215677987
48889,0.9998210757674525
48890,0.9990611705796983
48891,0.9981451460063401
48892,0.9795769425332431
48893,0.9990050533496753
48894,0.9999584128055211
48895,0.9885329286939237
48896,0.986428634553817
48897,0.9995467303914646
48898,0.9997055303195812
48899,0.9995380339258458
48900,0.9568087920848962
48901,0.9992602936232678
48902,0.9993954184517766
48903,0.9942941870020884
48904,0.9947058173463805
48905,0.9393840057599218
48906,0.989597500289344
48907,0.9931241164588733
48908,0.9998643537561902
48909,0.9998756723277608
48910,0.9999475129051179
48911,0.9914797448374169
48912,0.9964865227485472
48913,0.9999845255791182
48914,0.9793061885381006
48915,0.9934329388313728
48916,0.9999487746067826
48917,0.985710888062798
48918,0.9572936161087074
48919,0.9866749180847986
48920,0.9823409174499723
48921,0.8788385856273367
48922,0.9987745539872429
48923,0.9980529819385181
48924,0.9927427527337546
48925,0.957169403422905
48926,0.9999003809052823
48927,0.996884986175593
48928,0.9993615325361614
48929,0.9854901451237597
48930,0.9997071905308752
48931,0.9999750634420576
48932,0.990077120347401
48933,0.9980927917415539
48934,0.9997210237330567
48935,0.9999647816103692
48936,0.9990986450583552
48937,0.9797419429627368
48938,0.9985584449425444
48939,0.9895547235198557
48940,0.9953443419507416
48941,0.9883983211793839
48942,0.9983745236941437
48943,0.9998950011644558
48944,0.9955954140966289
48945,0.9865022996372268
48946,0.9982020496354476
48947,0.9999983448413349
48948,0.9859698881235857
48949,0.9822695790800833
48950,0.9994705594786927
48951,0.9982764589836749
48952,0.9953370880346386
48953,0.9906441532035708
48954,0.999435052166634
48955,0.7013748620022723
48956,0.9995188893420005
48957,0.9996290273228094
48958,0.9982722589724433
48959,0.9999755010945744
48960,0.999077259915278
48961,0.23548844697374494
48962,0.9886886101853452
48963,0.9991698623833107
48964,0.9913144057199186
48965,0.985188293468943
48966,0.9874095450116942
48967,0.9963971616764257
48968,0.9718062360618213
48969,0.9976540592662394
48970,0.9996619610037543
48971,0.9876569467167922
48972,0.9999260124446981
48973,0.5500110733922244
48974,0.9999967581101252
48975,0.9988708702725047
48976,0.9473439502256072
48977,0.990677297632171
48978,0.9995536318860223
48979,0.9983416577967175
48980,0.9926513809854035
48981,0.9977920965166756
48982,0.9932767962040447
48983,0.60054701386538
48984,0.9999973104505396
48985,0.9948370194827045
48986,0.9921663124004134
48987,0.9990061357355905
48988,0.9999546899778191
48989,0.9998043637427626
48990,0.992441982882481
48991,0.9998163740707642
48992,0.9996606059732762
48993,0.9985140210720919
48994,0.22323099190115037
48995,0.9997413223094589
48996,0.9349986982231041
48997,0.9996162354647985
48998,0.9996648546541593
48999,0.9987599207289755
49000,0.9961041638159922
49001,0.99890190658461675
49002,0.9998592731747613
49003,0.995379614417362
49004,0.9932896240055381
49005,0.9904414168219872
49006,0.9987186246996254
49007,0.964974322883505
49008,0.99919578066484
49009,0.9988798367068767
49010,0.9787332597926149
49011,0.9482338645002469
49012,0.8826321923261957
49013,0.9991585593216951
49014,0.9994787774061891
49015,0.9999698636988702
49016,0.9507493536499966
49017,0.9996346828190846
49018,0.9991008022574533
49019,0.9830225682789446
49020,0.9999518905222453
49021,0.9996376195251743
49022,0.9994850335596878
49023,0.9142998899974404
49024,0.9999547524155553
49025,0.9987068728511942
49026,0.9981039150884692
49027,0.9999568183344558
49028,0.9013209737531498
49029,0.9449202220180336
49030,0.9885824922890356
49031,0.9999684089436691
49032,0.9699303203306717
49033,0.9999636731709763
49034,0.9913716022639777
49035,0.9881623955694867
49036,0.9996336783171931
49037,0.9993287979455773
49038,0.9951273697104459
49039,0.9998392812118957
49040,0.9177843172320658
49041,0.999998178999575
49042,0.9982468322173492
49043,0.9999221862018662
49044,0.36329502818865317
49045,0.9997687653351048
49046,0.4940164872949834
49047,0.9907325652767123
49048,0.9997416737741753
49049,0.9999697576074995
49050,0.999406984540965
49051,0.99929079132238
49052,0.9983749141964371
49053,0.9999741349096599
49054,0.9963726660387295
49055,0.9976318940947632
49056,0.9979706234580699
49057,0.999958831891287
49058,0.9898620803368389
49059,0.792604810485962
49060,0.9991667568401256
49061,0.9989683848175683
49062,0.9997915374839796
49063,0.9997327741907476
49064,0.9963189853107642
49065,0.9858146745022308
49066,0.9982295227350056
49067,0.9998933419485669
49068,0.998776048103595
49069,0.9999468300562847
49070,0.9999177092973743
49071,0.9998240089740968
49072,0.9999639582039642
49073,0.9998908861088174
49074,0.9882003101772149
49075,0.49556824736082916
49076,0.9982395525263279
49077,0.9966446702066343
49078,0.9914396943054032
49079,0.9970227570447491
49080,0.9998386613555702
49081,0.3006255428534198
49082,0.9999096650545739
49083,0.9980053045933643
49084,0.9998905887323852
49085,0.9025660114220964
49086,0.9979010217445643
49087,0.9921089472584554
49088,0.9999371872800636
49089,0.9860177268602812
49090,0.40136415180903234
49091,0.9999280975417655
49092,0.8746974960909628
49093,0.9989995677954917
49094,0.987295578354752
49095,0.9881695217630593
49096,0.8490195651172306
49097,0.9999743906160322
49098,0.9999433987131914
49099,0.9384435553615048
49100,0.9843517630269577
49101,0.9518626941562419
49102,0.9930721981266153
49103,0.9987579525826369
49104,0.9969709030160809
49105,0.9765299191152559
49106,0.9976892387743028
49107,0.9997653387858557
49108,0.9997788568326013
49109,0.9067934359237813
49110,0.9999618631433023
49111,0.6913788184930649
49112,0.9988210646063341
49113,0.9733992603477754
49114,0.999689616180679
49115,0.9998651086756811
49116,0.9992012690326703
49117,0.9999662061830678
49118,0.999084467425222
49119,0.999295874697253
49120,0.9903105920438324
49121,0.9992408739154146
49122,0.9942315026582249
49123,0.9991404195787903
49124,0.9999821351362005
49125,0.999869464832523
49126,0.9281840319033886
49127,0.9999673247703053
49128,0.9756026587488885
49129,0.9999705033720742
49130,0.9700528919600195
49131,0.9943178436394853
49132,0.9955202128903591
49133,0.9996694516272507
49134,0.728767190661663
49135,0.9999597609250798
49136,0.9994178617169642
49137,0.9908052426136512
49138,0.9665577232189196
49139,0.9355022262451566
49140,0.9999281278214586
49141,0.9987956361459447
49142,0.781859898402055
49143,0.9328607398514664
49144,0.8734884755493274
49145,0.8644967047649325
49146,0.888689056930934
49147,0.9999665803389195
49148,0.9998895221098159
49149,0.7447553859959797
49150,0.999803421402173
49151,0.9999413802848276
49152,0.9958886327787057
49153,0.999406984540965
49154,0.9991999848224212
49155,0.990370565281635
49156,0.9861558816798529
49157,0.9932972089181246
49158,0.9996929761345634
49159,0.9816782892271427
49160,0.9992095339652954
49161,0.9561686728448926
49162,0.9937030073144579
49163,0.9998492558574065
49164,0.9999495046506863
49165,0.9972178940266339
49166,0.7429201260350954
49167,0.9997656950888404
49168,0.9994828562716508
49169,0.9716643997876175
49170,0.9993571323026283
49171,0.07755935460782382
49172,0.9994235165843652
49173,0.9997631577893531
49174,0.3953290042226203
49175,0.9999814680595239
49176,0.9999587486361373
49177,0.9909192187179203
49178,0.9976831616692473
49179,0.8436603613294757
49180,0.9996950188595469
49181,0.9999605758879913
49182,0.9999614299691446
49183,0.9991647438527791
49184,0.9995138884746599
49185,0.9999666352770374
49186,0.9913723081030646
49187,0.9998822567091861
49188,0.9994784989851134
49189,0.27644264815913777
49190,0.999515045263675
49191,0.9999674453852876
49192,0.9999856509345064
49193,0.999949243637977
49194,0.9999835371906295
49195,0.9582047119980456
49196,0.9986341545204148
49197,0.9999502621375924
49198,0.9956729177722287
49199,0.9999305682043299
49200,0.9999426190097701
49201,0.9963407745917898
49202,0.9997867975851272
49203,0.46750765184177495
49204,0.9622899853506311
49205,0.9999822472363415
49206,0.9999064473845904
49207,0.9997803014382048
49208,0.9899009861193855
49209,0.9999863167728181
49210,0.7136841597938307
49211,0.999951707468114
49212,0.9997361992348823
49213,0.9982641515556894
49214,0.894793240353126
49215,0.9482453608930435
49216,0.9724753187147923
49217,0.9974779874099072
49218,0.9391190412086179
49219,0.9991822911838437
49220,0.9998973844312337
49221,0.09102702004823791
49222,0.9844528530854058
49223,0.9997052376434244
49224,0.9999855446146501
49225,0.999147546232231
49226,0.992464666473857
49227,0.5741934612148529
49228,0.9994863061831423
49229,0.9999817760567765
49230,0.9961638666023873
49231,0.9999657726814761
49232,0.9898224704388823
49233,0.992334923183847
49234,0.9838676901364727
49235,0.9992352069558039
49236,0.9992877560923114
49237,0.9999263886297265
49238,0.9681493110151299
49239,0.9999821767468615
49240,0.9997567420951777
49241,0.9961617228093989
49242,0.9956385026891227
49243,0.9917256624689265
49244,0.9963291880239185
49245,0.9993647483500205
49246,0.9681618881678511
49247,0.9746917981474387
49248,0.9995652498404973
49249,0.9999203868763146
49250,0.8256384691441431
49251,0.9999936337006808
49252,0.8810124017892285
49253,0.5964455628297073
49254,0.9996795115885252
49255,0.9996657931521223
49256,0.9976747659576178
49257,0.9966559945554436
49258,0.9971963684052375
49259,0.9991028082826064
49260,0.9959768988631775
49261,0.9992675391819156
49262,0.9968632457943007
49263,0.99936157440812
49264,0.9998715449079832
49265,0.9994167293687148
49266,0.03474297967095905
49267,0.9980263676308314
49268,0.9994866115271279
49269,0.9997243224902687
49270,0.9998115698980304
49271,0.9990119369594623
49272,0.9999978482929932
49273,0.9449762253342004
49274,0.9999631937489472
49275,0.9983693209448098
49276,0.9659022458294573
49277,0.9992564513645016
49278,0.9999385945131546
49279,0.9998497860697171
49280,0.9230507669909099
49281,0.9978592145204088
49282,0.9977424098390442
49283,0.999323296674435
49284,0.9999024926554555
49285,0.8837932126334422
49286,0.999923958773876
49287,0.9999610182646069
49288,0.9998715588510079
49289,0.9999719457784675
49290,0.9998026113241619
49291,0.9999169532505464
49292,0.9987080008571947
49293,0.1770547075365656
49294,0.9999610777784305
49295,0.9817218918546868
49296,0.7338449042426706
49297,0.9998502520363137
49298,0.9999670221717054
49299,0.9912992070997135
49300,0.8308383573569984
49301,0.999856963019962
49302,0.9995773006189106
49303,0.9991535310163798
49304,0.9834435503747984
49305,0.9962471912899618
49306,0.999861879110819
49307,0.9835427378122268
49308,0.9429351099981162
49309,0.9882031234151696
49310,0.9986944987292546
49311,0.9524146497312397
49312,0.9999750062348461
49313,0.9835427378122268
49314,0.9989045030169764
49315,0.9975158300661885
49316,0.9991770565225757
49317,0.9971870987214053
49318,0.9999806819397908
49319,0.99578082252805
49320,0.9974724801409278
49321,0.9990178490341085
49322,0.9986999263530503
49323,0.9989855202775348
49324,0.9999687136182416
49325,0.8707094910149231
49326,0.9999437040063162
49327,0.9997965389252268
49328,0.9956872808063606
49329,0.6351124927117525
49330,0.9985723969138662
49331,0.987340617176101
49332,0.9987439330862504
49333,0.8141899693170417
49334,0.9999803686252842
49335,0.989887695775517
49336,0.9999647643251597
49337,0.8143641080916879
49338,0.9977587649502773
49339,0.9690845748270128
49340,0.9994782225636377
49341,0.9999681670245345
49342,0.01613691210448923
49343,0.9961617228093989
49344,0.9994519684354626
49345,0.9871541413904877
49346,0.9999746242308989
49347,0.9993661186970719
49348,0.9464234714288859
49349,0.9991590009092588
49350,0.9999486644890445
49351,0.9940247691674886
49352,0.9795966399382836
49353,0.9609737377943485
49354,0.9999339539052595
49355,0.9998742942735304
49356,0.999990442132203
49357,0.9999894710817702
49358,0.9992734100049628
49359,0.9715323239906782
49360,0.8824486749751586
49361,0.9792894070156859
49362,0.9999606538958189
49363,0.9993541436837475
49364,0.9988054998547409
49365,0.9999511990975462
49366,0.998764639699586
49367,0.9885231452071124
49368,0.9940777764168209
49369,0.9994451369373585
49370,0.9999843454421244
49371,0.9502683170231508
49372,0.9999678801863839
49373,0.9996619677666717
49374,0.9998539190359903
49375,0.999974911074462
49376,0.9693270752930301
49377,0.9181939315163163
49378,0.985710888062798
49379,0.9994111843475311
49380,0.9999520083165951
49381,0.9996891677040111
49382,0.9998918332063933
49383,0.999945534129865
49384,0.999467323396401
49385,0.9898450088241102
49386,0.9960787469388797
49387,0.9999555699085809
49388,0.8938117273594021
49389,0.9989786765125059
49390,0.9998051479310692
49391,0.9808661098582568
49392,0.99990514388304
49393,0.9999428631418376
49394,0.9855166253714486
49395,0.9937451562749042
49396,0.9518691096169664
49397,0.9846852948222835
49398,0.9991423300254171
49399,0.9738437163923418
49400,0.9838312551498437
49401,0.9991993787820762
49402,0.8693062726060852
49403,0.9998501913496828
49404,0.9913207385186998
49405,0.9998255234753946
49406,0.9994801689209676
49407,0.9998256324960083
49408,0.9999031824987012
49409,0.9998235407305419
49410,0.999439970349553
49411,0.9999585734817722
49412,0.9999706736949344
49413,0.9998281821550051
49414,0.9818533560338836
49415,0.9999394514750666
49416,0.9991535058542965
49417,0.9985965871281003
49418,0.4882795460775094
49419,0.9966522199996886
49420,0.9867784224553736
49421,0.9976032850269962
49422,0.9111834981388734
49423,0.9930085266449711
49424,0.9992815452097493
49425,0.9999573166057436
49426,0.9963135933419714
49427,0.9998869210087287
49428,0.9997403961637246
49429,0.9434776405276621
49430,0.9166863695234789
49431,0.9485801865497544
49432,0.9978967259923002
49433,0.9986310742287514
49434,0.999730405961101
49435,0.6543744499945507
49436,0.9999769632702317
49437,0.9991771231592179
49438,0.9999675155982369
49439,0.9999479654519722
49440,0.9996144877567293
49441,0.9999416432322386
49442,0.9999650524774273
49443,0.9887788827672032
49444,0.9913124964916621
49445,0.9857390182249774
49446,0.4263990186512785
49447,0.8680553779896597
49448,0.9998979267199866
49449,0.9971408931950755
49450,0.9999596592693147
49451,0.9999863004298305
49452,0.999961343437315
49453,0.9919392313732663
49454,0.9999618306240169
49455,0.9574726190787867
49456,0.8607018594159891
49457,0.9999930324189245
49458,0.9999766362662162
49459,0.9960410846447555
49460,0.9995117687397617
49461,0.9999770328328541
49462,0.9999470318339202
49463,0.9990442712457576
49464,0.9967532484703461
49465,0.9935545456100588
49466,0.9999962002621513
49467,0.9966713281527476
49468,0.9998722481507364
49469,0.9999400158010816
49470,0.9999404145047764
49471,0.9888350580136316
49472,0.9993929909297391
49473,0.9637741971720836
49474,0.9999364355869617
49475,0.9998453440203781
49476,0.9996310172260983
49477,0.9999780942820437
49478,0.9940714262834697
49479,0.9999610984714558
49480,0.9993702288040842
49481,0.9984028349779568
49482,0.9907319376074805
49483,0.9994514139518219
49484,0.7505616140778353
49485,0.9998590095268818
49486,0.9815223747864458
49487,0.9999136817772928
49488,0.8988028514307258
49489,0.9999851517238295
49490,0.999908080496133
49491,0.9993811050715126
49492,0.9996939490820609
49493,0.9999816386579
49494,0.9999833547456733
49495,0.9998102265436888
49496,0.9998240079979382
49497,0.9930881509519619
49498,0.9926609169227665
49499,0.9990260214885816
49500,0.9828773707301942
49501,0.9995347630909382
49502,0.9998506565346901
49503,0.9855709828104298
49504,0.999989127704643
49505,0.9999355715367683
49506,0.9913006965397764
49507,0.9984218820190122
49508,0.9999849500418717
49509,0.9476456224197047
49510,0.9999587291812067
49511,0.9996000332057079
49512,0.9773326409587886
49513,0.9997515468519199
49514,0.9997195284509829
49515,0.962163914392989
49516,0.8421261422803047
49517,0.8484086196602574
49518,0.9999887056342547
49519,0.9997769303839636
49520,0.999637904335582
49521,0.9998478888616096
49522,0.9999755592229637
49523,0.9976586386365015
49524,0.9914221329406633
49525,0.9988945410075718
49526,0.999858258748609
49527,0.6062990675485735
49528,0.9999920719831538
49529,0.9979292867732789
49530,0.9950537909826503
49531,0.6031766615240861
49532,0.9996912876320684
49533,0.9997779184755332
49534,0.9979397540836212
49535,0.999077006968177
49536,0.9999717331215043
49537,0.9999896167901952
49538,0.015539369129572014
49539,0.12964134154675108
49540,0.9985469799813392
49541,0.9893235121425122
49542,0.9997654522738239
49543,0.9988306101680828
49544,0.9965751478603674
49545,0.9966011566793542
49546,0.9960543339853792
49547,0.9979095269537902
49548,0.9767506251318523
49549,0.3737516700464275
49550,0.3553591137707186
49551,0.9600606919460002
49552,0.999903535523503
49553,0.999961334999567
49554,0.35276745541022925
49555,0.9663174742156723
49556,0.9999856580330894
49557,0.9825467185990885
49558,0.9899217100391914
49559,0.4622985443098071
49560,0.9203039960953716
49561,0.9988666367562766
49562,0.9997865634465756
49563,0.957366961821682
49564,0.9998373130170495
49565,0.9999542050445345
49566,0.20493143514925727
49567,0.9521691716439917
49568,0.08970608315622998
49569,0.9991690531170369
49570,0.9980874329488184
49571,0.9999616628930786
49572,0.9994792089806646
49573,0.999971286944932
49574,0.9999424057888526
49575,0.9894639345094729
49576,0.9998958807692052
49577,0.9079233233254568
49578,0.9884891065672806
49579,0.999819463301081
49580,0.9948919625914848
49581,0.97780847593446
49582,0.9993668936551381
49583,0.9987507690981718
49584,0.7991681831139796
49585,0.9280286471321338
49586,0.9999626367519743
49587,0.9999571167906351
49588,0.9996970324745313
49589,0.9652566114302655
49590,0.9988261132502564
49591,0.9994698024468287
49592,0.9957600446953013
49593,0.9986023909978214
49594,0.6961558375305434
49595,0.9999778145691313
49596,0.9999643842083759
49597,0.9992749381880579
49598,0.9828606447496709
49599,0.9995374818461358
49600,0.9949371067294318
49601,0.9915230089166234
49602,0.9987704299461743
49603,0.9999811536962161
49604,0.6118320886382715
49605,0.9982383806175901
49606,0.9410327805322705
49607,0.9999530729432492
49608,0.9991201921274827
49609,0.9994000126455802
49610,0.9999339559303428
49611,0.9999403470264934
49612,0.961842225129683
49613,0.9994680668514297
49614,0.9999700998507445
49615,0.9999338823580205
49616,0.9866793081799334
49617,0.99808182887624
49618,0.9999571072676741
49619,0.9999261623938028
49620,0.9998989634972304
49621,0.9991227723723827
49622,0.9832862166340971
49623,0.9596616491404977
49624,0.9976103164809436
49625,0.9999557771480049
49626,0.996811382262225
49627,0.9985481590235882
49628,0.999964519753914
49629,0.955746368262564
49630,0.993820664381725
49631,0.9999851137557746
49632,0.9996356549515465
49633,0.9999919815472884
49634,0.9975836774659383
49635,0.9994886964508125
49636,0.7697285957491324
49637,0.9998421400742482
49638,0.9999320016876936
49639,0.998667607516772
49640,0.997921989602807
49641,0.999647606411069
49642,0.9992745455976059
49643,0.9911941316535764
49644,0.999199133702767
49645,0.9477793466882322
49646,0.9997128079741
49647,0.9990745759088534
49648,0.999514339974509
49649,0.99368800840487
49650,0.9998412605658515
49651,0.9947213212145053
49652,0.9992241898373356
49653,0.1736448102617874
49654,0.9990601806186513
49655,0.9994374348970003
49656,0.9710680117650271
49657,0.9971546585151013
49658,0.8353364871946215
49659,0.9904771301794383
49660,0.9916621050094577
49661,0.9804687995015654
49662,0.9988969078425954
49663,0.999428606485791
49664,0.9856808061843065
49665,0.9925836120076846
49666,0.9999680086574603
49667,0.998998804021325
49668,0.9990332555039277
49669,0.9892412764611112
49670,0.9994839872495552
49671,0.9996120032973159
49672,0.7254154960633605
49673,0.9961182293487265
49674,0.9779609862622369
49675,0.9939263088055692
49676,0.9874020046480234
49677,0.9999391358886429
49678,0.999991832234481
49679,0.48428239674889034
49680,0.9980268973631973
49681,0.9999368649832945
49682,0.9998549557511655
49683,0.9999779852431645
49684,0.9997060283359789
49685,0.9897049206150768
49686,0.9981974759243698
49687,0.9997369447151078
49688,0.9530146618765458
49689,0.9997722940170335
49690,0.9998820056038008
49691,0.9972384782077819
49692,0.9420311803932069
49693,0.1462354700558356
49694,0.9999834557327806
49695,0.9999364646198802
49696,0.9948872617540708
49697,0.9998952642318272
49698,0.9937897316378775
49699,0.9683761604408325
49700,0.999372444022549
49701,0.999991879489247
49702,0.9983428111973571
49703,0.9999432829993723
49704,0.9993447965131907
49705,0.9989405102999557
49706,0.9998979334851986
49707,0.9949789982587215
49708,0.9996596616146818
49709,0.9863879558717173
49710,0.9889168839056613
49711,0.999972763831057
49712,0.9418929786802406
49713,0.9894025013267957
49714,0.9995147267640009
49715,0.9973779089203477
49716,0.9621091423194713
49717,0.9977349525732737
49718,0.9522518262263606
49719,0.9997884533630348
49720,0.9988476696583547
49721,0.977381820090622
49722,0.9995441312983213
49723,0.9999543683356202
49724,0.999984629956425
49725,0.9962357337524391
49726,0.9999910967390293
49727,0.9999541015140867
49728,0.9758780521943609
49729,0.9995514493555592
49730,0.999930823159114
49731,0.8670350263869521
49732,0.7520976162808216
49733,0.9994208580434113
49734,0.9999572159527882
49735,0.999854129092424
49736,0.9993914391142329
49737,0.999563836849618
49738,0.9998241608595271
49739,0.9999621667943691
49740,0.9999556789350822
49741,0.9999356665086631
49742,0.9995630262339259
49743,0.9998472810129768
49744,0.2449479126088516
49745,0.9999803663085495
49746,0.9945312215229908
49747,0.9999828211131269
49748,0.5755931721565253
49749,0.9999812676208456
49750,0.9998646717175562
49751,0.9695055355413857
49752,0.9998917993857576
49753,0.9992327827378995
49754,0.4211985590571326
49755,0.9597912203584614
49756,0.9999882596442193
49757,0.2818586813436411
49758,0.999968451253151
49759,0.9998246189198211
49760,0.999987867813364
49761,0.9979978416099898
49762,0.999989763998376
49763,0.9981810937503013
49764,0.9979349578790241
49765,0.9999551366450964
49766,0.9920858461493142
49767,0.9229829957810912
49768,0.9990370870502134
49769,0.9981664870393911
49770,0.99721255974108
49771,0.9982413844858629
49772,0.9998319748061717
49773,0.9998092556085272
49774,0.9999897099938974
49775,0.9999190932833433
49776,0.6290957471613642
49777,0.9854232561498891
49778,0.9971023187572616
49779,0.9999630293440841
49780,0.9997357166374996
49781,0.9847680900411736
49782,0.8911447179156137
49783,0.9995124922676685
49784,0.9998363535776801
49785,0.9995171585269755
49786,0.27585503153106083
49787,0.9974215255936832
49788,0.07523394180538914
49789,0.999795997804223
49790,0.9989931128777275
49791,0.9958741983748508
49792,0.9117021200003518
49793,0.8861569809700736
49794,0.9977136119324475
49795,0.9999601627818614
49796,0.9995908549102294
49797,0.9999033876507631
49798,0.9981888800839822
49799,0.9993101882632397
49800,0.9979614336398729
49801,0.999791314017953
49802,0.9997818458316013
49803,0.9997961067673831
49804,0.9888027257411187
49805,0.9998973844312337
49806,0.9956874628367064
49807,0.9959011067734382
49808,0.9945948415020381
49809,0.9996847950150948
49810,0.9924759742711377
49811,0.9702261578656263
49812,0.9464088429756116
49813,0.9923224207287061
49814,0.9999141048997098
49815,0.9999588596835015
49816,0.9998159225988915
49817,0.9996580301311312
49818,0.987391102098127
49819,0.8734627221757647
49820,0.999917793407424
49821,0.996690999423038
49822,0.9431016811708121
49823,0.9996828076546113
49824,0.9978944625446563
49825,0.9994218935668691
49826,0.07807693915902793
49827,0.9908175920590089
49828,0.9914411438736138
49829,0.7834567630051209
49830,0.9999931164964663
49831,0.9989379588973257
49832,0.9999550564498592
49833,0.9995501416214345
49834,0.5059661306177156
49835,0.9999777346180146
49836,0.9999899748218366
49837,0.9999947772285195
49838,0.9939439863171897
49839,0.9989475923783916
49840,0.9997907389628039
49841,0.955746368262564
49842,0.9990454536370372
49843,0.9858906618826283
49844,0.9956584482760331
49845,0.9879802812290901
49846,0.9992879094300471
49847,0.9998130604735983
49848,0.9997669678385078
49849,0.9999686648104888
49850,0.9999453818132661
49851,0.9999817089246231
49852,0.9998457669595222
49853,0.9999629655435517
49854,0.9999295991467015
49855,0.9958329423667296
49856,0.9972028253941454
49857,0.9989306889913642
49858,0.9994229455938285
49859,0.6022966030538836
49860,0.9637006374245461
49861,0.995645187189059
49862,0.9512584225798353
49863,0.9993353658097721
49864,0.9993844307749239
49865,0.9999447515610526
49866,0.9994372653235727
49867,0.9966828172236991
49868,0.9071442872964867
49869,0.9999778570891387
49870,0.9993158859624941
49871,0.9925441643444658
49872,0.9999557854844054
49873,0.9832815746908136
49874,0.7749634433700786
49875,0.9846820436186684
49876,0.9991652411134216
49877,0.9992499386879964
49878,0.1458905358122083
49879,0.9999888200117547
49880,0.6199261474228672
49881,0.06607266264507496
49882,0.9999862788654238
49883,0.9920703240722163
49884,0.966464693033979
49885,0.9617185139741792
49886,0.9875487846756414
49887,0.04370341592784718
49888,0.9996614688048998
49889,0.2721733726118014
49890,0.9996217251483993
49891,0.9997131631774032
49892,0.9998890052688575
49893,0.9993025481870812
49894,0.7241426012328834
49895,0.9956314399859023
49896,0.14214992787005326
49897,0.9990780882475917
49898,0.9326836229918422
49899,0.9991308095387773
49900,0.999073776730839
49901,0.9994528606634954
49902,0.9980800906934193
49903,0.9997980705696052
49904,0.9992691496957841
49905,0.9204287110334334
49906,0.9975154135258073
49907,0.9802353991141364
49908,0.9416654043087012
49909,0.9446565166601003
49910,0.5778775301252416
49911,0.9998108034329398
49912,0.9999854916573748
49913,0.8379257455375142
49914,0.9999573377719119
49915,0.9997362670175672
49916,0.9996946085842542
49917,0.9996156721525105
49918,0.8469223737217358
49919,0.9997514524097163
49920,0.9896520167270002
49921,0.9991288252683168
49922,0.9950528872536935
49923,0.9997923665943504
49924,0.9989914029542821
49925,0.9989200549919918
49926,0.9972981695640912
49927,0.8856768446089368
49928,0.9962857104695949
49929,0.9999971065693014
49930,0.9953712376450549
49931,0.9999994056215045
49932,0.86819467661167
49933,0.9957175364812652
49934,0.9952931176743949
49935,0.9998875853614558
49936,0.9982274267500673
49937,0.9984878494122303
49938,0.999942920944821
49939,0.9999821491402632
49940,0.9918034197036908
49941,0.9988493119988191
49942,0.9999910702345773
49943,0.9997157140602844
49944,0.999964433032155
49945,0.9028394804800365
49946,0.6753973507478056
49947,0.9999243431750824
49948,0.9900716878682784
49949,0.9966206493038696
49950,0.9845191316064053
49951,0.9899636704797361
49952,0.9998492592532331
49953,0.9468825088130246
49954,0.9590199688693032
49955,0.9981539625258437
49956,0.9984177979898491
49957,0.9981016323700458
49958,0.2653487262937731
49959,0.3464365981087727
49960,0.9666952422712727
49961,0.9998754581266865
49962,0.9885415153376798
49963,0.9930366448186472
49964,0.9992073028367416
49965,0.9042590219199493
49966,0.9998598428615766
49967,0.9999590436226886
49968,0.9998603583042684
49969,0.9997469959794025
49970,0.9999935148872449
49971,0.9999317173720756
49972,0.9732287924002543
49973,0.9999192541432151
49974,0.989638497860263
49975,0.9999355750375244
49976,0.9999564373888303
49977,0.7170277031417674
49978,0.9998838493433163
49979,0.99997813821159
49980,0.8138052015080879
49981,0.9998242309652954
49982,0.9971627699960011
49983,0.9925540395748862
49984,0.9999057617069704
49985,0.9987725089688325
49986,0.9995163630717772
49987,0.9998692075256509
49988,0.9978165098405487
49989,0.9999692967567713
49990,0.9776653537653638
49991,0.9968024122468963
49992,0.9808612505603269
49993,0.9957945502282181
49994,0.985514710650364
49995,0.9999663683193718
49996,0.9999746975828516
49997,0.9962299643663577
49998,0.9994706382084644
49999,0.9455196219866241
50000,0.9559871512360307
50001,0.9991704663896174
50002,0.9999845655405661
50003,0.9503655944081363
50004,0.998362773153439
50005,0.9999421839746278
50006,0.9960691405026072
50007,0.9992418752050932
50008,0.9185715263921279
50009,0.9990470732007558
50010,0.9185414612725101
50011,0.8865744185785114
50012,0.4848439511478129
50013,0.9991143788798937
50014,0.03401883324833889
50015,0.999765842242996
50016,0.98406075701943585
50017,0.7723343612055711
50018,0.9997290834086509
50019,0.999880050672986
50020,0.5554561248897787
50021,0.9705900381839592
50022,0.9998402114098841
50023,0.9673181728069087
50024,0.9723426811622581
50025,0.99996550362605785
50026,0.9986518540335116
50027,0.9999580760758638
50028,0.9999119441056261
50029,0.9999718777785058
50030,0.998948554094487
50031,0.9999831632050253
50032,0.9994357838263522
50033,0.9862874567814238
50034,0.9995196908147688
50035,0.9998268594306257
50036,0.9999562219357859
50037,0.8505421828503882
50038,0.9999742052308119
50039,0.9999797607175513
50040,0.9993444645203947
50041,0.9970414153402432
50042,0.9789046756517156
50043,0.9999959862406731
50044,0.999736133352215
50045,0.9970463191714815
50046,0.9993528670117817
50047,0.9956667741707284
50048,0.9991763817886552
50049,0.9768732553746323
50050,0.9999878453188716
50051,0.18130492967155334
50052,0.9999796465416028
50053,0.9559070056775227
50054,0.9992925973644828
50055,0.9883348731676915
50056,0.9998663745624107
50057,0.996988367912604
50058,0.998895496008883
50059,0.9946578319335789
50060,0.9768980102523129
50061,0.9633347392377538
50062,0.9988594050757379
50063,0.9872930975603481
50064,0.9989005011024821
50065,0.9975122594760178
50066,0.9836788990569869
50067,0.961057420077942
50068,0.9993667065312067
50069,0.9987485307375703
50070,0.8762487818494508
50071,0.9998523012618065
50072,0.999952846779393
50073,0.9233727387514652
50074,0.9987948589335294
50075,0.9901796566760672
50076,0.9999238200077074
50077,0.991442218132442
50078,0.989811006889096
50079,0.9999877300914054
50080,0.9999462009868033
50081,0.9987674702065441
50082,0.921489609624711
50083,0.9992237417955976
50084,0.9999321250270546
50085,0.9998206205814362
50086,0.9679700998657338
50087,0.9993325409509849
50088,0.9987014582155155
50089,0.9992224610732195
50090,0.9984483913784106
50091,0.9834788267314546
50092,0.9316044222433358
50093,0.9944711855287799
50094,0.9994794546048833
50095,0.9995511038002943
50096,0.9999804973351804
50097,0.99552967122471
50098,0.9869190521557873
50099,0.9823020427223083
50100,0.9992159123186085
50101,0.9977720063798513
50102,0.9845817786585692
50103,0.9994122547365546
50104,0.9986254273477908
50105,0.99995961280281
50106,0.9998564193534895
50107,0.9999138570044983
50108,0.9996450827315837
50109,0.9956316849703215
50110,0.9996887582484191
50111,0.9994646717356982
50112,0.9994965608025728
50113,0.9996557330677042
50114,0.999708815687016
50115,0.9706701386595648
50116,0.9896542101777418
50117,0.9754386657148946
50118,0.9998149770015513
50119,0.9990276194124198
50120,0.9999300219980728
50121,0.9999406965966323
50122,0.9962350993001379
50123,0.9992734100049628
50124,0.9998367642436191
50125,0.9986781444594498
50126,0.999921341376041
50127,0.9988400511545608
50128,0.43340654298130765
50129,0.9992757731249988
50130,0.9996695496605469
50131,0.9996164039619433
50132,0.9999335055399748
50133,0.9995887113520242
50134,0.9922846688544054
50135,0.8649423961908915
50136,0.9998028749825345
50137,0.9999149710779585
50138,0.999895157897806
50139,0.9969175274946005
50140,0.9987432244829232
50141,0.9969495424479499
50142,0.9955266616903474
50143,0.7922178008574564
50144,0.9999802107630885
50145,0.9792563664467703
50146,0.9977516178307145
50147,0.9988201682280066
50148,0.9998220072091549
50149,0.9957085459708116
50150,0.999516368354374
50151,0.884299579380609
50152,0.9997335009695721
50153,0.9999444504387275
50154,0.9998118258397075
50155,0.9999801384897384
50156,0.9996507162422139
50157,0.9998897735249757
50158,0.9581564857456918
50159,0.9833293862340606
50160,0.9999941627401363
50161,0.99862779182171
50162,0.9935423248172793
50163,0.9999776397294234
50164,0.984888943541492
50165,0.9998758007784658
50166,0.9977085064725368
50167,0.9220224392375284
50168,0.9874016990362947
50169,0.9988229730234888
50170,0.9997993661339376
50171,0.9970942954501143
50172,0.9999875055233008
50173,0.998332799789164
50174,0.9993493008152111
50175,0.9972248547829862
50176,0.998693935425283
50177,0.9942081227217466
50178,0.9991983199722179
50179,0.9999074822647332
50180,0.9996283342098159
50181,0.9999865462148735
50182,0.9990619112897086
50183,0.9969174494240196
50184,0.9976570772132225
50185,0.9994873416111509
50186,0.9996703694145397
50187,0.9994781748261538
50188,0.8562436962311221
50189,0.06620195313023262
50190,0.9999690969494772
50191,0.9794173970532059
50192,0.9984571959697366
50193,0.9996757248862375
50194,0.9847974932004033
50195,0.9920864452552188
50196,0.9997463032260562
50197,0.9913466647063579
50198,0.9935902222323496
50199,0.7785639266900386
50200,0.9999589413185075
50201,0.9997046639387271
50202,0.9999289415169252
50203,0.9997455102284618
50204,0.9986962773402343
50205,0.9965775740213029
50206,0.8048683322620882
50207,0.9999720326807656
50208,0.9999688162027808
50209,0.9993089857901801
50210,0.9995415817719672
50211,0.9981239276684226
50212,0.9999336954218887
50213,0.9926299427652597
50214,0.9919857126183357
50215,0.011473654652858678
50216,0.9955478616439992
50217,0.9998023276959925
50218,0.9993655503041571
50219,0.9966506177391568
50220,0.9954634332585107
50221,0.9729015196433289
50222,0.999912765265205
50223,0.999248624076054
50224,0.9925615937328818
50225,0.17566906843524482
50226,0.9984169170281272
50227,0.999946239513504
50228,0.9999605504628825
50229,0.9999394369805662
50230,0.9999879941755093
50231,0.9905127003913851
50232,0.9995321748493351
50233,0.9668595909821968
50234,0.7200453799938835
50235,0.999963583493156
50236,0.9960370071352139
50237,0.9999438074806657
50238,0.9985829715491324
50239,0.9998122021090118
50240,0.9490406964765906
50241,0.9997797595736375
50242,0.9297096218849303
50243,0.9982582001374315
50244,0.9959959521441447
50245,0.997657959666814
50246,0.9848994556999964
50247,0.9986617716902242
50248,0.9998217484896872
50249,0.9990510450117834
50250,0.9999562727978609
50251,0.9999477319080974
50252,0.9871598023168119
50253,0.47098035715046865
50254,0.9968117478706247
50255,0.999812282434495
50256,0.9929331044287554
50257,0.9971866150115938
50258,0.9997215853428065
50259,0.9999067923453904
50260,0.9999875930902723
50261,0.9999624860346857
50262,0.9811681175111204
50263,0.9982397653636351
50264,0.9882306535477828
50265,0.9961103779266578
50266,0.9999072873243322
50267,0.9999557033121025
50268,0.9950352555725271
50269,0.7217086487180685
50270,0.9994915314019298
50271,0.9996325791746637
50272,0.9367008700393931
50273,0.9923300853666888
50274,0.9985455275614904
50275,0.9999711545536721
50276,0.9989625054849262
50277,0.999595919185612
50278,0.9984542677989038
50279,0.9993619566206934
50280,0.9961034447648831
50281,0.9999468349523958
50282,0.09217951737036832
50283,0.7723534679455119
50284,0.986843845636896
50285,0.9999152119237503
50286,0.9996841076916664
50287,0.9717389850046726
50288,0.9999005013952306
50289,0.9996342810766675
50290,0.9753865891305792
50291,0.9997252235359169
50292,0.99889795174288
50293,0.9997423206903393
50294,0.9990903075820652
50295,0.9999316672098544
50296,0.9999774519218985
50297,0.999901682101919
50298,0.9896529158034405
50299,0.9694739282597495
50300,0.9999465148904623
50301,0.9998736584412852
50302,0.9999419671079283
50303,0.9868885444818036
50304,0.9997977662648911
50305,0.9999743080724925
50306,0.37505646351183447
50307,0.9983218491630836
50308,0.7853318382530803
50309,0.9980271234272945
50310,0.9990377940100349
50311,0.9994494094826362
50312,0.9999462240569555
50313,0.9998037259273871
50314,0.9939310019002591
50315,0.9881961171075545
50316,0.9999684736366726
50317,0.9999550849809682
50318,0.999980407177556
50319,0.9991566852211989
50320,0.5846056688945317
50321,0.9997931739387045
50322,0.9947784700721763
50323,0.9199256073877868
50324,0.9992742080264528
50325,0.9998416902497566
50326,0.9936905085843152
50327,0.9828886497271138
50328,0.7638584797857518
50329,0.9998609166922466
50330,0.999899986810319
50331,0.99987814882506
50332,0.9876852256725598
50333,0.9999957124336207
50334,0.9814984729516172
50335,0.9999760417381885
50336,0.9960734644141641
50337,0.9997594148648855
50338,0.98581758489696
50339,0.9994664611284606
50340,0.9999880275638072
50341,0.954664963446767
50342,0.999839888812627
50343,0.9954087006073578
50344,0.9922296134029471
50345,0.9999760618034216
50346,0.9147961103756693
50347,0.9441571638732489
50348,0.9999357228297264
50349,0.920607911782009
50350,0.9830387026382673
50351,0.9988529568400787
50352,0.9999858012322136
50353,0.9998258466372653
50354,0.9989524567446944
50355,0.9964199810519753
50356,0.9999958974141153
50357,0.9219802912295031
50358,0.9996807428254735
50359,0.9945101097161323
50360,0.9362503790404838
50361,0.9902468692775481
50362,0.996771263754643
50363,0.5816169181890066
50364,0.9836585258666106
50365,0.7658466452135233
50366,0.9994851504359926
50367,0.9999712930180574
50368,0.9999517340110325
50369,0.9986434270161703
50370,0.9997886754866865
50371,0.9998571975371575
50372,0.9966033038049315
50373,0.9998695978229258
50374,0.9995769988321977
50375,0.9999630390156883
50376,0.9999757696709977
50377,0.9935574990741809
50378,0.983020093007415
50379,0.9990943778499148
50380,0.9999218948207068
50381,0.9620179907774872
50382,0.9725233207512415
50383,0.9977314899721352
50384,0.9703277164858078
50385,0.9898547484691239
50386,0.9945884166832942
50387,0.9898091171175921
50388,0.9981588653381503
50389,0.9922124748045755
50390,0.9999717821732752
50391,0.9999759283335181
50392,0.9999578177454129
50393,0.9638350977139559
50394,0.43158221796729157
50395,0.9999888159355862
50396,0.9994762198700956
50397,0.9841283589071618
50398,0.9854549393168439
50399,0.9986437062566939
50400,0.9996937930397198
50401,0.9898514981939286
50402,0.9999969757857579
50403,0.999617388186013
50404,0.9998902584364652
50405,0.999198302651198
50406,0.999977886019215
50407,0.9999234487237318
50408,0.9946962976656788
50409,0.9560928101272244
50410,0.9885320261016737
50411,0.9844067504701133
50412,0.9999675720136326
50413,0.9999706351862365
50414,0.03660000443382666
50415,0.9954359430943661
50416,0.9988742804409003
50417,0.9999870422672086
50418,0.9655681544595489
50419,0.9991896945930597
50420,0.9928614171606754
50421,0.9993029421391516
50422,0.998901686415008
50423,0.9989448585330761
50424,0.9997855326177089
50425,0.9935717519969689
50426,0.9869477211940353
50427,0.9982636625949387
50428,0.9995898123978109
50429,0.9979493768125866
50430,0.9999974043012935
50431,0.9987198377190035
50432,0.9992902374082777
50433,0.9951378556885639
50434,0.9912945551491918
50435,0.9959083347911032
50436,0.9902410362640789
50437,0.9976938852472205
50438,0.9993693395540043
50439,0.999105860205032
50440,0.9988639785510732
50441,0.998855083033556
50442,0.9817677607524502
50443,0.9970707162672229
50444,0.99990121215699
50445,0.9881263615553821
50446,0.9999733748525812
50447,0.9947312655991627
50448,0.998831712322094
50449,0.9999642300140822
50450,0.9999862982946487
50451,0.978157887217531
50452,0.999600332962275
50453,0.9969389490036813
50454,0.7117193349361507
50455,0.9998726968470681
50456,0.9999466573690141
50457,0.9991770565225757
50458,0.996131709459081
50459,0.9999571516291886
50460,0.9909888942434438
50461,0.996015154663001
50462,0.9995763832860453
50463,0.9998010742704636
50464,0.9768902648314722
50465,0.9972454261664051
50466,0.9957644591468483
50467,0.9932167769677863
50468,0.9999314258911923
50469,0.8819083457479778
50470,0.9993982365807382
50471,0.9907012194239438
50472,0.9984467396240072
50473,0.9999470494859951
50474,0.9976170422544484
50475,0.9561622380729379
50476,0.9999546428758368
50477,0.9998199461502535
50478,0.9998674605332907
50479,0.9998818135793933
50480,0.999470394286998
50481,0.999976601199459
50482,0.9790585886499018
50483,0.9830737775095109
50484,0.9999918864044733
50485,0.9972242363849105
50486,0.9862018926759145
50487,0.9754813969962913
50488,0.9998535720016546
50489,0.9448403428966826
50490,0.9974830068992252
50491,0.9964712618138364
50492,0.9143271319961139
50493,0.9999899701873265
50494,0.9992582196741383
50495,0.09607668330162829
50496,0.9995721015289984
50497,0.9981831526165579
50498,0.999224367354314
50499,0.9999008993912919
50500,0.49494097725675373
50501,0.9976382139143626
50502,0.8319696850710687
50503,0.9931130468240724
50504,0.998913855602525
50505,0.9726598465623987
50506,0.9994289979075416
50507,0.9920564902319884
50508,0.9996479293826671
50509,0.9983800936001134
50510,0.9596886262166213
50511,0.9999892888890743
50512,0.9978982094407789
50513,0.9922320874763841
50514,0.9952500788166144
50515,0.8238395565263414
50516,0.9999525033098894
50517,0.9983629374430762
50518,0.9778041157174371
50519,0.963507355103623
50520,0.9991471005275426
50521,0.9757688402630038
50522,0.8788595015449743
50523,0.9988661338396743
50524,0.9809251165086224
50525,0.9991773829397593
50526,0.9980973062866421
50527,0.9756229387123
50528,0.9888292075749684
50529,0.9998681720572445
50530,0.9990081709952735
50531,0.999979108940661
50532,0.9999583169726545
50533,0.9997118386394964
50534,0.9983094954556502
50535,0.9981157275998387
50536,0.7429818954013095
50537,0.9807754866040431
50538,0.9996548714522289
50539,0.9690915595440196
50540,0.9999756990830749
50541,0.9985273921120231
50542,0.999409205326604
50543,0.9981667066354718
50544,0.9906906693527727
50545,0.9999978745536054
50546,0.9999467614119487
50547,0.9992627934151018
50548,0.9779711934638547
50549,0.9861069828766497
50550,0.999977757758775
50551,0.9992695475891668
50552,0.999989855988483
50553,0.989041469862063
50554,0.9978672847863356
50555,0.9996282544131354
50556,0.9999226353283386
50557,0.9992116619151399
50558,0.9999618996698854
50559,0.25043973187699686
50560,0.9999245251709069
50561,0.8397917938848213
50562,0.9590091283399866
50563,0.8918949663107945
50564,0.9994235695566324
50565,0.9997580263760202
50566,0.9998161533806104
50567,0.9997229812834081
50568,0.9725370010792074
50569,0.9999349463500289
50570,0.9981577283373398
50571,0.9999668604103478
50572,0.9992764619900516
50573,0.9999853378992477
50574,0.9327605840410583
50575,0.9942069742133627
50576,0.996483995286295
50577,0.9998820251654804
50578,0.9999569640064653
50579,0.9999039625356141
50580,0.9747431614470408
50581,0.9998393385071785
50582,0.9505902226697674
50583,0.9999995047163583
50584,0.999770197063502
50585,0.9222563346002658
50586,0.9999943253830573
50587,0.9475519131388386
50588,0.9995342270079044
50589,0.9962236685631829
50590,0.9999050354185655
50591,0.9966716049975578
50592,0.999804651383042
50593,0.9996464979893763
50594,0.9994386682783867
50595,0.9804170315402715
50596,0.9994223930637237
50597,0.9912739213822571
50598,0.9708150660512946
50599,0.999098125538836
50600,0.6837629723345845
50601,0.9999141048997098
50602,0.9889649030727671
50603,0.9999570992748285
50604,0.9977103271592642
50605,0.9959807748339142
50606,0.9999356063388593
50607,0.9996611285446271
50608,0.9999858162355065
50609,0.5629991317544005
50610,0.9373355770049564
50611,0.9998623456766261
50612,0.9998729418669376
50613,0.9971948073831444
50614,0.9480139425182381
50615,0.9999855424350967
50616,0.9999575773535894
50617,0.9998916000571826
50618,0.9020569786167543
50619,0.9995940122272677
50620,0.9999392714763622
50621,0.9999731946935522
50622,0.9999565964934096
50623,0.999828370090494
50624,0.999884154786932
50625,0.9995692958708003
50626,0.9956959912549772
50627,0.8999096206268659
50628,0.9952087232411646
50629,0.9995331301757433
50630,0.9285949438460659
50631,0.998270379271065
50632,0.9999816302365011
50633,0.9976571883655633
50634,0.9905661915777851
50635,0.9793456174559579
50636,0.9984340914383435
50637,0.9898155163524209
50638,0.8494390424230193
50639,0.9506630017004035
50640,0.999907775469988
50641,0.9889588812795403
50642,0.9982263995598104
50643,0.9985235895481397
50644,0.9998174079122729
50645,0.9998989416697834
50646,0.9918415256422906
50647,0.9998907510873988
50648,0.9999643904600595
50649,0.9917602391550343
50650,0.9959766147214721
50651,0.9983045288891722
50652,0.999706235744776
50653,0.9999511355212426
50654,0.9999871275684183
50655,0.659877599409113
50656,0.9978188739624594
50657,0.9999847702214176
50658,0.9997346707140563
50659,0.9971059623284048
50660,0.9768573067686155
50661,0.9767910980514479
50662,0.8333370539269528
50663,0.9973599156834033
50664,0.9953966806685574
50665,0.07262131887037244
50666,0.999858258748609
50667,0.9995874589940374
50668,0.9999435905279899
50669,0.9999449518212684
50670,0.9842910609061389
50671,0.996525288602847
50672,0.9890724874385444
50673,0.9988964483993219
50674,0.9992580537605444
50675,0.9915725845257662
50676,0.8022410239029057
50677,0.7192161591442567
50678,0.9976120462586916
50679,0.99995235046770925
50680,0.9998450132868136
50681,0.9997117464239459
50682,0.915749183818121
50683,0.996646395819944
50684,0.9999492044988365
50685,0.9999230042813767
50686,0.9935323124283236
50687,0.9999392384234744
50688,0.9986962773402343
50689,0.9973688410029359
50690,0.9986881246251277
50691,0.9943807352340811
50692,0.996339875922069
50693,0.8751813268851705
50694,0.9999647212580763
50695,0.9999883819907996
50696,0.9993513734833427
50697,0.9998103789598205
50698,0.9882918183449237
50699,0.9947473946395077
50700,0.9999772343501554
50701,0.9955371850556437
50702,0.9999759053264352
50703,0.9899415824250489
50704,0.9999608164007643
50705,0.9996573964922623
50706,0.9996228436487402
50707,0.9978186095901503
50708,0.91349647176438
50709,0.9999881560281219
50710,0.9999314969712476
50711,0.0335007802696894
50712,0.9977454505825876
50713,0.9900954416994737
50714,0.9999658419179922
50715,0.7215996461049186
50716,0.6693197843961802
50717,0.9999853575985697
50718,0.99979497613242
50719,0.9987546404776088
50720,0.8968851298446726
50721,0.7401237046746707
50722,0.9999838902353517
50723,0.999311157840531
50724,0.9970798859710479
50725,0.9996602431925076
50726,0.9996967403014028
50727,0.9999028830494362
50728,0.445434570993147
50729,0.9566103016517559
50730,0.9999410379652004
50731,0.9996885557547222
50732,0.9932653501073195
50733,0.991739290531019
50734,0.9934697628804605
50735,0.9862583503783442
50736,0.9046223731976861
50737,0.9997865965751808
50738,0.9986079253128856
50739,0.9966628988368698
50740,0.9794658571670671
50741,0.9905634410423804
50742,0.9966213951532613
50743,0.9991569968270224
50744,0.9992161336327795
50745,0.999980024501312
50746,0.999984205256738
50747,0.9993752354136345
50748,0.9998668028182874
50749,0.9952436092012412
50750,0.9999423771446013
50751,0.9950654776155822
50752,0.9998474644299072
50753,0.9991392368533318
50754,0.9302216231055405
50755,0.9952505856686494
50756,0.9946247488434711
50757,0.9992188850194977
50758,0.9999983711709401
50759,0.999992307996258
50760,0.9999532346652394
50761,0.8266743430033525
50762,0.9996860085063326
50763,0.9805795130018612
50764,0.9977285861558242
50765,0.9718325592903884
50766,0.9999683694207517
50767,0.9992765537859668
50768,0.9997680725393361
50769,0.9561686728448926
50770,0.9999982212482024
50771,0.9966294004246873
50772,0.9982932159305651
50773,0.9993379754270251
50774,0.9994074876904563
50775,0.9487875754018337
50776,0.9995136006641625
50777,0.9922703952218034
50778,0.9999640429899531
50779,0.9998731438026701
50780,0.9996825998500909
50781,0.9690188493295832
50782,0.9993489485589189
50783,0.435872051708617
50784,0.9773660112230437
50785,0.995303899099782
50786,0.9915496597770512
50787,0.9958143872235538
50788,0.9999077726978521
50789,0.9999863272837354
50790,0.9905960822909019
50791,0.9432861336218634
50792,0.999960539517771
50793,0.9998715717433371
50794,0.9927407073493024
50795,0.9914860818807608
50796,0.9905776911090381
50797,0.7103739457260159
50798,0.9995912903550851
50799,0.9994576811045871
50800,0.9999832675969074
50801,0.9999784194263847
50802,0.9983835701253393
50803,0.9992857056377201
50804,0.9987780276876348
50805,0.9869397492274062
50806,0.9998176909403926
50807,0.999697828455532
50808,0.9796834257527071
50809,0.9955026206874223
50810,0.9865057658203781
50811,0.9990079135438596
50812,0.9989295455659379
50813,0.9998031178630806
50814,0.999869751163787
50815,0.962285883351849
50816,0.9228538476746918
50817,0.4432913676509599
50818,0.9966842468131097
50819,0.9995214440504867
50820,0.9998420425121725
50821,0.9999859779385804
50822,0.9989053894663966
50823,0.9800507019030211
50824,0.6221552990786169
50825,0.9962456697316333
50826,0.9967554526407466
50827,0.9998118533241109
50828,0.9999438935254283
50829,0.9008414747921251
50830,0.9842406424926713
50831,0.998565261560285
50832,0.9967786832727716
50833,0.9999333214742948
50834,0.9999701664102902
50835,0.9993532010270871
50836,0.9987660264232853
50837,0.9998933558583457
50838,0.999563836849618
50839,0.9999888524844589
50840,0.9984569005995368
50841,0.9884203403276284
50842,0.9949286483548546
50843,0.9997704300542067
50844,0.9992742815998066
50845,0.9999839614749408
50846,0.9999070376530619
50847,0.9995102788507695
50848,0.9998973674309803
50849,0.9991145869165824
50850,0.9999184294849461
50851,0.9991807010870352
50852,0.9852439790129
50853,0.9980965856604841
50854,0.9914377988370624
50855,0.9997135765728502
50856,0.9999472398210301
50857,0.7937877722847472
50858,0.9997883573382924
50859,0.9946175094243481
50860,0.9906211927663495
50861,0.9995765876867885
50862,0.9999744876958891
50863,0.9999868927447576
50864,0.9680396717644166
50865,0.999389529426011
50866,0.9960010893075494
50867,0.9997779273407567
50868,0.9999784066006021
50869,0.9995710910671991
50870,0.999994741398203
50871,0.9996937592208857
50872,0.9999472720690883
50873,0.9912767813784642
50874,0.9993284857467768
50875,0.8923059948098849
50876,0.9984708870659911
50877,0.9997981961625303
50878,0.9999751568698846
50879,0.9964712265539074
50880,0.9994349468264441
50881,0.9840650105798544
50882,0.9991790783057397
50883,0.9975270794001747
50884,0.9971675698152687
50885,0.9894326205354066
50886,0.9998622214065576
50887,0.9979185229289362
50888,0.9929127080500092
50889,0.9991115962301579
50890,0.9976592029909932
50891,0.9985193839033376
50892,0.9987909352060045
50893,0.999970346759857
50894,0.9983313747828814
50895,0.9994740669643988
50896,0.9083044655575615
50897,0.9986134436251259
50898,0.9998345144219742
50899,0.9992673187118472
50900,0.6736900400411033
50901,0.9999167015136098
50902,0.9989340624873331
50903,0.9999337133614699
50904,0.9992691824255471
50905,0.9951259144025758
50906,0.9999803814976059
50907,0.999894631574687
50908,0.9375258279004859
50909,0.99291074258007
50910,0.9999948147480189
50911,0.9993528913793964
50912,0.9996539578009509
50913,0.9999937729864852
50914,0.9999266353506531
50915,0.9996944752202988
50916,0.9999696674031763
50917,0.7581958029836109
50918,0.999647438568667
50919,0.9997960224807031
50920,0.4362124628731145
50921,0.9997898588606533
50922,0.9994595621918858
50923,0.8605671527238474
50924,0.9942498556596485
50925,0.9948145971434419
50926,0.9931980006681105
50927,0.9940505786657841
50928,0.9994868471785333
50929,0.9983714027709539
50930,0.9996684488562225
50931,0.9999782320494359
50932,0.7917675148055173
50933,0.5106933996269043
50934,0.9999758678171499
50935,0.59387792025758
50936,0.9649913460280091
50937,0.9992046864042038
50938,0.9999538328939055
50939,0.5672947890325095
50940,0.8896696209178967
50941,0.9925632757870627
50942,0.9999600871989609
50943,0.9980649658495795
50944,0.9964385424666053
50945,0.988395860669854
50946,0.9999501574698724
50947,0.9945884166832942
50948,0.9975679632373491
50949,0.17445935409400926
50950,0.9993314081535802
50951,0.4200523815941727
50952,0.9999200094297922
50953,0.9996650281980222
50954,0.8958043590058525
50955,0.9993082119906865
50956,0.32110825104072965
50957,0.9244461150468454
50958,0.99923907319775
50959,0.9999730381728036
50960,0.9998164179053894
50961,0.9999345691528042
50962,0.9925328398365293
50963,0.9896445217951509
50964,0.9999307922313299
50965,0.9995124034703046
50966,0.9999827606255952
50967,0.9999382873535047
50968,0.9931196449415837
50969,0.9996425342445995
50970,0.9999393644952939
50971,0.9655923457569182
50972,0.9994646308501175
50973,0.9876690324522899
50974,0.9991846324949352
50975,0.9996777052181678
50976,0.9996468897802353
50977,0.9679572711391365
50978,0.9938295106295321
50979,0.9996690375374088
50980,0.9983497414660901
50981,0.9999883190597917
50982,0.9999874371786295
50983,0.9975926717711174
50984,0.9789777592403439
50985,0.9918745630531435
50986,0.7655769323586784
50987,0.9998913821077682
50988,0.9330087873655791
50989,0.7117059394986575
50990,0.9998372609512919
50991,0.6278825639876193
50992,0.9999019983466487
50993,0.9999167233905568
50994,0.9950487988446354
50995,0.999087896311965
50996,0.9868182564067747
50997,0.9999395143896271
50998,0.9999499860744562
50999,0.9955723026028496
51000,0.9964925989322002
51001,0.9990072296405321
51002,0.999936947489432
51003,0.9999914862244066
51004,0.9999875344700402
51005,0.9984461585036231
51006,0.999593032838137
51007,0.9994494539361793
51008,0.9868710125265427
51009,0.999390118331949
51010,0.9984747732930159
51011,0.6705079045719651
51012,0.9991548402602295
51013,0.9865075298534258
51014,0.9311131506295569
51015,0.984264835642578
51016,0.998629865585733
51017,0.9990786939852494
51018,0.999869745570156
51019,0.9732062022805952
51020,0.975579292230344
51021,0.936078682036361
51022,0.9443073167797545
51023,0.9544506559023085
51024,0.9995632740059003
51025,0.9853015562665132
51026,0.9881894549689231
51027,0.9999899843164384
51028,0.9986098773197553
51029,0.9976752821321411
51030,0.9999642008002368
51031,0.9983698839840649
51032,0.9954305580280041
51033,0.9994488474934166
51034,0.9995086194753192
51035,0.9983218876084192
51036,0.9998703272129192
51037,0.9790014506654284
51038,0.999991785012013
51039,0.9993677121631934
51040,0.9293171893155772
51041,0.9792070794340544
51042,0.93381421799257
51043,0.9995234928516107
51044,0.9998330047145552
51045,0.9981242958565025
51046,0.9995365460453107
51047,0.9874813161525594
51048,0.9998617440919766
51049,0.9981232976444053
51050,0.987432075744887
51051,0.9999595809937664
51052,0.9992113381962678
51053,0.9968941037293952
51054,0.9983262955226897
51055,0.9912677321369324
51056,0.9994852899188221
51057,0.9999762629261078
51058,0.9985059478704894
51059,0.9808765766799403
51060,0.9999342974156893
51061,0.999554468700175
51062,0.9999614052238045
51063,0.9988984417803348
51064,0.9999891085319874
51065,0.9977442076199263
51066,0.9929537631662462
51067,0.997614247801797
51068,0.9999654600540254
51069,0.9999307208435231
51070,0.999930038573603
51071,0.9991212411833054
51072,0.9999980643694634
51073,0.9999051773845381
51074,0.9992315057379293
51075,0.9769848345471286
51076,0.9999839824739042
51077,0.9999904179472877
51078,0.9994552414052175
51079,0.98642879362198
51080,0.9999939144112129
51081,0.9939946302848938
51082,0.9999917701483797
51083,0.9981658022641587
51084,0.999990714499982
51085,0.9987906869557217
51086,0.9661619938358302
51087,0.9996517803131294
51088,0.778739986066073
51089,0.9986630005126527
51090,0.9999448917851924
51091,0.9907683775294706
51092,0.9999677473942007
51093,0.1486160497350995
51094,0.9282856822954672
51095,0.9997631333200065
51096,0.9992982949181519
51097,0.9241955436682634
51098,0.8011510021120393
51099,0.9238170097124123
51100,0.0032273894217457262
51101,0.9899297990121445
51102,0.9998537401032366
51103,0.9999731307923689
51104,0.9972735480298731
51105,0.9993535277573258
51106,0.9970436269215786
51107,0.9999056739143758
51108,0.9999565503146067
51109,0.9775964297466511
51110,0.9997099308064313
51111,0.9724804926810245
51112,0.9991467338803125
51113,0.9764254882800739
51114,0.999993096037068
51115,0.9766429267053347
51116,0.9957678072944994
51117,0.994459450405511
51118,0.9902054504727243
51119,0.8078688059492711
51120,0.9999514128222069
51121,0.9999046216422298
51122,0.9998983922702498
51123,0.40012845216271364
51124,0.9644227933661533
51125,0.9937628227080635
51126,0.9990750983912328
51127,0.9997880583049715
51128,0.9996372764629066
51129,0.9916390441631813
51130,0.9902253329094903
51131,0.9986682389948434
51132,0.9996515683771159
51133,0.9999931195090994
51134,0.999546426337251
51135,0.9981892301513444
51136,0.9998903769945117
51137,0.9999809316200162
51138,0.9175661575149012
51139,0.9990860590225785
51140,0.9999165292917775
51141,0.9699091425247939
51142,0.9999935838426431
51143,0.9995488767410227
51144,0.9962117261272226
51145,0.9986866337180003
51146,0.9853457262629336
51147,0.9938201141081568
51148,0.9994677122386009
51149,0.9998399527179173
51150,0.999398506554172
51151,0.9999892759496163
51152,0.05884549770258156
51153,0.9999201303697877
51154,0.9908608835028371
51155,0.9999698140563309
51156,0.9991980206564383
51157,0.9994117293150265
51158,0.9993171390776646
51159,0.9981912338554143
51160,0.9997077698488497
51161,0.9997030362295329
51162,0.022585079993583994
51163,0.9390194320756424
51164,0.999949503596133
51165,0.9989989331353234
51166,0.9672192417106379
51167,0.9991398643082043
51168,0.897154246089801
51169,0.9643768662789588
51170,0.9990171621861196
51171,0.9999892436117761
51172,0.9999270975743154
51173,0.9951378556885639
51174,0.8444576378412368
51175,0.9987599207289755
51176,0.9997942130032494
51177,0.9948441392010802
51178,0.9994460940585265
51179,0.9999671673225365
51180,0.9992587855344066
51181,0.9827217278939089
51182,0.9999677338021472
51183,0.9970926061288924
51184,0.48236970496986575
51185,0.9996986337890876
51186,0.9998712026150496
51187,0.9998269988020587
51188,0.9996917724945702
51189,0.9957388876648369
51190,0.27343979202332835
51191,0.9917534950372595
51192,0.999885034341229
51193,0.999975832860789
51194,0.9999906745198657
51195,0.9986643629489756
51196,0.999973987271304
51197,0.8965660518048437
51198,0.9994814334110684
51199,0.9994582594630697
51200,0.9999885751542922
51201,0.9227832686391981
51202,0.99969070853343045
51203,0.9987866348621747
51204,0.9999578778619286
51205,0.9993696441447423
51206,0.99995242105015
51207,0.9999037109987249
51208,0.9999547628983559
51209,0.9999872028788253
51210,0.5951287603802123
51211,0.9881653939997463
51212,0.9995692514120567
51213,0.9182756090100005
51214,0.999862113939677
51215,0.999971786956247
51216,0.9996759465644719
51217,0.9400802147458258
51218,0.9997271295020344
51219,0.9895134300829401
51220,0.9999837318482009
51221,0.9997699082295085
51222,0.9983120338127984
51223,0.9999357608728635
51224,0.9999835306919558
51225,0.9796055910523841
51226,0.9999536950711428
51227,0.9915285129815457
51228,0.9999494812721054
51229,0.9993196106525913
51230,0.9997550725964782
51231,0.9997921645584681
51232,0.999470325334507
51233,0.9999099158339405
51234,0.9868587938863902
51235,0.9993364579309307
51236,0.8962568120819969
51237,0.9978692386160327
51238,0.9982468322173492
51239,0.9977721878917414
51240,0.9945426034113094
51241,0.5126916034723332
51242,0.7812316148430977
51243,0.9999903360952562
51244,0.9472902578540885
51245,0.9847365997132194
51246,0.9956030663764585
51247,0.9982782739365262
51248,0.9074314417321506
51249,0.9993111234919195
51250,0.9989456521067703
51251,0.9951893495374514
51252,0.9996572476151888
51253,0.9902403546997993
51254,0.9999710332112369
51255,0.9579164196799687
51256,0.9993199165020226
51257,0.9999685460163537
51258,0.9935486841955936
51259,0.9965531976332135
51260,0.9955475694745568
51261,0.9926087372967578
51262,0.9999559003287382
51263,0.9998863387358343
51264,0.9970972043984532
51265,0.9999755454499687
51266,0.9989929076571601
51267,0.9834240283667313
51268,0.9997737671529573
51269,0.9999906419681577
51270,0.9972827434845977
51271,0.9996368865560286
51272,0.9913021752019167
51273,0.9925440696349854
51274,0.9987366639122734
51275,0.9998565462921514
51276,0.9999767413221365
51277,0.9855518860567296
51278,0.9987432307072452
51279,0.9995153154985594
51280,0.9998158237104925
51281,0.9796005205555529
51282,0.9982436533601368
51283,0.9997567459004357
51284,0.9963136883139606
51285,0.8235552328193578
51286,0.9820778382126283
51287,0.9951112917576957
51288,0.9717292062192463
51289,0.9996608050115204
51290,0.9866366125501197
51291,0.4348519641752308
51292,0.9999371791322353
51293,0.9992911492467338
51294,0.9984013593630136
51295,0.9996081032971317
51296,0.9957530488475893
51297,0.9980417469130638
51298,0.99966086220775
51299,0.9950663094256609
51300,0.9999732281973699
51301,0.9969956649570865
51302,0.999254555171173
51303,0.9991001900624943
51304,0.9994159070233655
51305,0.9996417719028979
51306,0.9997073187094871
51307,0.9170094767250117
51308,0.9997276789500981
51309,0.9999132426755254
51310,0.9992501270692363
51311,0.9895424410071525
51312,0.9952991864081617
51313,0.9991360067326864
51314,0.979666301946821
51315,0.9973124326887787
51316,0.9999703500191666
51317,0.9629444973832435
51318,0.9997981372269612
51319,0.9990280624292756
51320,0.9984575435090145
51321,0.9796179997863057
51322,0.9969546658271862
51323,0.9981775882587782
51324,0.998282718082851
51325,0.9999526416868374
51326,0.9998826819079705
51327,0.9998723216248304
51328,0.999809649402147
51329,0.967432917277065
51330,0.9999903855797941
51331,0.9998473495806885
51332,0.9997055192817819
51333,0.9982086104575855
51334,0.9953810530237389
51335,0.9996224015958288
51336,0.9999836399919576
51337,0.9637984214495685
51338,0.9999820868869909
51339,0.9996561129304735
51340,0.9885415153376798
51341,0.9928946502806415
51342,0.9993553240328396
51343,0.9326946570689244
51344,0.9988772836449945
51345,0.9994128010526135
51346,0.99920694237195
51347,0.9043195100602555
51348,0.9915563026919462
51349,0.9992560592020858
51350,0.999744074227634
51351,0.9999495376999845
51352,0.20244386057301547
51353,0.9800301482582109
51354,0.9999263035049619
51355,0.9958619003400514
51356,0.9996239240810922
51357,0.9968823091242959
51358,0.9999833071468811
51359,0.9879818006098946
51360,0.9999104752347662
51361,0.9994990938350987
51362,0.9996900516944197
51363,0.9920695825923352
51364,0.9999704371582921
51365,0.999905990698379
51366,0.9998776700584255
51367,0.9998703052119406
51368,0.9993559184409414
51369,0.4999929971313173
51370,0.9981791056156978
51371,0.9239611713609129
51372,0.015692334600384425
51373,0.9984158324738209
51374,0.8685912164457931
51375,0.9842665186010473
51376,0.012212545945935127
51377,0.99998411267879
51378,0.992387889250542
51379,0.9965311198838621
51380,0.9860103150715931
51381,0.9999420529694746
51382,0.9995542360346413
51383,0.9991879894975625
51384,0.9696245713976763
51385,0.9999536827431484
51386,0.963375479118831
51387,0.041684496412532995
51388,0.9785543033620546
51389,0.9999779660601231
51390,0.9999334584911714
51391,0.999917243356871
51392,0.9983180304364606
51393,0.9886602931557701
51394,0.949779023319103
51395,0.7694647877117837
51396,0.9996612546318451
51397,0.990532459954585
51398,0.9896598598020133
51399,0.8713388706626525
51400,0.9964676407878462
51401,0.9999816002715911
51402,0.9997329582987471
51403,0.9999063833840577
51404,0.9983823333098212
51405,0.9883776979234526
51406,0.9999371286819857
51407,0.13134372016766988
51408,0.9999422999005891
51409,0.1282350237716342
51410,0.9989015833835394
51411,0.8629862761621256
51412,0.9999714387223883
51413,0.9936070123184936
51414,0.9234882576509091
51415,0.9954821537174067
51416,0.9980475688895664
51417,0.9999553444656826
51418,0.8841414914156913
51419,0.988371704112065
51420,0.9999584733068009
51421,0.9995826886546288
51422,0.9969560898678197
51423,0.9999916335172979
51424,0.9986646772745877
51425,0.9992076237789411
51426,0.9999522918170745
51427,0.9986910992651215
51428,0.9949271979141807
51429,0.9997149572860446
51430,0.9997847699168632
51431,0.9999169073520522
51432,0.9984542512998837
51433,0.9998715624624329
51434,0.9997236523648947
51435,0.9999325484010093
51436,0.9999616012140604
51437,0.9992769571697361
51438,0.999946834228284
51439,0.999968629925792
51440,0.999990322442003
51441,0.9994381941285996
51442,0.9999287591942132
51443,0.9761932505323124
51444,0.9999822951230002
51445,0.9999701663773289
51446,0.9991149289597333
51447,0.9999074153073726
51448,0.9990941475516106
51449,0.9997744709368225
51450,0.9030312019789289
51451,0.9999139511126005
51452,0.9975633082258079
51453,0.9913968293860106
51454,0.9898616798774785
51455,0.9898017823482876
51456,0.9990049271764285
51457,0.9996816997759828
51458,0.9999827211247188
51459,0.9827801972267606
51460,0.8340116502428943
51461,0.9975842863111566
51462,0.9998583758827596
51463,0.9998332607052253
51464,0.9991873591109284
51465,0.9976310747862956
51466,0.94297209588494
51467,0.9983276798279968
51468,0.9822896805619564
51469,0.824214504669692
51470,0.3337397762098128
51471,0.9999064273959767
51472,0.7939287644245393
51473,0.9999548293272751
51474,0.9990365226250483
51475,0.9998742549053994
51476,0.7871639755820911
51477,0.9999799298918509
51478,0.9981071327730552
51479,0.9804933634225053
51480,0.9992599387230204
51481,0.999207744619262
51482,0.9885811939933355
51483,0.9999453123837947
51484,0.9986200292481157
51485,0.9411881975976705
51486,0.9898335467386318
51487,0.9999907235298613
51488,0.6389941225208109
51489,0.9986001584947837
51490,0.9999351443403879
51491,0.9978773095343694
51492,0.9961939915245775
51493,0.999937208612049
51494,0.9998459989185756
51495,0.9997621410915349
51496,0.9992046637020043
51497,0.9940708186780838
51498,0.9985945672858558
51499,0.8723893929713152
51500,0.999956350398394
51501,0.9997787452268525
51502,0.9999806925610649
51503,0.9776464245251063
51504,0.9999327547506167
51505,0.9991432130245467
51506,0.9999384217492207
51507,0.9906061252654048
51508,0.9986062610524316
51509,0.9670261837859911
51510,0.9995406406363915
51511,0.9997431710213764
51512,0.9999562928501531
51513,0.9831684639924698
51514,0.9977880111104807
51515,0.9930698464999405
51516,0.999983370231024
51517,0.9999433426725666
51518,0.9785340160044604
51519,0.9933147794955031
51520,0.9804659950982724
51521,0.9842465570089981
51522,0.8436211070423656
51523,0.9590262714047382
51524,0.9985548193582693
51525,0.9994829051488024
51526,0.9843618380601411
51527,0.996935528078374
51528,0.9980271234272945
51529,0.6980580247198491
51530,0.8772115300924462
51531,0.9997433340191514
51532,0.9998585165537636
51533,0.9987840314601543
51534,0.9004757255048621
51535,0.9989371281475594
51536,0.9998666200211577
51537,0.8818953484507873
51538,0.9998527029075488
51539,0.9345409284793131
51540,0.9999659644539444
51541,0.9976017237826031
51542,0.9938362298232749
51543,0.9925951098220096
51544,0.9998292661910978
51545,0.9994272474878486
51546,0.9286547345912722
51547,0.9999884446218469
51548,0.9955766732363887
51549,0.9998992078092935
51550,0.9989207667018773
51551,0.9981603142745066
51552,0.956481458296347
51553,0.9472994601917657
51554,0.9993186430266983
51555,0.8996556437463332
51556,0.9995091561763934
51557,0.9999848331702886
51558,0.9950542525066352
51559,0.9429206637483758
51560,0.9999415320936677
51561,0.9919130647281617
51562,0.9997672290283933
51563,0.998895659920417
51564,0.9999345749185793
51565,0.9988881714478057
51566,0.8957745078610501
51567,0.9327813564572229
51568,0.9944407747639333
51569,0.9994681517256564
51570,0.9998604030664279
51571,0.9991188754405559
51572,0.984819133230174
51573,0.9999430511292451
51574,0.8819135970584017
51575,0.9897974589582179
51576,0.9884310477887803
51577,0.9884756957251073
51578,0.9999343372454247
51579,0.9990910655825336
51580,0.9998892840885406
51581,0.9999451100510091
51582,0.9999389930350205
51583,0.727021935502277
51584,0.9998105366370518
51585,0.9997972684379516
51586,0.9994532988116946
51587,0.9983350331913929
51588,0.9998443759976587
51589,0.2830974678152001
51590,0.9995771825904383
51591,0.9718891055825094
51592,0.9945715204090146
51593,0.9998422708777838
51594,0.9996549987858049
51595,0.9997601609915754
51596,0.9885745353269836
51597,0.999787448357564
51598,0.99913487075341
51599,0.9984542677989038
51600,0.9996793849220624
51601,0.9987056266541089
51602,0.9488509996316443
51603,0.9999901723216603
51604,0.9999673702121823
51605,0.11061952534144218
51606,0.9599692535578206
51607,0.9996275069132656
51608,0.9953689451919998
51609,0.17902552377140935
51610,0.9999897124319362
51611,0.9996751030795719
51612,0.9999197876972675
51613,0.9992578884338534
51614,0.999089498189818
51615,0.9989745702415048
51616,0.9999755208097069
51617,0.9605706246270215
51618,0.9557538957178409
51619,0.9971941986552018
51620,0.9999810446841992
51621,0.9828527428734639
51622,0.9986767758252957
51623,0.9969042481308394
51624,0.9999276566709232
51625,0.9997206968776087
51626,0.9999859173173078
51627,0.9999863902790301
51628,0.9907278794619043
51629,0.7333347754501863
51630,0.9924646722836106
51631,0.9847387409008339
51632,0.3242349234221016
51633,0.997009761170146
51634,0.9996241930547471
51635,0.9898339782881228
51636,0.9998594090770938
51637,0.9999734529351988
51638,0.999954878218854
51639,0.9999498661143587
51640,0.9993589164378158
51641,0.9973521255429952
51642,0.999975122048563
51643,0.9918164675542709
51644,0.9842839217215916
51645,0.9989166331736495
51646,0.999955316594844
51647,0.9996704412631592
51648,0.9999805739991016
51649,0.9997776398917899
51650,0.9995321382890828
51651,0.9994398014253627
51652,0.9999757712181245
51653,0.9997272819617369
51654,0.9990573433942311
51655,0.9999782743491303
51656,0.9999263357040432
51657,0.9997062567222055
51658,0.9989544593161211
51659,0.9991018137580701
51660,0.9296493601210528
51661,0.9738466959295403
51662,0.9998937031582809
51663,0.9998144748681157
51664,0.9998567598501925
51665,0.9993272936196648
51666,0.999393963307931
51667,0.9889648283712005
51668,0.9967728451595592
51669,0.9986158526588848
51670,0.9999929056906129
51671,0.9995057281274983
51672,0.999093678529578
51673,0.9829103787494087
51674,0.9893576681482028
51675,0.9948205900796812
51676,0.9999577455941249
51677,0.9985460036088238
51678,0.9999643673071794
51679,0.9739447286764084
51680,0.9953548422627668
51681,0.9997416036113022
51682,0.998226245307766
51683,0.9999589550507207
51684,0.5062613919776323
51685,0.9998141284179409
51686,0.9991031360841076
51687,0.9981399611885629
51688,0.9999915659295278
51689,0.9994889459934485
51690,0.9970353175976195
51691,0.7061948786862918
51692,0.9999655419294031
51693,0.9996897336421966
51694,0.9991764032855954
51695,0.9991158864802628
51696,0.9125299110407156
51697,0.9871490999698455
51698,0.9821598293915147
51699,0.9996997266314203
51700,0.9998484690978379
51701,0.9999586790062194
51702,0.9998062280419227
51703,0.9767405621417742
51704,0.997553477912131
51705,0.9999793757059406
51706,0.9890059167735227
51707,0.9994254477474349
51708,0.999866083848578
51709,0.9999898544635363
51710,0.9999825095162174
51711,0.9999600886685054
51712,0.9651983427718963
51713,0.9992694273281356
51714,0.9992473555962799
51715,0.9999514459385351
51716,0.9952247625008066
51717,0.9995477091094221
51718,0.9932741655370241
51719,0.9994111849435967
51720,0.9981224415796308
51721,0.10780025117481833
51722,0.9999826030667567
51723,0.9983317827115061
51724,0.999820879318853
51725,0.9805340307229186
51726,0.9999534441690896
51727,0.9999976141841054
51728,0.9998689642403568
51729,0.9998632097476285
51730,0.9805162198571111
51731,0.1343366651436366
51732,0.9997708208807017
51733,0.999996395258705
51734,0.9703223421444086
51735,0.7939100121657818
51736,0.998970939214447
51737,0.9997572179355757
51738,0.9989028030331364
51739,0.9967398082227671
51740,0.9852390463425276
51741,0.9517090237370218
51742,0.9934508325661323
51743,0.9998581251831546
51744,0.9998164292600403
51745,0.9999525246764676
51746,0.9683565751548289
51747,0.6273154697856027
51748,0.9969806695664803
51749,0.9996380432369895
51750,0.9999926174730265
51751,0.9883522412092043
51752,0.9990158398352477
51753,0.9658662674241933
51754,0.9973605697798591
51755,0.9997802446629348
51756,0.9998862390571976
51757,0.8357828904554745
51758,0.9999459002143407
51759,0.8800162035712764
51760,0.9993621292234086
51761,0.9999300721246798
51762,0.9960299406522343
51763,0.9988521546627417
51764,0.9997587050719722
51765,0.07180890243956711
51766,0.9988512459399785
51767,0.9984368171873665
51768,0.9998616582398208
51769,0.9993430090430327
51770,0.9980734351848003
51771,0.9994727440525675
51772,0.9998838895909025
51773,0.9991070471392197
51774,0.9999037648644429
51775,0.9968054992897055
51776,0.9952976961370611
51777,0.9984403983932991
51778,0.994381877478614
51779,0.999005982829707
51780,0.9999752845338628
51781,0.9995274959425932
51782,0.9917837487965415
51783,0.9995277707828534
51784,0.5099830480837441
51785,0.998722853458721
51786,0.9799235033986524
51787,0.9773122129854189
51788,0.9636377547822291
51789,0.9999504376082529
51790,0.9904548364514797
51791,0.7660807048338214
51792,0.999893602111596
51793,0.9799481817903448
51794,0.9596624911201643
51795,0.9798933526836459
51796,0.9999695112190625
51797,0.9999710443392972
51798,0.9807504858880715
51799,0.9730737080169978
51800,0.9972267276831014
51801,0.9818838821365128
51802,0.9976710937963191
51803,0.9980702805456705
51804,0.9906052688200683
51805,0.9780164202047527
51806,0.9979654740672238
51807,0.9732319143628136
51808,0.9972984347182171
51809,0.9986433865139652
51810,0.9997401718213969
51811,0.9999775955898835
51812,0.9996996234316383
51813,0.9989638492777846
51814,0.5414511353811323
51815,0.9925569144826675
51816,0.9438377584422205
51817,0.9617453129957846
51818,0.9999645529124195
51819,0.9992995276970003
51820,0.7939261035921054
51821,0.995593579446397
51822,0.8364452292331137
51823,0.9879387129718974
51824,0.8570634327246275
51825,0.9998966682604253
51826,0.999962121268195
51827,0.9923581336289212
51828,0.9994907952523091
51829,0.9954871721758183
51830,0.9906528535439485
51831,0.9992288491072596
51832,0.9996862399019443
51833,0.994659085248373
51834,0.9999166346580745
51835,0.9943432033199766
51836,0.9952967292481839
51837,0.9994794749035248
51838,0.9997533440081247
51839,0.996069658354374
51840,0.9997611217227905
51841,0.9995467225379672
51842,0.9999825720633406
51843,0.9986214569852314
51844,0.9985245376985469
51845,0.9999545437202993
51846,0.9999725067311676
51847,0.9999623324033392
51848,0.9996632240508454
51849,0.9999614261263032
51850,0.9997520873540758
51851,0.9994466668544576
51852,0.9917397734343394
51853,0.9998761345301669
51854,0.9423269841080351
51855,0.9985155267760714
51856,0.9999993048840845
51857,0.9986841097974779
51858,0.9995290819602718
51859,0.9989885003524805
51860,0.9999714465046277
51861,0.9991694586354869
51862,0.9945493543134994
51863,0.9999762980658418
51864,0.9952691897633325
51865,0.9966391601814564
51866,0.9999316717641649
51867,0.9467122968615529
51868,0.994458229440462
51869,0.9999889380259023
51870,0.9995601424860063
51871,0.9992770804568943
51872,0.9999594446150165
51873,0.9989951225805829
51874,0.9351780671069155
51875,0.9984006630337147
51876,0.9998381369764829
51877,0.9508644954480043
51878,0.9983225292902583
51879,0.9999289162109972
51880,0.9999670066202114
51881,0.9924236055651723
51882,0.9997938644399166
51883,0.9999436984735558
51884,0.9903523333547647
51885,0.9996536862759893
51886,0.9966734771985271
51887,0.9999895564057705
51888,0.9994804633669985
51889,0.9834262051325567
51890,0.9982057519346678
51891,0.99990300902879925
51892,0.9949700148443162
51893,0.9998894680512398
51894,0.9989141021619314
51895,0.9982909883945957
51896,0.9999872685781191
51897,0.9999788127152486
51898,0.9985829715491324
51899,0.9995919909477524
51900,0.9998702873717985
51901,0.9995841300885051
51902,0.9923057975994813
51903,0.7627906461914832
51904,0.9929778751859004
51905,0.999968599960463
51906,0.9932028289556231
51907,0.9999717584894756
51908,0.999778637238547
51909,0.9986271775209612
51910,0.9784266904905384
51911,0.9824194087228104
51912,0.9998226114399625
51913,0.9986777690576161
51914,0.9944583708176581
51915,0.9880723261544465
51916,0.9999670737640175
51917,0.9103866131603467
51918,0.9564565388508295
51919,0.9979014326571192
51920,0.9993344179874688
51921,0.9996484741103511
51922,0.9894809688578499
51923,0.9999534901180167
51924,0.9926805391737983
51925,0.9845842053244274
51926,0.9936194012413012
51927,0.6815416502947884
51928,0.9999952863489061
51929,0.9999263737268282
51930,0.6509219814510463
51931,0.9998493030186701
51932,0.9997429357396711
51933,0.44669332290674724
51934,0.9999473181608673
51935,0.9886222627936034
51936,0.9999665494535381
51937,0.9983896742262215
51938,0.9996135007281399
51939,0.9952817588391188
51940,0.999962882012578
51941,0.9999000736600111
51942,0.9999858941315789
51943,0.9999618621486642
51944,0.9998719454092676
51945,0.9992799539418514
51946,0.9999946187467279
51947,0.9999916484494219
51948,0.9948033710588641
51949,0.999359209588894
51950,0.9981358355236178
51951,0.9997630964585695
51952,0.9998620126328305
51953,0.9984702631206493
51954,0.9995805822154994
51955,0.999818057108934
51956,0.9906240456947509
51957,0.9994671218087502
51958,0.9999564921729553
51959,0.22038749808405805
51960,0.3128410664640948
51961,0.9993283137718733
51962,0.9999724362324184
51963,0.9989743795753919
51964,0.999903695362499
51965,0.9989870603152092
51966,0.9757829079713377
51967,0.9999580412792182
51968,0.43636473955483096
51969,0.9999034754850956
51970,0.9999903714807755
51971,0.8424633168589775
51972,0.9999789481865928
51973,0.9967247033760546
51974,0.9999230685151078
51975,0.9972670554163631
51976,0.9982672600833296
51977,0.9485457274675486
51978,0.9999848476114892
51979,0.993879871903514
51980,0.9998870355579785
51981,0.9919645577692286
51982,0.8974383411815791
51983,0.9974708478695975
51984,0.9989555786866015
51985,0.9996234406084045
51986,0.9996532281950669
51987,0.9996293452520517
51988,0.08078682056633446
51989,0.9967584895627914
51990,0.9999790526978293
51991,0.9975925366409187
51992,0.978074212247902
51993,0.9947960509586514
51994,0.9976466384046788
51995,0.9957226082537757
51996,0.9999448898222536
51997,0.9996928516942731
51998,0.9607780303495456
51999,0.9982528937098276
52000,0.9998038834027932
52001,0.9979952780289595
52002,0.9997418119601426
52003,0.9995130864156999
52004,0.9907949292742101
52005,0.9188989848935789
52006,0.9993183643826351
52007,0.9947854699090676
52008,0.9548638392581786
52009,0.9998852074296094
52010,0.9994802135222972
52011,0.9998922066468591
52012,0.8327471298224977
52013,0.9988356185341685
52014,0.9951083731809202
52015,0.9999497164163429
52016,0.9994890886217899
52017,0.9991394749237394
52018,0.9990549243724502
52019,0.997282369110312
52020,0.9329341620175599
52021,0.9999000695184147
52022,0.9998455845078434
52023,0.9935092006402865
52024,0.9999759417817242
52025,0.6826255648534653
52026,0.9999422824540747
52027,0.9995226670106546
52028,0.9957310196822421
52029,0.9960237383651231
52030,0.9999541902688537
52031,0.987279459643062
52032,0.9877232707063303
52033,0.9957131217881289
52034,0.9974458071607403
52035,0.9999924639812839
52036,0.8911717768780095
52037,0.9998876332269625
52038,0.9995287588431249
52039,0.9990202763570456
52040,0.9999954358050586
52041,0.9999845294645947
52042,0.9997643859532573
52043,0.9909319033834453
52044,0.9904561258051039
52045,0.9999923194418742
52046,0.2970602144024485
52047,0.9991510837471975
52048,0.9995907141327862
52049,0.9970286442966945
52050,0.9994846418029649
52051,0.9999623798533169
52052,0.9917782653311531
52053,0.9997466034775535
52054,0.9985530389397629
52055,0.8630016694802826
52056,0.9989671968502153
52057,0.9983593523692824
52058,0.9727527271467462
52059,0.9999844352315834
52060,0.9802825618234017
52061,0.969521256943719
52062,0.9997858384754216
52063,0.9977574373473245
52064,0.9999064756962316
52065,0.9995341744550482
52066,0.998734854590659
52067,0.9974010364179022
52068,0.9756595285461095
52069,0.9999889644174774
52070,0.9983766745801725
52071,0.9838963853496396
52072,0.9999873869187854
52073,0.999066983689275
52074,0.994393754600518
52075,0.8942634525126544
52076,0.9999646058335905
52077,0.99722794006162
52078,0.9995854961397419
52079,0.9991773170551798
52080,0.9992878469996502
52081,0.9996104440872534
52082,0.9999856957236147
52083,0.9970031446048538
52084,0.9999975690175241
52085,0.2761911467487761
52086,0.9987195681864334
52087,0.9989534261006965
52088,0.9999419204225916
52089,0.9995291487753802
52090,0.9999856015165759
52091,0.9999511121839488
52092,0.9998450923657648
52093,0.9991479622721697
52094,0.9962553257763238
52095,0.9434836875994721
52096,0.9640146717208241
52097,0.9994705594786927
52098,0.2298566398583592
52099,0.9995289527047703
52100,0.9992104090848324
52101,0.9990705724284573
52102,0.9726366618447994
52103,0.9998004301628974
52104,0.9988184508975559
52105,0.9999736021070099
52106,0.9987145611967602
52107,0.9969678792535654
52108,0.9979102066917299
52109,0.999238558737998
52110,0.9990338523549914
52111,0.9970562195415054
52112,0.768861509104413
52113,0.9930506109471894
52114,0.9997455921613713
52115,0.9999583192287207
52116,0.9997506213134228
52117,0.9998430116726079
52118,0.9993404791601991
52119,0.9993342533114732
52120,0.9972678253542574
52121,0.9996721544830659
52122,0.582024699600609
52123,0.999199128107689
52124,0.9966939643539938
52125,0.9999648297122952
52126,0.9590196999278728
52127,0.6376418154926198
52128,0.964079312002816
52129,0.9997336135946298
52130,0.9997489505181788
52131,0.9989165773547874
52132,0.999665814845974
52133,0.9995275046350283
52134,0.9988742090248016
52135,0.9998703405125234
52136,0.9996271297301489
52137,0.9999881054742193
52138,0.9999904677184358
52139,0.405158482885222
52140,0.9998585165537636
52141,0.9992111599718165
52142,0.9999943735959981
52143,0.22902358205916845
52144,0.9995151571445109
52145,0.9996915396995776
52146,0.9987890015444585
52147,0.9996217251483993
52148,0.9998954154763924
52149,0.984835008471166
52150,0.9920699556393925
52151,0.2778654196255809
52152,0.9991790783057397
52153,0.9998777286634464
52154,0.16510550684194683
52155,0.9994565386709202
52156,0.9903963968534077
52157,0.9999351315067477
52158,0.9987816807699352
52159,0.9990386028841038
52160,0.9999945491295198
52161,0.999995525117663
52162,0.9983800295208997
52163,0.9998380145539602
52164,0.9856186683435633
52165,0.9999736008352788
52166,0.9943861620741183
52167,0.9950742126850888
52168,0.9998623219453124
52169,0.9997674389445296
52170,0.9990731379886185
52171,0.999690360101098
52172,0.9999838915623813
52173,0.9960546916079884
52174,0.9996966912235873
52175,0.9998659594638591
52176,0.9910131691883888
52177,0.17164448095847204
52178,0.9996083622460672
52179,0.9981844086432758
52180,0.9989617519954646
52181,0.9987594348041702
52182,0.9982093755326832
52183,0.9994939494837837
52184,0.999823191739974
52185,0.9998060105629003
52186,0.9937758575061418
52187,0.9995701842719731
52188,0.999693193951481
52189,0.9929884329430456
52190,0.7311804717324275
52191,0.9999679040447792
52192,0.9954789754385523
52193,0.9999492324475902
52194,0.9999635790917307
52195,0.9987423238243186
52196,0.9998534779718801
52197,0.36911301159489646
52198,0.9992489978973883
52199,0.9999620173071768
52200,0.9947977535026444
52201,0.9999750773098828
52202,0.9999825811528138
52203,0.9998575453356897
52204,0.9981713616716847
52205,0.9992692966440959
52206,0.9999639825722524
52207,0.9993946524419431
52208,0.9974012796114655
52209,0.5137632816517202
52210,0.9996403467077485
52211,0.9892412764611112
52212,0.9988302406837476
52213,0.9971751924175807
52214,0.9980273342384424
52215,0.9984180124307076
52216,0.9999219271524478
52217,0.9971199503676812
52218,0.9939159396025093
52219,0.9982537790008743
52220,0.9999957734559057
52221,0.994215811853205
52222,0.9950340032170868
52223,0.6078766116938346
52224,0.9980704923314953
52225,0.9996823965946221
52226,0.9985276770530706
52227,0.9998025770942208
52228,0.849662565823943
52229,0.992809992068649
52230,0.9983902710646918
52231,0.9978212032031507
52232,0.025811761737726705
52233,0.9982850022949541
52234,0.9994298906835205
52235,0.9979192260513974
52236,0.9999318465889708
52237,0.9343980520777129
52238,0.9985408282184979
52239,0.9987392634378796
52240,0.9999369540986106
52241,0.9999680918100972
52242,0.9970366974037256
52243,0.9999562819334553
52244,0.9998173203653752
52245,0.9928082715557327
52246,0.9999908673647253
52247,0.882508937652847
52248,0.20073245814664986
52249,0.9999392472121313
52250,0.9999886332797517
52251,0.9895863880800981
52252,0.883339968543449
52253,0.9588065774438779
52254,0.9991646151830901
52255,0.9996217799613432
52256,0.9702556526842405
52257,0.9991080563305454
52258,0.9996805517590355
52259,0.999459155068368
52260,0.9999920310606683
52261,0.9937476171502795
52262,0.9999568712907498
52263,0.9992697543512591
52264,0.9955584850197209
52265,0.9095529631922038
52266,0.9999687654125073
52267,0.9964687151019099
52268,0.9999772979238275
52269,0.9995671741550513
52270,0.9997923793536045
52271,0.9998485938921002
52272,0.9616189472159767
52273,0.9892575610866203
52274,0.9921423157655458
52275,0.9993297677590285
52276,0.9999764541352346
52277,0.8469083975773342
52278,0.9999684832865146
52279,0.9496497254645727
52280,0.9671057747948391
52281,0.9988539710709965
52282,0.9998550328491879
52283,0.9999606583488976
52284,0.9995613781709813
52285,0.9999415913006753
52286,0.9984686529686293
52287,0.7529451073291911
52288,0.21664785440537232
52289,0.996294990910569
52290,0.9297153690209948
52291,0.9987996016758062
52292,0.9999687135861407
52293,0.6000915745013806
52294,0.04237046561077304
52295,0.9974433893187914
52296,0.9999457325067937
52297,0.9998573721309145
52298,0.9996297159796214
52299,0.9999921771902359
52300,0.999969482767819
52301,0.9999254038211399
52302,0.9999249417847986
52303,0.9991634492052202
52304,0.9999692146663253
52305,0.01367774380868336
52306,0.999289305399426
52307,0.9941772303788401
52308,0.9999684998920763
52309,0.9883082019854941
52310,0.9971089362307674
52311,0.9999337704963018
52312,0.9964624292316758
52313,0.9999356231130229
52314,0.9722903362933217
52315,0.9956904166151297
52316,0.9993413314498423
52317,0.9998613537230778
52318,0.8701893303930247
52319,0.7996446779684218
52320,0.9978994857718265
52321,0.9993821510253628
52322,0.6073051493787079
52323,0.9994046945109666
52324,0.8837737017021925
52325,0.9996819087426463
52326,0.9995830233521922
52327,0.9998767781660384
52328,0.9998926001300289
52329,0.5203833258293367
52330,0.985904438810301
52331,0.9502427041357383
52332,0.9950412734144226
52333,0.998530310974375
52334,0.9978852928489168
52335,0.9998606504714261
52336,0.9973697823871703
52337,0.978834193126716
52338,0.996260666219816
52339,0.9996668269204819
52340,0.997559052162001
52341,0.9995258858366144
52342,0.9998152456420039
52343,0.999616835337965
52344,0.9940511332026487
52345,0.9994565938904527
52346,0.9991769371952413
52347,0.9995491952753245
52348,0.9993925532513467
52349,0.9993162869798778
52350,0.9999664015517117
52351,0.9975048555647653
52352,0.9978819504540621
52353,0.9999693123831743
52354,0.9999862160001268
52355,0.9999815267552841
52356,0.9998826131836983
52357,0.9984165788796506
52358,0.9999342337996672
52359,0.9878074159013218
52360,0.9998634285753891
52361,0.999614802794341
52362,0.9999191983939438
52363,0.9999706130855623
52364,0.9996579656192494
52365,0.9934668685054039
52366,0.9999714521618241
52367,0.9722675811706428
52368,0.9997186444410194
52369,0.999600835622337
52370,0.9999828298069227
52371,0.9999874372211894
52372,0.9997524304029082
52373,0.9999872507508153
52374,0.999995056117761
52375,0.9992859407735742
52376,0.9989659373886951
52377,0.9600902302735272
52378,0.8264644709954185
52379,0.9999303134350862
52380,0.9943294310995849
52381,0.9813697579789017
52382,0.9996931926692756
52383,0.9873343722830815
52384,0.9993829401083288
52385,0.9876167469926005
52386,0.9980998876347541
52387,0.9943090000666095
52388,0.999828755190501
52389,0.9976593347105748
52390,0.996995708788201
52391,0.9909766056433084
52392,0.9919279686815434
52393,0.9997579088531418
52394,0.3736328939852244
52395,0.9991193165651441
52396,0.9944862810938412
52397,0.9997715016123111
52398,0.9981042610726641
52399,0.9706191186982926
52400,0.9952017384838439
52401,0.9694656201678445
52402,0.9983046624309319
52403,0.953542274001822
52404,0.9996946877679355
52405,0.9710102141890342
52406,0.9585464433724654
52407,0.9999853331537597
52408,0.9989047632696496
52409,0.9992445270273517
52410,0.8838175249761663
52411,0.6474075844306657
52412,0.99986673224554
52413,0.9999493611588879
52414,0.9994397511932267
52415,0.9999745648059895
52416,0.9999589458150063
52417,0.9992799858100188
52418,0.9999092375769
52419,0.9978615658439134
52420,0.9963407745917898
52421,0.9932457574180141
52422,0.999675080621373
52423,0.9984663399483514
52424,0.999935719969431
52425,0.9999831764729378
52426,0.999858589103559
52427,0.9980079171283736
52428,0.9784783491407139
52429,0.9781432630339963
52430,0.9936603372430609
52431,0.9994226420124799
52432,0.5249316765075251
52433,0.9974938104113465
52434,0.9999938671112467
52435,0.9957237492296596
52436,0.9624497566566568
52437,0.999792454942972
52438,0.9999553460399617
52439,0.9949018737112528
52440,0.9962152544905295
52441,0.9982397150582644
52442,0.9678617952057391
52443,0.7656628868571455
52444,0.9999910677379201
52445,0.9194529052666028
52446,0.9730227890879161
52447,0.99961109728155
52448,0.9073162821976345
52449,0.9999499858858244
52450,0.9992068815165062
52451,0.9980579142628683
52452,0.9184270722309245
52453,0.9996327779079894
52454,0.9818088689816419
52455,0.9983908047830191
52456,0.9998659207231794
52457,0.9998274648177137
52458,0.9996948923603421
52459,0.9987831141218437
52460,0.9959211281723489
52461,0.9993145463253074
52462,0.9339974815719304
52463,0.9999549585853166
52464,0.9967929659326488
52465,0.9984669568520536
52466,0.999943841870822
52467,0.998136072117663
52468,0.9994644948153032
52469,0.9999775164574463
52470,0.9999473443119474
52471,0.9977340785413711
52472,0.9994727440525675
52473,0.997663676564596
52474,0.9982699581290663
52475,0.99938530720136165
52476,0.44139645726964155
52477,0.9993776396033982
52478,0.9998031188603428
52479,0.9985137934859353
52480,0.9973205223149115
52481,0.9987586696115881
52482,0.9782242427489888
52483,0.9993711563019388
52484,0.9964687151019099
52485,0.9999978364916294
52486,0.999973169263393
52487,0.981251586711735
52488,0.999000269657445
52489,0.9999734469316693
52490,0.993721091715466
52491,0.9986228479971628
52492,0.9998822588303568
52493,0.9722374640033555
52494,0.999395723146596
52495,0.9900764957292766
52496,0.9997305038303272
52497,0.99956165886488
52498,0.9997394787505537
52499,0.999958263072088
52500,0.26758975589623984
52501,0.9999886510809874
52502,0.9999550301054559
52503,0.9992350554462075
52504,0.9999654410205423
52505,0.9849152295051189
52506,0.9989094887609394
52507,0.9966823386938392
52508,0.9886818392197064
52509,0.34305935697076395
52510,0.999954170462411
52511,0.9889959570268947
52512,0.9985349187828368
52513,0.9969774860018283
52514,0.48516961569911965
52515,0.33792898584220654
52516,0.9999937090256006
52517,0.9999686254855701
52518,0.99995486324638
52519,0.9999741296796923
52520,0.9900514377129064
52521,0.9999658705107836
52522,0.9875441044262315
52523,0.9998805003307314
52524,0.9997917770803156
52525,0.8350181020433688
52526,0.9999861807365391
52527,0.998425871507841
52528,0.9793634408731942
52529,0.9714943943046761
52530,0.9998856462702876
52531,0.9833694521304466
52532,0.9964373577082849
52533,0.9842634085050946
52534,0.9302220491402692
52535,0.9999263192974974
52536,0.6208166406020804
52537,0.9995270896831143
52538,0.9995370099628056
52539,0.9990794251991664
52540,0.9580207870809876
52541,0.9866606871909555
52542,0.9989780338850541
52543,0.999000641599913
52544,0.9999055739311794
52545,0.9997552770137019
52546,0.9999071606334251
52547,0.990646795655887
52548,0.9999909133735339
52549,0.9999666924366464
52550,0.9943299258781869
52551,0.9136851789567536
52552,0.9910291276519858
52553,0.22822672419796922
52554,0.9981994000562922
52555,0.9980481702348716
52556,0.9999931015743178
52557,0.9995929520557948
52558,0.9990334221167978
52559,0.9835435521063636
52560,0.9988160085129277
52561,0.999527858508215
52562,0.9987962451550233
52563,0.9998639325810798
52564,0.9994161243459693
52565,0.9999277670244945
52566,0.9985932758896975
52567,0.9995640155228259
52568,0.9984303048770342
52569,0.9946976777991073
52570,0.9993441150350042
52571,0.9993207784195909
52572,0.987808686055078
52573,0.36602886783342947
52574,0.9999389726137088
52575,0.9999932503291689
52576,0.9999548244886791
52577,0.9998988237104679
52578,0.9995170487317533
52579,0.9784266904905384
52580,0.9999856103446912
52581,0.9184641608487373
52582,0.9973636149035104
52583,0.9925048600223694
52584,0.9998691193830341
52585,0.9992607650128712
52586,0.9997596285047772
52587,0.9988587481627532
52588,0.9986212486855661
52589,0.9982475625466826
52590,0.9994623966869263
52591,0.9997383312414442
52592,0.9993272936196648
52593,0.9782457675292044
52594,0.9997352289593401
52595,0.9999975624041635
52596,0.948355842509928
52597,0.9999908369106949
52598,0.8644949845417437
52599,0.9478308571128327
52600,0.9998273226869985
52601,0.99605467092267
52602,0.999516393433444
52603,0.9997491737269745
52604,0.8944568859529326
52605,0.9965148964307022
52606,0.9979849938868559
52607,0.907993292591267
52608,0.9999775922949017
52609,0.9999808661935435
52610,0.9972176103707758
52611,0.9862804776338175
52612,0.9980677929019192
52613,0.9999765306594817
52614,0.993318585968587
52615,0.9998697167181777
52616,0.9383230479795663
52617,0.425487933798795
52618,0.9801074835946897
52619,0.9853108677149486
52620,0.9952961529280865
52621,0.9998331865809866
52622,0.999793657926567
52623,0.9999034667752985
52624,0.9999106348194123
52625,0.9998233957785658
52626,0.9998858558367152
52627,0.9993703235703487
52628,0.9993123537775682
52629,0.9999608648513229
52630,0.9975757264678773
52631,0.9953893994444871
52632,0.9999539230347352
52633,0.7694318277309581
52634,0.9999961937165252
52635,0.9999643203481712
52636,0.5268490103911173
52637,0.9999984081878417
52638,0.9991975851246706
52639,0.9994600281387835
52640,0.9989724624139955
52641,0.9835032155387261
52642,0.9999205764185446
52643,0.9959039141214181
52644,0.99132059774107
52645,0.9990797113893245
52646,0.999973495393
52647,0.9692096871810894
52648,0.9864766476142149
52649,0.9999688408987208
52650,0.9997424329812458
52651,0.9998104039551216
52652,0.9947961763373337
52653,0.9999551767946959
52654,0.999789702522105
52655,0.9955650984427935
52656,0.9998785493862202
52657,0.994498125066559
52658,0.9988825942935894
52659,0.9999236319487016
52660,0.9843336782455616
52661,0.9992516542229962
52662,0.07963572264584548
52663,0.9936247494735484
52664,0.9726331552358182
52665,0.9953226599561433
52666,0.9993430541672806
52667,0.9991842269510267
52668,0.999103144308211
52669,0.9999251412773752
52670,0.9999870057082302
52671,0.999945866846583
52672,0.9632865654879961
52673,0.5714187387044807
52674,0.9999915402853056
52675,0.9975892844312655
52676,0.9957888343944229
52677,0.9998673371974123
52678,0.9995885957766519
52679,0.6026591640195916
52680,0.9999786243789378
52681,0.8594191044409426
52682,0.9972314566587508
52683,0.9954221615523252
52684,0.9999606544653141
52685,0.999520545830367
52686,0.9999562985070459
52687,0.9994212845433466
52688,0.8301056534892415
52689,0.9999358390262617
52690,0.9999746519691488
52691,0.7488695951339428
52692,0.9972277279397418
52693,0.9999307285250333
52694,0.9999218440648122
52695,0.0646581833856885
52696,0.9999608301556889
52697,0.999496734039708
52698,0.9996188903506055
52699,0.9999582135783864
52700,0.8159909458264101
52701,0.9994383017013376
52702,0.9603276873776002
52703,0.9995709445982635
52704,0.9910153609621261
52705,0.9999022250832535
52706,0.999588124876012
52707,0.9996296123155505
52708,0.9925279856404379
52709,0.9527633469121565
52710,0.9999209190473164
52711,0.9999771571817067
52712,0.9973163380584242
52713,0.9994782225636377
52714,0.9803229772472764
52715,0.9229823815855481
52716,0.9997051638739153
52717,0.9982654990768187
52718,0.999713709599512
52719,0.9997845040802203
52720,0.9957962431593206
52721,0.9999119041978535
52722,0.9898618267514062
52723,0.9997846181197733
52724,0.9999043762868546
52725,0.9999749928466882
52726,0.9998335189975511
52727,0.6783317411635428
52728,0.9527908492393574
52729,0.9992889348753675
52730,0.9981268293529829
52731,0.9928459583140613
52732,0.9996722980172779
52733,0.991624828480709
52734,0.9960899753809547
52735,0.994847961444299
52736,0.999959291209711
52737,0.9953258834702857
52738,0.9680820883472415
52739,0.9982849565923434
52740,0.9907136433939229
52741,0.9975546255988706
52742,0.999976385112778
52743,0.9981364592759354
52744,0.9998487325369116
52745,0.9992761270071056
52746,0.9999593297817231
52747,0.9999890686638786
52748,0.9995042132566554
52749,0.9912477231456633
52750,0.9991838646509653
52751,0.9430171589867475
52752,0.9994148313834759
52753,0.7900786954768529
52754,0.9997661964559816
52755,0.9991131270789418
52756,0.15868639415434926
52757,0.9998683566013039
52758,0.4487858908476711
52759,0.9987228069317462
52760,0.9991099097588297
52761,0.9994883325201718
52762,0.9999209127435763
52763,0.9977013410245309
52764,0.992764091414604
52765,0.9997907351190998
52766,0.9983307130707672
52767,0.9999715095686599
52768,0.9823801426983946
52769,0.9999125689856582
52770,0.9973942476742425
52771,0.9812199538789594
52772,0.9998397297288525
52773,0.9969728969704741
52774,0.9988785720931856
52775,0.9639902083115734
52776,0.9849760094870501
52777,0.7458340709555823
52778,0.999512881018225
52779,0.9750470315885025
52780,0.9930578214163368
52781,0.9997165444962812
52782,0.9983194847738933
52783,0.9993789455203561
52784,0.9997061770416577
52785,0.9918576503954323
52786,0.9735202466100866
52787,0.08972562917141294
52788,0.9977163254468104
52789,0.9989331455089262
52790,0.999921594624788
52791,0.997333075717659
52792,0.9999262411732693
52793,0.9885264974977376
52794,0.505696262162599
52795,0.9998614665830976
52796,0.9999559887478239
52797,0.9994738725075728
52798,0.96406481371004
52799,0.9998787923179199
52800,0.9952236909984161
52801,0.9999787575539821
52802,0.9999770196621803
52803,0.9999981122114556
52804,0.9999925114857896
52805,0.4823273163482225
52806,0.8545518664695836
52807,0.983141226239831
52808,0.999644542141243
52809,0.5524081380649752
52810,0.9991902605241735
52811,0.9997078025673363
52812,0.9965782399407813
52813,0.9995195015131398
52814,0.9966898788642912
52815,0.9996809106119212
52816,0.9999923746619015
52817,0.9996994971915121
52818,0.9866792484573423
52819,0.9999575989437474
52820,0.9986877393820869
52821,0.9764709977114837
52822,0.9998323325679117
52823,0.9438715204322163
52824,0.9717470777631897
52825,0.9999903475527212
52826,0.9994462302620761
52827,0.9910112022551546
52828,0.795450537624486
52829,0.997487296929638
52830,0.9991344151904442
52831,0.9984568503536553
52832,0.9999491418897483
52833,0.9959717769637693
52834,0.9584011263681683
52835,0.24835687011398505
52836,0.9998224703121619
52837,0.15876436459909288
52838,0.9819518559670503
52839,0.9993806158558146
52840,0.7421347102497666
52841,0.9992161336327795
52842,0.9999666002224058
52843,0.9996400391804623
52844,0.9992480726000771
52845,0.9978831327493898
52846,0.9882080490192103
52847,0.9999367101477722
52848,0.99996424694977
52849,0.9998769792678964
52850,0.08311224253174873
52851,0.9993333698260009
52852,0.9998562797893541
52853,0.9861016901750763
52854,0.9983923286303437
52855,0.9938181964728269
52856,0.9961729998052412
52857,0.9999729647544552
52858,0.9998982458393182
52859,0.9990154144002732
52860,0.9953163375312598
52861,0.9994034515324088
52862,0.9999827343789427
52863,0.9999131918658213
52864,0.9953458528574658
52865,0.9997169221826254
52866,0.9987482734829355
52867,0.9760696618758751
52868,0.998287736425881
52869,0.9867958741626129
52870,0.999979128793592
52871,0.9999542425026876
52872,0.9999246610729472
52873,0.9998579361334949
52874,0.9980027364725064
52875,0.9894212750961642
52876,0.9990316547586667
52877,0.9999093810968461
52878,0.9837433973401419
52879,0.9999571274372879
52880,0.9784310149654568
52881,0.9975623565652686
52882,0.99125343818266
52883,0.9998944885490318
52884,0.9910100548721057
52885,0.9882063496004857
52886,0.9997433217256633
52887,0.999091586165155
52888,0.997634591100971
52889,0.9924329292473174
52890,0.9992102561505649
52891,0.9999354176205966
52892,0.9978994271793783
52893,0.999972812652213
52894,0.9973100578982798
52895,0.9994970422031744
52896,0.9990518424979007
52897,0.9503837246349129
52898,0.9997325627607244
52899,0.9695148143314265
52900,0.9914945410953313
52901,0.9999735836777193
52902,0.9997417847171538
52903,0.9999545399698164
52904,0.9978328166706265
52905,0.9995783046152157
52906,0.9852608397890662
52907,0.9992304755719652
52908,0.9999780972452895
52909,0.9421231221932435
52910,0.9876222326440296
52911,0.9997606444207615
52912,0.9936391095933234
52913,0.9996193298095191
52914,0.9990223561990347
52915,0.9215398093604228
52916,0.47089891659947286
52917,0.996938542346072
52918,0.9990350321998112
52919,0.9782055713823982
52920,0.9997466391847258
52921,0.9983408015762307
52922,0.9780716267950645
52923,0.9960988379260683
52924,0.9996685751788097
52925,0.9972952174374514
52926,0.27081051457855626
52927,0.9987846548605717
52928,0.9833647204401438
52929,0.9998414299286787
52930,0.9999418298983845
52931,0.9962423867998451
52932,0.9999862537350083
52933,0.9992235912246076
52934,0.9997514773915743
52935,0.9998357775093868
52936,0.9963526604928223
52937,0.9992301029125501
52938,0.9999719497991848
52939,0.9977631377691462
52940,0.022395137665940854
52941,0.99999080439761
52942,0.9999793126354681
52943,0.9997167577895745
52944,0.999762276290235
52945,0.9895351527049177
52946,0.9018411864849926
52947,0.9454698827966915
52948,0.9998347583818816
52949,0.999828929511392
52950,0.9999868190099671
52951,0.879528177246893
52952,0.04038951029447773
52953,0.9995012094704985
52954,0.9940562144431258
52955,0.847289624389293
52956,0.9791884149152079
52957,0.9967000298843757
52958,0.9999133557291805
52959,0.9999746272139535
52960,0.9999528396803686
52961,0.9994468201103692
52962,0.9997304772407961
52963,0.9999553489945963
52964,0.9962863136288563
52965,0.9999539963934644
52966,0.9946233882394683
52967,0.9995898809980122
52968,0.9715291668257084
52969,0.9822220513830061
52970,0.9788475772885776
52971,0.9999545715515129
52972,0.9995127111885536
52973,0.38441360998076884
52974,0.9999120306327903
52975,0.9986489278792573
52976,0.9999620488854885
52977,0.9999037002830276
52978,0.10625029491478415
52979,0.9999170539142531
52980,0.9999808266761157
52981,0.9826945511883753
52982,0.9999586303430333
52983,0.9991014984111849
52984,0.9667189132393917
52985,0.9997158654132838
52986,0.5396339658745586
52987,0.9999228540672571
52988,0.9755951114734899
52989,0.9873638175032141
52990,0.9997673491727221
52991,0.9999215819203466
52992,0.9950494622881727
52993,0.9939886022917831
52994,0.997862553087066
52995,0.9986756236368184
52996,0.674638545182028
52997,0.9998237081155347
52998,0.8877155328168655
52999,0.999987912696889
53000,0.9987147687790219
53001,0.8436269415341392
53002,0.9984365897647332
53003,0.999964601789339
53004,0.8828072554075468
53005,0.9970636648394136
53006,0.870109342209001
53007,0.9947601051820134
53008,0.9949835014518256
53009,0.9992048115845461
53010,0.9999738034767158
53011,0.9996853706733753
53012,0.9991033049637185
53013,0.9999657289128521
53014,0.9992374488206396
53015,0.9994443922690314
53016,0.9999269749315524
53017,0.9997460656629581
53018,0.9996217799613432
53019,0.9992109378435724
53020,0.9991991901976329
53021,0.9990124966111906
53022,0.999394127999712
53023,0.999642655286482
53024,0.9994422494511614
53025,0.9998476080268439
53026,0.9997311772237454
53027,0.999855862703761
53028,0.9995334365377511
53029,0.9999817430851656
53030,0.9984019573983219
53031,0.9784171613896283
53032,0.9994348940241609
53033,0.9999931873319605
53034,0.9997125967648459
53035,0.8653752766162449
53036,0.9985456603464095
53037,0.9873861717074823
53038,0.9999820403313112
53039,0.9966971178133771
53040,0.9999863929897578
53041,0.9999911343300562
53042,0.9998583441028076
53043,0.8976474869111336
53044,0.9841801402748639
53045,0.9999474717156802
53046,0.9999657311171792
53047,0.9992313588906842
53048,0.9982453863921645
53049,0.9661441782337818
53050,0.9286553731820429
53051,0.9464026319252805
53052,0.9575220060509833
53053,0.9992824564166682
53054,0.9994311114250899
53055,0.8641658409084939
53056,0.7288538209954913
53057,0.003558174497900399
53058,0.9721932178673491
53059,0.9985499826543772
53060,0.8600089939732718
53061,0.999964072136646
53062,0.9894811998026759
53063,0.999319640123752
53064,0.999943780341677
53065,0.9988888087578176
53066,0.999974206789378
53067,0.07470546078657464
53068,0.9993806158558146
53069,0.9999666693988576
53070,0.9968913494107787
53071,0.9999245355149803
53072,0.9999821123114176
53073,0.9982414833347301
53074,0.9994261880269423
53075,0.999421189238827
53076,0.9997307336773341
53077,0.9999369597768277
53078,0.9995250274216286
53079,0.9921649277229969
53080,0.2945787703851484
53081,0.9759405504831689
53082,0.9999457948534733
53083,0.9999850657967053
53084,0.9953800396062265
53085,0.9967760786431975
53086,0.9815783889165529
53087,0.9890978455063025
53088,0.9983403944066576
53089,0.9513087671295294
53090,0.999983837212391
53091,0.9964419506853428
53092,0.9923766062583707
53093,0.9995813046866376
53094,0.9978303309253719
53095,0.9970152982048891
53096,0.9880815308220781
53097,0.9976053299042562
53098,0.8224672870054488
53099,0.999082775228184
53100,0.9998926094782039
53101,0.9999721207621081
53102,0.9988379357990889
53103,0.99971106977112
53104,0.7210727462926744
53105,0.9742507946740395
53106,0.9743277506510926
53107,0.9999764508643755
53108,0.9993642115094599
53109,0.9986499436181651
53110,0.9978518109996867
53111,0.99998667736633
53112,0.8945015766633551
53113,0.9990548948793305
53114,0.9992481226218306
53115,0.9831905461040077
53116,0.43016105603535076
53117,0.9999979278810424
53118,0.9896150992905081
53119,0.9988964895956733
53120,0.9990611598066387
53121,0.9997669561239879
53122,0.9999928658842319
53123,0.998429051813875
53124,0.9998020584704612
53125,0.9996737760413282
53126,0.969636651869243
53127,0.6910143557108349
53128,0.9998575846818548
53129,0.998673725061224
53130,0.9999927482201427
53131,0.999651924787003
53132,0.9804111890110312
53133,0.9975362192072159
53134,0.9815125862360347
53135,0.9999893611138512
53136,0.9158037649025853
53137,0.9993630620426698
53138,0.9970317930467595
53139,0.9826531079992679
53140,0.996968137737341
53141,0.9999851558397045
53142,0.9998360721768873
53143,0.9997932796132931
53144,0.897359995843028
53145,0.9994258210810489
53146,0.9999606561107907
53147,0.9999907996789001
53148,0.9801908240658213
53149,0.999855135083645
53150,0.9997959950785316
53151,0.9999858609269449
53152,0.9817456921068088
53153,0.9997422699411073
53154,0.9954616157888739
53155,0.7343739130799056
53156,0.9998256368549691
53157,0.9968014962879136
53158,0.9998391605023533
53159,0.9863158575539581
53160,0.9999966951404571
53161,0.998514327034459
53162,0.9998133622752277
53163,0.9998491599422245
53164,0.9538125894181386
53165,0.8972978316490756
53166,0.9997968196410804
53167,0.9447247050523454
53168,0.999896730290006
53169,0.9143271319961139
53170,0.9999637769709484
53171,0.9874088111931388
53172,0.9999802907072414
53173,0.9982193159086459
53174,0.9856383559184954
53175,0.9993492233438387
53176,0.9990701421958222
53177,0.9997689468435943
53178,0.7133861451957976
53179,0.9980431688846816
53180,0.9994301307573272
53181,0.9993000526949799
53182,0.9995102088304407
53183,0.9998272535684373
53184,0.9998746261533955
53185,0.9960859878774886
53186,0.9999648200608043
53187,0.9999641904940273
53188,0.8011210336351529
53189,0.9985698416919022
53190,0.9893679190409194
53191,0.9907679142055431
53192,0.9984952966754712
53193,0.9908608835028371
53194,0.9889639111284694
53195,0.759102902173571
53196,0.9884649696547464
53197,0.9994589363272646
53198,0.9868713357257243
53199,0.9999896472761141
53200,0.9907945805076797
53201,0.9998887394740213
53202,0.9983414458399388
53203,0.9965509998898494
53204,0.9998014637429565
53205,0.9986676861050023
53206,0.9908478018240097
53207,0.9637183627330835
53208,0.999458052072327
53209,0.9999718099146785
53210,0.9999672217244722
53211,0.999660403786264
53212,0.995361673401016
53213,0.9999356095120296
53214,0.9996856492234347
53215,0.9994051926742126
53216,0.7247348678739255
53217,0.9997914952162792
53218,0.999869988857021
53219,0.9999868616610252
53220,0.9985548656292976
53221,0.9995807573124751
53222,0.9990392477349502
53223,0.9995707523868348
53224,0.9996639037364405
53225,0.9913124178405402
53226,0.9994126338592277
53227,0.9849671939193566
53228,0.9778574470047102
53229,0.9931961601398225
53230,0.9959838622407294
53231,0.9955482297993714
53232,0.999598381308616
53233,0.9999513977601795
53234,0.9999658461387403
53235,0.9870211103010512
53236,0.9998654565434494
53237,0.003134889339385295
53238,0.999561852226765
53239,0.9999926471883306
53240,0.9969387576595877
53241,0.9992727053953815
53242,0.9820578296735598
53243,0.9996513647293171
53244,0.9997715193251757
53245,0.9470319750002554
53246,0.9999435838182187
53247,0.9999700330836204
53248,0.17960292952780918
53249,0.9998849761506716
53250,0.9966634861961571
53251,0.99893448380018
53252,0.7530251814476885
53253,0.9870753630338793
53254,0.9893839699621088
53255,0.9999672924087429
53256,0.9983501800779739
53257,0.9621610741474939
53258,0.9957813511524365
53259,0.9986314515650888
53260,0.9982245097030188
53261,0.9963678663613439
53262,0.999874340738353
53263,0.9999696194889828
53264,0.9998729234174766
53265,0.9917128894917676
53266,0.99831895279122
53267,0.9988806603216663
53268,0.9994222034832116
53269,0.9999538173115395
53270,0.9999905623560796
53271,0.9913707423527212
53272,0.951711333561287
53273,0.8391682258425902
53274,0.9500692685829726
53275,0.9983156508496129
53276,0.9976841469371984
53277,0.998566833534718
53278,0.9997460471463637
53279,0.9992668562450344
53280,0.9991097484694773
53281,0.9822220513830061
53282,0.9996222036617929
53283,0.9999763045449659
53284,0.9999702476826142
53285,0.9815002269605198
53286,0.9869681067517468
53287,0.999966307792392
53288,0.9983599397282548
53289,0.9436797294622411
53290,0.9999020325240701
53291,0.999687489426141
53292,0.9966455402070331
53293,0.9752297301421399
53294,0.9955727211114945
53295,0.9956609260605886
53296,0.9945920735642717
53297,0.9947675242985135
53298,0.9999264353372382
53299,0.9999765384482332
53300,0.9924461272789574
53301,0.9998569453806829
53302,0.03424924339618643
53303,0.9537382767849394
53304,0.9827814367863389
53305,0.9995275904977239
53306,0.998826596322326
53307,0.9997114187046936
53308,0.9649668228395804
53309,0.9999885722298326
53310,0.38840443413226117
53311,0.9959070508593815
53312,0.9999475267178849
53313,0.9910722402904367
53314,0.9999807111702181
53315,0.9996486358263208
53316,0.9991736651771499
53317,0.9993651951656144
53318,0.999967082314704
53319,0.8473362905019454
53320,0.9998962829070439
53321,0.865287588589212
53322,0.9999594123057187
53323,0.9998442485192257
53324,0.9999402433005811
53325,0.9957937136537308
53326,0.9679704437659207
53327,0.999856379596681
53328,0.9858762457545551
53329,0.9997502459772865
53330,0.9992212472130702
53331,0.9873379329425183
53332,0.9976036600761632
53333,0.16249792391416315
53334,0.9993069734975785
53335,0.9997225370328096
53336,0.9991374487292394
53337,0.9985196702947393
53338,0.9999963802592072
53339,0.9998244147988459
53340,0.9998580549074882
53341,0.9340443157586009
53342,0.984265711387698
53343,0.9997491272989365
53344,0.9948412313243593
53345,0.8955684610832673
53346,0.9972023187646291
53347,0.997441701340456
53348,0.981298110630286
53349,0.9991504524588141
53350,0.9999789627250427
53351,0.9995852076162165
53352,0.9998967699224449
53353,0.999102000888405
53354,0.999428028667602
53355,0.9984769812338036
53356,0.4161273889328033
53357,0.9999526886965749
53358,0.9963325561970936
53359,0.9999325672879149
53360,0.9424736028340491
53361,0.997572513905014
53362,0.9780172268369545
53363,0.9999971402497178
53364,0.999738880116197
53365,0.9779201420032404
53366,0.9999654427307678
53367,0.8656784873802121
53368,0.9999819526816498
53369,0.9806382513171894
53370,0.9998434456174273
53371,0.9432165891609773
53372,0.9929489073870956
53373,0.9970078656024224
53374,0.35115561115744626
53375,0.997669690752029
53376,0.9881963191365432
53377,0.9692507712949067
53378,0.9991964381752332
53379,0.999868210799873
53380,0.9999261987861626
53381,0.9990089965503538
53382,0.995905805378919
53383,0.99681010511999
53384,0.994435144665467
53385,0.9985623478376003
53386,0.9990513584589799
53387,0.9998617670925719
53388,0.9774606561609915
53389,0.9997632419872305
53390,0.9997153881342612
53391,0.999962539101157
53392,0.9989381381047975
53393,0.9999753706022213
53394,0.9909540282508005
53395,0.9999984555785646
53396,0.9982794515018986
53397,0.9999090592404158
53398,0.20974486410917786
53399,0.9560786227880165
53400,0.9818809279510476
53401,0.999930992120967
53402,0.9999209026609714
53403,0.9982740365117101
53404,0.9987179540505478
53405,0.9998357821762198
53406,0.9994845531143368
53407,0.31596880796220256
53408,0.9999658754507431
53409,0.9144269151673019
53410,0.9730925987192263
53411,0.9999666752795923
53412,0.9621830246315696
53413,0.9979757459207431
53414,0.9987937868831667
53415,0.9950042307256559
53416,0.999973618755264
53417,0.9997102000055592
53418,0.9984201406275909
53419,0.9687161874897616
53420,0.9999765566579657
53421,0.9969371374288296
53422,0.9994452252877237
53423,0.9918727033474934
53424,0.9994142905491078
53425,0.9999778052896734
53426,0.9970550714788992
53427,0.28516019002026477
53428,0.9987445469539975
53429,0.9998892059628348
53430,0.9858478060868031
53431,0.999525303604767
53432,0.9999813711217563
53433,0.9999384087340143
53434,0.9862000484987715
53435,0.9998637393489341
53436,0.999029613304847
53437,0.9994307147309812
53438,0.9571212091392541
53439,0.9996638156612832
53440,0.9998762958622278
53441,0.9997159698761388
53442,0.9999195126205611
53443,0.982611788651286
53444,0.9996723972986269
53445,0.9872031168394039
53446,0.999885660263518
53447,0.9999428568968812
53448,0.9999627309264938
53449,0.9996841054492875
53450,0.9991742491790444
53451,0.9919855324102518
53452,0.9992223737463355
53453,0.999919198522944
53454,0.9722129529208511
53455,0.994167591958199
53456,0.9998771941062623
53457,0.9999910014393368
53458,0.9999257600415911
53459,0.9975477271431364
53460,0.9955279153279636
53461,0.9985296361213019
53462,0.9991816266912447
53463,0.9920393900691302
53464,0.9997368077879952
53465,0.9991200980188594
53466,0.997991204600413
53467,0.9997116897525333
53468,0.9997081846942826
53469,0.9998125263277767
53470,0.9824588660972287
53471,0.999924939581544
53472,0.3425941301145787
53473,0.9987292999734029
53474,0.9726331552358182
53475,0.9997073716317301
53476,0.9997677125848853
53477,0.999948111553677
53478,0.9964842290236983
53479,0.9996174957945362
53480,0.9996811584354445
53481,0.995121300862599
53482,0.9576850919242247
53483,0.9978077147740045
53484,0.9992030830233619
53485,0.9996644654605649
53486,0.9981944242621276
53487,0.9991099097588297
53488,0.9999602673079413
53489,0.9993784671591984
53490,0.9999059602333219
53491,0.9995273515601258
53492,0.9997804642849153
53493,0.999850012945062
53494,0.9997209996750891
53495,0.9991795877323144
53496,0.9977261701448232
53497,0.8276837864436042
53498,0.999973495393
53499,0.8864630407992029
53500,0.9995642663329212
53501,0.9999504026126534
53502,0.999311934376553
53503,0.996579979614044
53504,0.9275806311460721
53505,0.9999673836276282
53506,0.9993585632483215
53507,0.9700308856626502
53508,0.9962080903581473
53509,0.9579557774004323
53510,0.9994804614819711
53511,0.9999776681949196
53512,0.9983243779704931
53513,0.9912070620392508
53514,0.9994644599612151
53515,0.9813731350030543
53516,0.9574866179316929
53517,0.9959952994997266
53518,0.9993426925978249
53519,0.9999779385530998
53520,0.9206759443238124
53521,0.9999150729020898
53522,0.9998055262432799
53523,0.9999803367419435
53524,0.9996433109106818
53525,0.9980152524617556
53526,0.9699213066731931
53527,0.9984349299545431
53528,0.7320564236332575
53529,0.9999884252120472
53530,0.9992742815998066
53531,0.9858936762797293
53532,0.9999603415902
53533,0.9560699376550079
53534,0.9972945142838783
53535,0.9992911297377237
53536,0.9096218358935856
53537,0.999817725693583
53538,0.5398682534216053
53539,0.9646024453832962
53540,0.9877462063855529
53541,0.7131738156416402
53542,0.9890060356174918
53543,0.9998744913238292
53544,0.9793950421981199
53545,0.9993869775027834
53546,0.8431197755228929
53547,0.9985860340537844
53548,0.9994407174488223
53549,0.9755623568378113
53550,0.9999844247903477
53551,0.9984847766214933
53552,0.4519457327751
53553,0.9983233693333031
53554,0.9994727982347554
53555,0.9950197449996148
53556,0.9508014951039037
53557,0.9999738084595833
53558,0.9984601701289896
53559,0.9911671808270357
53560,0.896006058089835
53561,0.9996396835836326
53562,0.8938172940182709
53563,0.9922131908801548
53564,0.9998868217088271
53565,0.9999468212881418
53566,0.9992575358494966
53567,0.9990760601470347
53568,0.9993906694901187
53569,0.9972906024571734
53570,0.9982257478213503
53571,0.9997222393192737
53572,0.9988409251425319
53573,0.9999220915258649
53574,0.9882144082125474
53575,0.9998013099082143
53576,0.9501743950664345
53577,0.9171736712557523
53578,0.7333630103445813
53579,0.9999649616109055
53580,0.9977615073084759
53581,0.9998061321913864
53582,0.9998032577396025
53583,0.9351653553110412
53584,0.9984329874658293
53585,0.9998221771657655
53586,0.9520531792136013
53587,0.9990731098910265
53588,0.9684525994699652
53589,0.9989475101532787
53590,0.99938530720136165
53591,0.9999773248622078
53592,0.9999809449702922
53593,0.9999787013531135
53594,0.990963763579509
53595,0.9790038938091209
53596,0.9998970585287908
53597,0.9841944358704312
53598,0.99974775153269
53599,0.966578279933092
53600,0.714626142396176
53601,0.9963945640366664
53602,0.9999666146506997
53603,0.9999988781248085
53604,0.9873882875438973
53605,0.9987604757327663
53606,0.9966061052945947
53607,0.9976522555382817
53608,0.9953315991680756
53609,0.9748987295515047
53610,0.9999209317718967
53611,0.9999875661230007
53612,0.9605871599292665
53613,0.9999756746099864
53614,0.9999883631063964
53615,0.999968629925792
53616,0.9974444382296823
53617,0.9998733829883202
53618,0.9999642450685876
53619,0.9994278117495872
53620,0.9425309498525912
53621,0.9935001232955002
53622,0.9978846175155446
53623,0.9993764284851444
53624,0.9999183605343415
53625,0.9999254739315654
53626,0.9999568332456638
53627,0.9999915498957649
53628,0.9991929216625303
53629,0.9990797786452991
53630,0.9778540020822984
53631,0.9981412091135613
53632,0.9992857312001667
53633,0.246184083123673
53634,0.9999919870938616
53635,0.9994568119211024
53636,0.9999211556448252
53637,0.9927826010484367
53638,0.9994834960611036
53639,0.6448616162223708
53640,0.6240113144481692
53641,0.9995596834273364
53642,0.9999377499105299
53643,0.9998691193830341
53644,0.7339403666207986
53645,0.9914712885865943
53646,0.9999522514374823
53647,0.999785723969366
53648,0.9997821217446444
53649,0.9880680771774452
53650,0.9998282187749453
53651,0.9994968690091665
53652,0.9991784526916829
53653,0.9859063519324783
53654,0.998276417162731
53655,0.9930972453464546
53656,0.9999642688226597
53657,0.9996692039705277
53658,0.9999236783737685
53659,0.9995577590653518
53660,0.988663347837327
53661,0.2174420023930942
53662,0.9999845405228165
53663,0.9806953001211193
53664,0.9793169305854522
53665,0.9998983452783393
53666,0.8902567112995637
53667,0.9665360805766714
53668,0.9991892491378654
53669,0.9981387443452013
53670,0.9338427230496867
53671,0.999323616828873
53672,0.9969822787253968
53673,0.9998107899284516
53674,0.8962061441831718
53675,0.9912790719872633
53676,0.9969369246009229
53677,0.9999603399085045
53678,0.9975467913814587
53679,0.998630003807503
53680,0.9999798426638288
53681,0.99995667431423
53682,0.9884915110053382
53683,0.9999896157577813
53684,0.9986305168469025
53685,0.5329525648668985
53686,0.9999123838553808
53687,0.9947634952281157
53688,0.9991768992018781
53689,0.9994749047478056
53690,0.416361846399875
53691,0.9362982493378676
53692,0.9997203302959998
53693,0.9865758426296548
53694,0.9999064103627979
53695,0.9992734100049628
53696,0.9997432366813677
53697,0.9999833149401577
53698,0.25247394400758677
53699,0.9999639031188797
53700,0.99999500766668
53701,0.9999874503392019
53702,0.9939505926931044
53703,0.6930162987158763
53704,0.9862024028889982
53705,0.8625635425333029
53706,0.9996236153806525
53707,0.9999674199804891
53708,0.9997933004525662
53709,0.9994415771830882
53710,0.999913402568655
53711,0.900421737919529
53712,0.9999756717089185
53713,0.9941221720971006
53714,0.9700290389671872
53715,0.9999849270654252
53716,0.9681201800042225
53717,0.9996676278982224
53718,0.9992137576511136
53719,0.9988712285738162
53720,0.9988026375120981
53721,0.99922980402004
53722,0.9233170414917857
53723,0.9949278165441722
53724,0.9999630979591024
53725,0.9991826709091206
53726,0.9878510749804562
53727,0.9928738717194475
53728,0.9991635988020453
53729,0.993768597409177
53730,0.90712841957032
53731,0.9924285657992838
53732,0.9999625857671507
53733,0.9990883499497
53734,0.9886144976859973
53735,0.9999688338116965
53736,0.9818745562632003
53737,0.9992013958413314
53738,0.9992724570458331
53739,0.9998437234512283
53740,0.9993932719427675
53741,0.9998953357119365
53742,0.9984882267700885
53743,0.9594805022225645
53744,0.9999772828098208
53745,0.9983878484093957
53746,0.9213308483081297
53747,0.9997706776178348
53748,0.9978137948830489
53749,0.9999077104428822
53750,0.9548450435334617
53751,0.9696170561198201
53752,0.9998976469807502
53753,0.9997432723564824
53754,0.9449757066846023
53755,0.9997031184612342
53756,0.9992021171244463
53757,0.9994302657162959
53758,0.9999914048663778
53759,0.9999232586643831
53760,0.9985651726713476
53761,0.9999713214693058
53762,0.9995778910639601
53763,0.9996984861584307
53764,0.9997437546579788
53765,0.9745766330535132
53766,0.9966223926055948
53767,0.9611912642680369
53768,0.9999821212746823
53769,0.9999525284399471
53770,0.9889156556414783
53771,0.9999735120092434
53772,0.9971453164854419
53773,0.998125542859728
53774,0.9997532085090717
53775,0.9999825023470834
53776,0.9999807709329417
53777,0.9999441785652743
53778,0.9998489385629821
53779,0.998188842755981
53780,0.9921785969549469
53781,0.7182159768228541
53782,0.9988590029441796
53783,0.999267873576038
53784,0.98460864319239
53785,0.9914920484992041
53786,0.999970479415957
53787,0.9992096050673328
53788,0.9995833410890181
53789,0.9998213148850408
53790,0.9876395816384117
53791,0.99892181640942
53792,0.9994887320780805
53793,0.9999474323725674
53794,0.9999227487820901
53795,0.9992395920524549
53796,0.9996019835296825
53797,0.9999878477732119
53798,0.9999702907460717
53799,0.9989902648046817
53800,0.9864308044896377
53801,0.94505643247544
53802,0.9999746411288033
53803,0.9992263953231564
53804,0.998735888587037
53805,0.9998350439123076
53806,0.9998579520101646
53807,0.9953124472822245
53808,0.9995581837589804
53809,0.9992004924039506
53810,0.9994545226868027
53811,0.9974459331679743
53812,0.9889243733968924
53813,0.9979268883726987
53814,0.9979277366572162
53815,0.9991734808865935
53816,0.9990321234512527
53817,0.9998244417646205
53818,0.9999876361662722
53819,0.9999547248246774
53820,0.9955574772207835
53821,0.998781032509105
53822,0.999698169510867
53823,0.9995794998898417
53824,0.9999846131865482
53825,0.998102955206258
53826,0.9999942317794047
53827,0.9998763253552375
53828,0.7652701911277663
53829,0.8183482827270674
53830,0.9999719941461339
53831,0.9408074644034694
53832,0.999980137948456
53833,0.9877785480556278
53834,0.9856364700053508
53835,0.9999321949186684
53836,0.9999012095862594
53837,0.9220899818859025
53838,0.999250219219288
53839,0.9983844972807708
53840,0.9997419899303761
53841,0.9234834478419208
53842,0.998910252178809
53843,0.9989845266909886
53844,0.999949301367199
53845,0.9284155979070556
53846,0.9864855127271422
53847,0.9940304969888852
53848,0.9966546223778573
53849,0.9998511880520882
53850,0.9702706257200795
53851,0.9469049165741609
53852,0.9844511666753639
53853,0.9995774220280635
53854,0.9989343922678416
53855,0.6668910934567636
53856,0.9998045419678382
53857,0.9723285689603538
53858,0.7976071892119174
53859,0.9677408222774726
53860,0.8368187560568793
53861,0.9977297419381619
53862,0.8301191461407993
53863,0.9998073203421938
53864,0.928419111237982
53865,0.999422527462417
53866,0.9988579015104634
53867,0.9867555690889277
53868,0.99999187582511
53869,0.9992253459014968
53870,0.999931401455831
53871,0.9997022858397345
53872,0.9989258915717775
53873,0.9997322380166019
53874,0.9993224455338805
53875,0.9565081097136606
53876,0.9806526734406268
53877,0.975050989589954
53878,0.9994380176723168
53879,0.9999592215746415
53880,0.9995173300307568
53881,0.9015182874871407
53882,0.9999150748373061
53883,0.998930679815592
53884,0.9936914447719812
53885,0.9966829485962126
53886,0.9999743562443968
53887,0.9999097876710179
53888,0.9999461712754533
53889,0.9995752942972095
53890,0.999938407808372
53891,0.999564743823473
53892,0.9923964240264962
53893,0.9939841744107619
53894,0.9991861077575833
53895,0.9646947527205567
53896,0.9936952849148695
53897,0.9985946233890748
53898,0.9999210155643765
53899,0.7883994037944921
53900,0.9815823398031336
53901,0.9276006689839066
53902,0.4931318582834445
53903,0.8791281505610676
53904,0.999832820425221
53905,0.9960905889895639
53906,0.9910092797229554
53907,0.9999866718464342
53908,0.9927920230719217
53909,0.9998048203879746
53910,0.9995532819042668
53911,0.9990104765603613
53912,0.9995457774614562
53913,0.9918797589812797
53914,0.9998231725966155
53915,0.9402437598814002
53916,0.9999464238248807
53917,0.8569981593850364
53918,0.9988139928945768
53919,0.998954937631719
53920,0.9946327190141219
53921,0.9984565610475501
53922,0.9990079199214204
53923,0.9992076906136695
53924,0.999618266584957
53925,0.9999894251420252
53926,0.999372444022549
53927,0.9991367068306354
53928,0.9798220415824772
53929,0.9997601976047276
53930,0.9948913440014964
53931,0.9971370435519042
53932,0.9996423673306579
53933,0.9402502931991801
53934,0.9955507248155773
53935,0.9981012256852143
53936,0.9480313293314048
53937,0.999973625434666
53938,0.9888880597681265
53939,0.9909806029618746
53940,0.9997827384045805
53941,0.9998067912889681
53942,0.9965445285007336
53943,0.8468700939156925
53944,0.9989440758141532
53945,0.9999492044988365
53946,0.9999741476622453
53947,0.997054566668372
53948,0.890699943917909
53949,0.9998744213812418
53950,0.9661442877664422
53951,0.9994101603022588
53952,0.9862090926206666
53953,0.9775935840595581
53954,0.7788577639980342
53955,0.9999908952156863
53956,0.9994404424092815
53957,0.38028835162378044
53958,0.9667071079028807
53959,0.9649646904688998
53960,0.9983938109306264
53961,0.9999023717031252
53962,0.6974197333184703
53963,0.9918785705021289
53964,0.9999257247306415
53965,0.9999285492852179
53966,0.9999955340100886
53967,0.9345641574980215
53968,0.9994369493743878
53969,0.9996673553168312
53970,0.9893248788807281
53971,0.9999030381974068
53972,0.9992998555547739
53973,0.9999200536408033
53974,0.9903088206898251
53975,0.9987785558402765
53976,0.9963155270545985
53977,0.9998944911480833
53978,0.999804666932259
53979,0.9989384288089986
53980,0.9999828076819551
53981,0.9985219875211424
53982,0.9997955276944195
53983,0.9972719018883561
53984,0.9792787279151876
53985,0.9992641818714729
53986,0.951334575474167
53987,0.9992244145481088
53988,0.9966716049975578
53989,0.5417171759265851
53990,0.9824357937137688
53991,0.999302576882465
53992,0.9999991922873611
53993,0.9983112482502337
53994,0.8300764766863806
53995,0.9958305812449804
53996,0.9992131354240467
53997,0.9999481762789867
53998,0.9633146348909164
53999,0.9999659266542518
54000,0.6455064125241332
54001,0.9981191583542359
54002,0.9807466735730342
54003,0.9999941677334448
54004,0.9999243557013276
54005,0.9952403613972264
54006,0.9922664323874851
54007,0.9997002174798318
54008,0.9013207864639432
54009,0.9999143169005861
54010,0.19765989741787757
54011,0.9999582675504369
54012,0.9999811970042285
54013,0.9999757650659544
54014,0.5504578472478969
54015,0.9987481904402641
54016,0.99061243574926094
54017,0.9650758768760977
54018,0.9275125499000183
54019,0.8806002499867588
54020,0.999803775626732
54021,0.9711048243088453
54022,0.9999710835513221
54023,0.9991920028680455
54024,0.987984064347129
54025,0.999403494222382
54026,0.9999405595460781
54027,0.9994311114250899
54028,0.9922002050669126
54029,0.9991489283172086
54030,0.9444081049329367
54031,0.9999355507554032
54032,0.9996801922845432
54033,0.9996883630923186
54034,0.999985946616427
54035,0.9999818994650542
54036,0.9997752535751263
54037,0.9999586819513416
54038,0.9362649049996024
54039,0.9999368717123209
54040,0.9998623293498196
54041,0.998180738860242
54042,0.9999324009391996
54043,0.9997950241656406
54044,0.9999653629815098
54045,0.9998753503137039
54046,0.5359476835631861
54047,0.8826266438398582
54048,0.9975819707858045
54049,0.8953181888413303
54050,0.9999074945107567
54051,0.9889495520041108
54052,0.9999228057312041
54053,0.9999874561674539
54054,0.6231884561834582
54055,0.9996598537866515
54056,0.9994397390579224
54057,0.9997466813355692
54058,0.9995976475210535
54059,0.9735202466100866
54060,0.9996448463366641
54061,0.9999948570222885
54062,0.9697823908411823
54063,0.9988412680834124
54064,0.999295172874549
54065,0.9992302226732639
54066,0.9994249424194372
54067,0.41424972776226987
54068,0.9999697673727483
54069,0.9976526977554078
54070,0.9967031856945012
54071,0.926089444936019
54072,0.9999429858148335
54073,0.33084027189082665
54074,0.9967075414712779
54075,0.9996772663143623
54076,0.9999419194998841
54077,0.9999549484813797
54078,0.9415126410447798
54079,0.9993239761802283
54080,0.9999897761031666
54081,0.8343456464624164
54082,0.9998341575446315
54083,0.9998786365867027
54084,0.9998901616940687
54085,0.98923159171917
54086,0.9986632559437932
54087,0.9995217670705863
54088,0.9910235334771009
54089,0.8972601584766384
54090,0.9999682784354638
54091,0.9999379312507682
54092,0.4018022427380409
54093,0.9952566044828263
54094,0.9996947973131513
54095,0.9964683487328315
54096,0.9962110581437943
54097,0.9997814048645428
54098,0.9999685428626081
54099,0.9998779415208839
54100,0.9961037045542093
54101,0.9858299519589167
54102,0.9999810529177068
54103,0.9858514240606985
54104,0.999956121106304
54105,0.9767749785462545
54106,0.9973185504424535
54107,0.9999830430062477
54108,0.963652221494847
54109,0.9975695171974448
54110,0.9978803594446553
54111,0.8859735576082061
54112,0.9984660066280311
54113,0.7854302451906495
54114,0.9988609444753958
54115,0.9677524221450822
54116,0.9995849853436684
54117,0.9999477242975475
54118,0.662300914529076
54119,0.9998485474503211
54120,0.97126796924666
54121,0.9986964458625972
54122,0.999708815687016
54123,0.9999872758773944
54124,0.9996671477822872
54125,0.9991492123685646
54126,0.9995647105421113
54127,0.9860006867375537
54128,0.999624501602123
54129,0.9789930748276204
54130,0.9973854422303314
54131,0.9999681670245345
54132,0.999570089484791
54133,0.9991822341996297
54134,0.7788946653848904
54135,0.9997855886796484
54136,0.9984412264129662
54137,0.9998006709298509
54138,0.9442018643700351
54139,0.99970725267668
54140,0.9989956406232381
54141,0.8713692714042239
54142,0.9736050045796434
54143,0.992586785309838
54144,0.9580285478303668
54145,0.9987045680352248
54146,0.9958842464177572
54147,0.9997887206425021
54148,0.9991174038878892
54149,0.999987405881677
54150,0.17820284984174647
54151,0.9984171446409311
54152,0.9999856369174923
54153,0.6737506208124371
54154,0.998120489468939
54155,0.9994761857739713
54156,0.9992245652076468
54157,0.9879480699827562
54158,0.9969195684497375
54159,0.9933471258031711
54160,0.9997852823272474
54161,0.9998731097427543
54162,0.9926105005209407
54163,0.9992887568290961
54164,0.9962154629632449
54165,0.9942741467553639
54166,0.9984544207462661
54167,0.9999505650841738
54168,0.999978084713382
54169,0.9998005897108058
54170,0.9999395362944233
54171,0.9999291860585309
54172,0.9997640218230002
54173,0.9994780784833037
54174,0.9999676729976259
54175,0.9999446938938067
54176,0.9991853541804678
54177,0.9999811649351675
54178,0.9999305491990302
54179,0.9993336222302269
54180,0.9993902159039201
54181,0.9767798551992091
54182,0.9934424540315995
54183,0.9999672455287447
54184,0.9987214145140094
54185,0.9997960913656602
54186,0.9999864518569289
54187,0.999813754967987
54188,0.9993713229497895
54189,0.98348050954471955
54190,0.9999768479115714
54191,0.9999410909131361
54192,0.998870956443552
54193,0.9999950118140504
54194,0.9995380339258458
54195,0.8241070301720614
54196,0.999241109321583
54197,0.9960928128215979
54198,0.9996957364368698
54199,0.9957668620883237
54200,0.9999919630356628
54201,0.6376418154926198
54202,0.9999773390729394
54203,0.996001243931839
54204,0.9712910452600281
54205,0.988599153378181
54206,0.9975998059276365
54207,0.9991763917650792
54208,0.9982405321399048
54209,0.9993514995555677
54210,0.9992668933082078
54211,0.992501241558876
54212,0.999934436052398
54213,0.9858549538198066
54214,0.9996395729313508
54215,0.9986235405824035
54216,0.9684563068234713
54217,0.9507720845709551
54218,0.9561040748933745
54219,0.9973229791719752
54220,0.9880878457475203
54221,0.9978031254441563
54222,0.2777196519609699
54223,0.9999044468249506
54224,0.9990943049843822
54225,0.9999800860459401
54226,0.9994494539361793
54227,0.9991861056947109
54228,0.9900592360716136
54229,0.9999949485034669
54230,0.9997178648189612
54231,0.9999465191772898
54232,0.999901008222472
54233,0.9999914382389402
54234,0.9993226225115326
54235,0.9970067748680826
54236,0.9996521715112078
54237,0.9693659896723567
54238,0.9944490485005056
54239,0.9976627609502
54240,0.9998360631935658
54241,0.9999713313161962
54242,0.9809474992490528
54243,0.9996838333595878
54244,0.9036427101796233
54245,0.9945328861708863
54246,0.999759988617273
54247,0.999657706931412
54248,0.999319752301709
54249,0.9973005585777045
54250,0.9993536989894505
54251,0.9995160900739631
54252,0.999578779406667
54253,0.8813472480732297
54254,0.9903388132219478
54255,0.9976666270309991
54256,0.9995225295476989
54257,0.9998782922021683
54258,0.9603523398440834
54259,0.9987776948336679
54260,0.994162554076497
54261,0.9996850281386622
54262,0.9999354403926636
54263,0.9863955738719309
54264,0.9979249711982825
54265,0.9997074344719913
54266,0.5637783526252553
54267,0.9651561082441195
54268,0.9986022312211459
54269,0.9884979675887907
54270,0.999705772529825
54271,0.988623641272682
54272,0.9997772153733353
54273,0.999972751191556
54274,0.9966648330246365
54275,0.998726330985208
54276,0.9999742691494582
54277,0.9970032722802399
54278,0.9928708855170012
54279,0.9491896385173546
54280,0.9994858535750258
54281,0.8774801196026342
54282,0.9948187885255811
54283,0.9993482273826332
54284,0.9976058023776675
54285,0.9999580903709049
54286,0.9989181975027502
54287,0.9999621674067487
54288,0.9942452685945211
54289,0.9959268068086303
54290,0.9906707194739139
54291,0.9846846619622358
54292,0.9884681939937056
54293,0.9967898304394109
54294,0.9908308966142523
54295,0.9661072543134349
54296,0.9999430425761577
54297,0.9996831660820951
54298,0.9990834419972416
54299,0.9501173183974287
54300,0.9999276343067878
54301,0.9694133896316104
54302,0.11269064745538944
54303,0.9973105594667527
54304,0.8847308973985213
54305,0.9290006678926649
54306,0.9991019750490826
54307,0.9994193873483788
54308,0.42484072800567685
54309,0.9995519941849431
54310,0.9849095854917428
54311,0.9994879479811274
54312,0.9827065481105529
54313,0.9924836276089724
54314,0.9999605844218588
54315,0.99899175168512
54316,0.9986500587957479
54317,0.9615601707650178
54318,0.9890412324753386
54319,0.9939868137854017
54320,0.9991844558566857
54321,0.9862362332167723
54322,0.9524433730071518
54323,0.9998717303133229
54324,0.983949668723181
54325,0.9999016806036662
54326,0.9990267282936725
54327,0.9948101948699386
54328,0.9580555965783693
54329,0.9809882397821195
54330,0.9999753629932959
54331,0.9999726159112343
54332,0.9998993461231975
54333,0.9980990709459772
54334,0.9996583635606985
54335,0.9986030336410504
54336,0.9975468938690495
54337,0.9522273653963766
54338,0.9999491308572164
54339,0.99760083323142
54340,0.9913283294629455
54341,0.9995640187563111
54342,0.9999933079153602
54343,0.9998356529833237
54344,0.9967171969218808
54345,0.9986871093577319
54346,0.9987853758240176
54347,0.9918341146192603
54348,0.9991152124664627
54349,0.9997496728738957
54350,0.9464762452501737
54351,0.9970404270243091
54352,0.797508568263323
54353,0.9939349982367982
54354,0.9972341861517071
54355,0.9984485621194683
54356,0.993120368165391
54357,0.9999231276037973
54358,0.9519371352304238
54359,0.9983898058328932
54360,0.3950044816561806
54361,0.738865133773863
54362,0.9998043164056077
54363,0.9998150015998508
54364,0.9998257337594434
54365,0.99968072782712
54366,0.9998709422757499
54367,0.8534153495732435
54368,0.9999746863180062
54369,0.9876926602032347
54370,0.9997138460353482
54371,0.9983082701631978
54372,0.9049944145945735
54373,0.9930551272902985
54374,0.6328027630117269
54375,0.9999330534044794
54376,0.9989302944308649
54377,0.9983414743833628
54378,0.999031710251597
54379,0.9993996675024823
54380,0.9999824827337523
54381,0.9993186811913771
54382,0.9999656397512209
54383,0.9999814094276485
54384,0.9999346067437123
54385,0.9983311249456335
54386,0.9999918724628191
54387,0.99953109767364
54388,0.9956646528123995
54389,0.6309996373147523
54390,0.999984745513095
54391,0.9883962891565892
54392,0.9771921211629996
54393,0.6374207781858194
54394,0.9999952476071491
54395,0.9988364501533827
54396,0.998834316800631
54397,0.8637097029573599
54398,0.9971155027676233
54399,0.999931981903133
54400,0.9998795817996725
54401,0.9999419494858727
54402,0.9457885644568734
54403,0.995507179115203
54404,0.6925692870802849
54405,0.9590352757252362
54406,0.9954633879635009
54407,0.9682350521577974
54408,0.908166556413287
54409,0.999810641989891
54410,0.8636648963562974
54411,0.9999139238846597
54412,0.9963331689586231
54413,0.9999443041503441
54414,0.02849916059432067
54415,0.9999667168503222
54416,0.9997582835383879
54417,0.9996376195251743
54418,0.9999397929038827
54419,0.8588166211866287
54420,0.670675299156711
54421,0.9879663007273957
54422,0.999823898391789
54423,0.9996906778184053
54424,0.9999952993539264
54425,0.9999967781872434
54426,0.9999077577501329
54427,0.9998745008382832
54428,0.9905457925172862
54429,0.7290792800062935
54430,0.9996163722580844
54431,0.9999741885652284
54432,0.9932084623189232
54433,0.151872415194747
54434,0.9999711221831818
54435,0.9437162168898895
54436,0.9986744777292587
54437,0.9869415121030826
54438,0.9999765472178823
54439,0.635084348365551
54440,0.9999580045766587
54441,0.9999730860337349
54442,0.9986148330004938
54443,0.9999626210418034
54444,0.9998122416880946
54445,0.9999514026679983
54446,0.9998058557824794
54447,0.9952225905346848
54448,0.9994401057303449
54449,0.9925279856404379
54450,0.5086995788035468
54451,0.9998933397097296
54452,0.999977838829913
54453,0.9989596588043218
54454,0.9981511678016608
54455,0.9992837390179566
54456,0.9350671481063368
54457,0.9981505756545895
54458,0.974724991422854
54459,0.9967267123705036
54460,0.9999318531566749
54461,0.9499910351357812
54462,0.9998868903528865
54463,0.9927222130865772
54464,0.9996696951006223
54465,0.8916222623655354
54466,0.9936167928487292
54467,0.9908608835028371
54468,0.99932380863741
54469,0.9996883450630142
54470,0.43039168987773013
54471,0.9999988514725903
54472,0.9999401215351551
54473,0.9665664673441803
54474,0.9988329008915207
54475,0.9924846600176516
54476,0.9994503348623208
54477,0.9937917981457094
54478,0.9999137224333134
54479,0.998732258196637
54480,0.9932791389206426
54481,0.9935129525095318
54482,0.9993016648169053
54483,0.999979930390056
54484,0.9860674247663429
54485,0.9994407987935494
54486,0.9998864920178506
54487,0.8832552439655342
54488,0.9999773513705129
54489,0.9750639631681552
54490,0.9989686472035705
54491,0.9987080008571947
54492,0.9997930053300282
54493,0.9967160930429712
54494,0.9999659515590474
54495,0.8205437155782263
54496,0.9995915617616199
54497,0.999979380934407
54498,0.9992276088060037
54499,0.9114327676702686
54500,0.9990373513094227
54501,0.9987920372146549
54502,0.9645977051098116
54503,0.9818931964282065
54504,0.9993886359391558
54505,0.9998181692740677
54506,0.9302994969170825
54507,0.9999782520520302
54508,0.6401721851942717
54509,0.988150508361292
54510,0.9999820778582272
54511,0.9992046730176068
54512,0.9998800466760863
54513,0.999133194631808
54514,0.8417786450972841
54515,0.9904371920261099
54516,0.9998980699590387
54517,0.9897438268044428
54518,0.9945042809635701
54519,0.972759385080238
54520,0.8555229615598507
54521,0.9999677034456549
54522,0.9971716833869297
54523,0.9999525275518053
54524,0.9998530167263645
54525,0.99497544451152
54526,0.9999041119308043
54527,0.9877776973147849
54528,0.9865722585091897
54529,0.93711103261382
54530,0.9999871241949859
54531,0.9992977671858083
54532,0.9999744170739527
54533,0.9996603767368496
54534,0.987341709164798
54535,0.9997303034050866
54536,0.9998786560073223
54537,0.9958305857663126
54538,0.9799264227686163
54539,0.9999638010595645
54540,0.9995739995310107
54541,0.07644299071125574
54542,0.9983203771472009
54543,0.9990731862305773
54544,0.9994902654526875
54545,0.9970353309387238
54546,0.9999867837433942
54547,0.9999377217437563
54548,0.7870775184964919
54549,0.9996031691426299
54550,0.9995169409366828
54551,0.999810588645527
54552,0.9933763130895572
54553,0.9999963268428813
54554,0.9996871334930937
54555,0.9999743626491393
54556,0.9993621799213418
54557,0.9999503527467455
54558,0.9995126009149624
54559,0.9913339223675823
54560,0.9998972822825287
54561,0.9514101615087713
54562,0.9962678349563238
54563,0.9989582330262424
54564,0.9992996079384697
54565,0.975915708099062
54566,0.9074314417321506
54567,0.9998269208115814
54568,0.9983583153884551
54569,0.9991523602607979
54570,0.9963718718074015
54571,0.9999875421597197
54572,0.9886085894633385
54573,0.99715923151152
54574,0.999982545601369
54575,0.9999350085729328
54576,0.9999719789276452
54577,0.9853780781191801
54578,0.9982161197002745
54579,0.9963031369801053
54580,0.9994705594786927
54581,0.4466594595763966
54582,0.999696475370237
54583,0.997262499339516
54584,0.9732147370515578
54585,0.9997925540021073
54586,0.9996024825199905
54587,0.9832853505162154
54588,0.9999801632498457
54589,0.9973490256348997
54590,0.9992875285389292
54591,0.999933033049233
54592,0.99969070853343045
54593,0.9999437703167988
54594,0.9991209606355926
54595,0.2890823279445416
54596,0.9999816787047412
54597,0.9979681183329744
54598,0.9992527861426369
54599,0.9992737655713393
54600,0.8756633998010062
54601,0.9466418113697005
54602,0.9999933703036732
54603,0.9999148599341005
54604,0.8905239963864116
54605,0.944858841762725
54606,0.9992321207715764
54607,0.9997497139605173
54608,0.997497429748188
54609,0.8826839937123768
54610,0.9997848164247772
54611,0.9981673389712011
54612,0.9999659140944419
54613,0.9555265143854234
54614,0.9999929564762494
54615,0.9982875181754901
54616,0.9998927217440802
54617,0.9989211768991805
54618,0.9997694656918616
54619,0.9991784348246967
54620,0.9996533021418967
54621,0.9997742234985343
54622,0.9950377841287933
54623,0.9999184490335832
54624,0.9931080455112498
54625,0.999824483941047
54626,0.9933415229836111
54627,0.9882224406585173
54628,0.9999755950662088
54629,0.9999935158081591
54630,0.9977430865815495
54631,0.9999359281506798
54632,0.9997252952648588
54633,0.999985157324971
54634,0.9994447770628094
54635,0.9997512357601028
54636,0.9942904809874793
54637,0.9994083592393418
54638,0.9826917772600654
54639,0.9991683404411748
54640,0.9999820196334087
54641,0.877788591434745
54642,0.9959470288589363
54643,0.9986226620270744
54644,0.9999417080668414
54645,0.26563382919010703
54646,0.9995518202910848
54647,0.9926681178193774
54648,0.9999009548433024
54649,0.9988398690612056
54650,0.9973025590912923
54651,0.9932198557243787
54652,0.9997096166414643
54653,0.9999686796675257
54654,0.9999430321511641
54655,0.9986356165601158
54656,0.9963554417107169
54657,0.9993987009395913
54658,0.8734495110967198
54659,0.921502585425103
54660,0.9192478059003215
54661,0.9999668512377465
54662,0.995288960872301
54663,0.9996130134810378
54664,0.9999879235323693
54665,0.5638677685574764
54666,0.9909575684875922
54667,0.9999326293969203
54668,0.9966714338363428
54669,0.9995022198404594
54670,0.9951848232832561
54671,0.6593198234633822
54672,0.9998788465822149
54673,0.9994526277786637
54674,0.8861928191169263
54675,0.9997622349654369
54676,0.9672385588639731
54677,0.9951302457308834
54678,0.9589726893831833
54679,0.99949387765376
54680,0.9689764642236838
54681,0.9938770648702624
54682,0.999785989953997
54683,0.9621038499057417
54684,0.9983184255121321
54685,0.996986572698775
54686,0.999963064856837
54687,0.25661290514571616
54688,0.9473222076214266
54689,0.9998800645128484
54690,0.9998922404794945
54691,0.9937190679813057
54692,0.99913903973224
54693,0.9694666742022565
54694,0.989322935238387
54695,0.9991627308207979
54696,0.9994273945685639
54697,0.9998913269191778
54698,0.6491905261656237
54699,0.9999556368496292
54700,0.9997475849596876
54701,0.9998456047520153
54702,0.9996764383195115
54703,0.9999707732271378
54704,0.9977475396233635
54705,0.999998354864299
54706,0.861553112465433
54707,0.9996586640932114
54708,0.9987663034837357
54709,0.9998782323624464
54710,0.9999952703934989
54711,0.999836524300662
54712,0.9999966776842376
54713,0.9585456719531531
54714,0.9999474779086072
54715,0.9953307524620798
54716,0.9999282338667895
54717,0.9997010311301222
54718,0.9882328159941711
54719,0.9994525137197048
54720,0.8174807057356783
54721,0.9986144509812701
54722,0.9740646790878241
54723,0.9998912791691775
54724,0.9999859273013307
54725,0.9937813056796914
54726,0.9995804380500725
54727,0.999982455897331
54728,0.9999724215809831
54729,0.9503837246349129
54730,0.9999549448184525
54731,0.6366835182358334
54732,0.9990386028841038
54733,0.9928148651355003
54734,0.9991738894999009
54735,0.15263403957499883
54736,0.9999865441930341
54737,0.9606036035223833
54738,0.9172073496045745
54739,0.8356101066336976
54740,0.8615924328477456
54741,0.9494214781889138
54742,0.9706387943775653
54743,0.04428249178575797
54744,0.999972679093964
54745,0.9993271397667378
54746,0.49159424948092
54747,0.9999123980210631
54748,0.9997195634291155
54749,0.9999242121622115
54750,0.9885877335081003
54751,0.9562633191745211
54752,0.9999824207859958
54753,0.9923907154965457
54754,0.9994024529080994
54755,0.9809023961600968
54756,0.9962477457901824
54757,0.9998540904677604
54758,0.9969149982492849
54759,0.9944083021817924
54760,0.9948640887283211
54761,0.9999677662043726
54762,0.9942674971996542
54763,0.9993082119906865
54764,0.9998567154723573
54765,0.9999783945758693
54766,0.6110345040793072
54767,0.999751513930046
54768,0.9987081203693489
54769,0.9971782116289613
54770,0.9974679406473003
54771,0.9999980503922152
54772,0.9985889302427827
54773,0.997862339528836
54774,0.9535610723006703
54775,0.7943364514584292
54776,0.9992508959746847
54777,0.9740597407249811
54778,0.9983112482502337
54779,0.9997027406488582
54780,0.9952697179219866
54781,0.9814472374210811
54782,0.9957458237565996
54783,0.9998767520031905
54784,0.9980694273713272
54785,0.9996591092763811
54786,0.9991891798873209
54787,0.9999879009546241
54788,0.992615648329584
54789,0.9901791322576888
54790,0.9995473404283961
54791,0.9999257595181692
54792,0.9966176746629047
54793,0.9997458282328723
54794,0.9895868630266906
54795,0.9995070990727309
54796,0.9999936597128297
54797,0.9999783391007714
54798,0.9404543707458402
54799,0.9988221860659303
54800,0.9989564095042567
54801,0.9999769250804855
54802,0.9999591801805146
54803,0.9999846448540174
54804,0.9989843995776002
54805,0.9996812456237192
54806,0.9998381220322954
54807,0.9995632425804424
54808,0.9230697878615858
54809,0.9999325942937444
54810,0.9998631761389937
54811,0.9995674938695658
54812,0.9999984954352908
54813,0.9100064013055448
54814,0.9983591615274624
54815,0.9998008691638401
54816,0.9804517284534849
54817,0.9999102707235737
54818,0.9996510634451868
54819,0.999849976475437
54820,0.999842041833949
54821,0.9510685897685726
54822,0.9998610484858619
54823,0.9987032555094426
54824,0.9997092988589887
54825,0.999830586307235
54826,0.9999313836703967
54827,0.9943715428536362
54828,0.9859483893254976
54829,0.9801021698491607
54830,0.9990344999147492
54831,0.9999354541573309
54832,0.9993824868647129
54833,0.9997060696746394
54834,0.9970984794123335
54835,0.43036896494523214
54836,0.9999835249152668
54837,0.9716643997876175
54838,0.9979332822292334
54839,0.999921341376041
54840,0.9996953617389428
54841,0.28492617768404255
54842,0.9974250585721097
54843,0.9998208799574967
54844,0.9992011655239756
54845,0.9999769893810708
54846,0.9981923523810199
54847,0.9999753858547609
54848,0.9997209450731588
54849,0.9999743350707293
54850,0.9717281347253927
54851,0.9993183643826351
54852,0.9972119767452248
54853,0.9998737964664939
54854,0.9996413402340761
54855,0.9715462887541774
54856,0.9999714184850842
54857,0.999819475802286
54858,0.9998596866535451
54859,0.9997969505864595
54860,0.9999568513939091
54861,0.9997166708447202
54862,0.9998251162308229
54863,0.9995678100758039
54864,0.9992987528770313
54865,0.9963700582193272
54866,0.9952285796457069
54867,0.9992433055437304
54868,0.9998586051823963
54869,0.999506500547619
54870,0.7353777187064773
54871,0.7916470003830911
54872,0.9965153729478154
54873,0.16163997013270154
54874,0.9969668522763784
54875,0.9983479438534391
54876,0.9981775882587782
54877,0.9997938421654076
54878,0.9999748550328134
54879,0.9999704579627894
54880,0.9988067625386671
54881,0.4580677144063933
54882,0.9084441380881464
54883,0.9025838303474116
54884,0.9499393084896891
54885,0.99992174686119
54886,0.9982262289524363
54887,0.9999820274803967
54888,0.9870819401482438
54889,0.9998714680016723
54890,0.6608607816791993
54891,0.9738984035740438
54892,0.9979167267893091
54893,0.9997024843200137
54894,0.9995848227961421
54895,0.9998959791053618
54896,0.9987190650015924
54897,0.999241954278396
54898,0.9998956630708691
54899,0.8200616530990988
54900,0.9969605962248558
54901,0.9457064294861822
54902,0.9972669956435292
54903,0.9999475165332059
54904,0.9914382001354358
54905,0.999926187889894
54906,0.9774234357803165
54907,0.999735263806845
54908,0.9998853003111147
54909,0.9822188153032074
54910,0.9765149191707295
54911,0.9999662878557822
54912,0.9939049863477891
54913,0.981154789962867
54914,0.9841520747734525
54915,0.9999074945107567
54916,0.9996519402495424
54917,0.9957799941657137
54918,0.9997704977919659
54919,0.9998970262559699
54920,0.9999774796767134
54921,0.9999961513147467
54922,0.999542892376718
54923,0.9567887745112719
54924,0.9992801198497557
54925,0.5686179837078296
54926,0.9996462052577083
54927,0.9999462240569555
54928,0.9774194024773802
54929,0.9999512636321896
54930,0.9997773809707295
54931,0.9998102035845504
54932,0.9999737976867121
54933,0.8325139242724081
54934,0.9999209334009037
54935,0.9974571803495713
54936,0.9432325744514829
54937,0.9912019647601649
54938,0.9970323287534586
54939,0.9782886967835868
54940,0.9996348350291746
54941,0.999971953691353
54942,0.9997963214437933
54943,0.9994843381322619
54944,0.9985512504028717
54945,0.9999896223159345
54946,0.9966987996577767
54947,0.9992949392611798
54948,0.9999750406192334
54949,0.9959300116706915
54950,0.9999585633322908
54951,0.9859096057585371
54952,0.9887029668217153
54953,0.9966796344441584
54954,0.9491127503902718
54955,0.9999082035876737
54956,0.90449050135633
54957,0.9981428082351448
54958,0.9998977184488734
54959,0.9841183882374845
54960,0.9928415863915868
54961,0.9847739731331431
54962,0.9960641929815245
54963,0.9983898058328932
54964,0.9999367808702375
54965,0.9983583153884551
54966,0.9999792878355813
54967,0.9993076230244383
54968,0.9998215095974805
54969,0.9960115240463828
54970,0.9998596390900819
54971,0.9981002344914968
54972,0.0389363966153036
54973,0.9121760946700035
54974,0.9984069659929962
54975,0.9992208310720005
54976,0.9967438731476852
54977,0.9997653766659851
54978,0.9999914548896279
54979,0.9990649799628594
54980,0.9999760314491559
54981,0.9999931103418446
54982,0.8831712510587154
54983,0.9999557343464499
54984,0.9979622855658377
54985,0.9984697337120992
54986,0.9941562658203504
54987,0.9998196808412252
54988,0.9464535858649457
54989,0.9996398781701836
54990,0.9997151425038344
54991,0.9996166968954571
54992,0.9999630352797877
54993,0.9684057108074833
54994,0.9999802322023652
54995,0.9988915780275217
54996,0.8799397292008997
54997,0.9999640336536232
54998,0.9999265010676012
54999,0.03549092640089972
55000,0.9998208175620042
55001,0.9999740295108764
55002,0.999990069668608
55003,0.9997981741186885
55004,0.9973040292671698
55005,0.9973776846921445
55006,0.930712747429818
55007,0.5859207929106485
55008,0.9979585970696787
55009,0.9998541339926639
55010,0.9991405562574914
55011,0.9997456413257868
55012,0.9972381157837398
55013,0.9983386189267914
55014,0.9992268639042393
55015,0.057154026922816355
55016,0.9998544692047439
55017,0.9935472108971883
55018,0.9929253563034043
55019,0.9933409578601436
55020,0.9978741131544977
55021,0.9992433055437304
55022,0.9808424314350362
55023,0.9994565188164031
55024,0.9487719187657137
55025,0.9996203035059296
55026,0.9963111477373585
55027,0.999328831160045
55028,0.9994635597225114
55029,0.9910792370363792
55030,0.9999402827596797
55031,0.18742332389500171
55032,0.9993907415177848
55033,0.9826464657791477
55034,0.9991149295108344
55035,0.9999529078376869
55036,0.9966588568165892
55037,0.9997920971069688
55038,0.999302844047946
55039,0.9996513295662488
55040,0.9996526727599455
55041,0.9991621237791454
55042,0.9944563765741071
55043,0.7517483472167118
55044,0.9951962788608286
55045,0.9997674286117756
55046,0.9982217813259379
55047,0.9881720838354833
55048,0.4589706371230973
55049,0.9996494164394218
55050,0.989920561538415
55051,0.9999773552905228
55052,0.9999896944430032
55053,0.7368161820487019
55054,0.9998279946946363
55055,0.9999717584894756
55056,0.9992472320942202
55057,0.26357779181095875
55058,0.9999335143440792
55059,0.7020702162001369
55060,0.9952556468810827
55061,0.9724497174446798
55062,0.9996172947334981
55063,0.9999867057488387
55064,0.9982054747496162
55065,0.9965437968097131
55066,0.9999092201624178
55067,0.998900741081713
55068,0.9998933907232747
55069,0.999627079434373
55070,0.9998986795234983
55071,0.9999680225233301
55072,0.9955034254466024
55073,0.5131754845882788
55074,0.9023415025096816
55075,0.9963205285343064
55076,0.8346614490926523
55077,0.9794981846201722
55078,0.9998742758585084
55079,0.9995520457114342
55080,0.6551719158163548
55081,0.9900145436879717
55082,0.9998602183956136
55083,0.9999914939042388
55084,0.9996290788131007
55085,0.9997819430344539
55086,0.9999785012945542
55087,0.9999643415350853
55088,0.980823427646211
55089,0.996614340193599
55090,0.9962421183519168
55091,0.998636196154785
55092,0.9999477245881366
55093,0.998657132650581
55094,0.9995934909070127
55095,0.8540297507277782
55096,0.999955017308585
55097,0.9976860386078331
55098,0.9999645129801215
55099,0.9999069412063163
55100,0.03504295548282573
55101,0.9739723579059283
55102,0.9964442125284351
55103,0.9998315040637643
55104,0.9993305097946219
55105,0.9995655336945916
55106,0.9709110623471507
55107,0.9999025565198456
55108,0.9999788709868372
55109,0.9999663049821609
55110,0.99995043134830075
55111,0.9994325862256127
55112,0.9999327904913551
55113,0.9992938386979365
55114,0.9994849161226645
55115,0.9990157751654126
55116,0.9892156733309124
55117,0.9986160330280205
55118,0.9884144225367183
55119,0.9961421905242329
55120,0.9988282445337189
55121,0.9957021861094141
55122,0.880001056079062
55123,0.9999853064007156
55124,0.8896373659043777
55125,0.9999842717488632
55126,0.9998239375998375
55127,0.9999611524202805
55128,0.9905834840340404
55129,0.9984646318809827
55130,0.9377585523422424
55131,0.9912599057322277
55132,0.9998995300315071
55133,0.9998312368531648
55134,0.9994245049521644
55135,0.9514270995951438
55136,0.995233546073819
55137,0.9999808962947109
55138,0.9998990215479658
55139,0.9998792005808591
55140,0.9903925224438331
55141,0.9999006923709037
55142,0.9999548971289056
55143,0.9973279348915397
55144,0.9995838530940993
55145,0.9768920059479266
55146,0.9954598455690408
55147,0.9932079726027341
55148,0.999904890429063
55149,0.9991570191929533
55150,0.9637746906547906
55151,0.9999790002344109
55152,0.9913506095802324
55153,0.9879451174318628
55154,0.9697049653880695
55155,0.9992576940507886
55156,0.992316957656743
55157,0.9730274152366968
55158,0.8337258779895156
55159,0.9998296789623539
55160,0.9999673807438746
55161,0.9999885139807874
55162,0.9999612950417811
55163,0.9998956745164853
55164,0.9998154775082412
55165,0.9998409308000744
55166,0.9915712271993848
55167,0.9995342824524236
55168,0.999785747151646
55169,0.21749115122386622
55170,0.899637677722628
55171,0.9995783643049135
55172,0.9980886893020953
55173,0.9999904624211459
55174,0.7531243415180401
55175,0.9989999496737079
55176,0.9951058469195874
55177,0.9997983605256576
55178,0.9859528189090975
55179,0.9997272453019819
55180,0.9948406446104527
55181,0.11274556481824283
55182,0.5160883491103103
55183,0.9265824211417024
55184,0.99825152835874
55185,0.9999528552424601
55186,0.9493430729304014
55187,0.9238431647176353
55188,0.9999989500617247
55189,0.6945922424127471
55190,0.9922572088924274
55191,0.9986270770129192
55192,0.821195509493993
55193,0.9990561296547209
55194,0.9984860033268976
55195,0.9999757423803058
55196,0.9976628126772298
55197,0.9618458925075506
55198,0.9997891413763856
55199,0.626963685297779
55200,0.9997629882302695
55201,0.7842816128568276
55202,0.9541134458363992
55203,0.9999823395494345
55204,0.9999951389024999
55205,0.9994956176378172
55206,0.9785780294369765
55207,0.9999382774691307
55208,0.9996336783171931
55209,0.9706951565813352
55210,0.9761735659854509
55211,0.9996461846145871
55212,0.9994118364532154
55213,0.999198302651198
55214,0.9950798640298313
55215,0.9997361992348823
55216,0.999216164582428
55217,0.9997193963709466
55218,0.9991081265074166
55219,0.968131603731897
55220,0.9805475329826744
55221,0.9999078043255273
55222,0.9855496837814015
55223,0.02159637751867709
55224,0.9972196672726962
55225,0.4950816708028572
55226,0.9993295388600911
55227,0.99969070853343045
55228,0.9875922886162252
55229,0.999957566931646
55230,0.9999921920581278
55231,0.9998870246573844
55232,0.5439673817152436
55233,0.9988975981611214
55234,0.9877775548133911
55235,0.35862165036310195
55236,0.9999174658038339
55237,0.997278496740582
55238,0.9836011784600406
55239,0.9957772764986452
55240,0.999953573538349
55241,0.9957702394033836
55242,0.9694527396107105
55243,0.9981906790738481
55244,0.9254010888130425
55245,0.9974016911004867
55246,0.9798279929321425
55247,0.8637632767086189
55248,0.9999914281117427
55249,0.9994111849435967
55250,0.9989377169220458
55251,0.6754600579329979
55252,0.9999225782930854
55253,0.9944514603924663
55254,0.9129856568436725
55255,0.9596284301906088
55256,0.9937017889878897
55257,0.9999428334589677
55258,0.9998405399572547
55259,0.9999881335197657
55260,0.9988828900424463
55261,0.9995670785413768
55262,0.9492071658396515
55263,0.9737114949377744
55264,0.3148022658283728
55265,0.9996034297345554
55266,0.9999756933224279
55267,0.5638322696526824
55268,0.9847973860697411
55269,0.9994957642357557
55270,0.9999951389024999
55271,0.9993110234799035
55272,0.9657734995313935
55273,0.9999581175307198
55274,0.9983124576159446
55275,0.9387506737809418
55276,0.9992571346948405
55277,0.9982784159014169
55278,0.9992896679715718
55279,0.995615361237357
55280,0.6308051857757542
55281,0.9999763066960504
55282,0.9846350942970282
55283,0.5697597672035528
55284,0.9999758246106306
55285,0.9997514644258796
55286,0.9842154615391151
55287,0.9903485688841654
55288,0.9998899574626091
55289,0.9996260274629081
55290,0.6818400046856401
55291,0.9999825762713189
55292,0.9995610995202234
55293,0.9789773006865914
55294,0.7254857407545603
55295,0.991355009093245
55296,0.9911863335820266
55297,0.9940915399833793
55298,0.9982259540973167
55299,0.9998922031699644
55300,0.9183579577745673
55301,0.9991667548566555
55302,0.9996306388290287
55303,0.9977425008754207
55304,0.9999657654315208
55305,0.9939159396025093
55306,0.973927201969624
55307,0.9998272497832202
55308,0.9861727884115791
55309,0.9871135295053243
55310,0.9977554565778283
55311,0.9546807546241368
55312,0.9990041411411468
55313,0.9999818242890828
55314,0.886958177215471
55315,0.999641154347608
55316,0.9880569549418275
55317,0.9458885718825422
55318,0.9964762400054761
55319,0.9970970666450024
55320,0.1888976353346237
55321,0.9949374111708122
55322,0.3400975075006016
55323,0.9976348879232263
55324,0.9999128330343026
55325,0.9997539143530368
55326,0.576449357462628
55327,0.9737680360108848
55328,0.9937049706140025
55329,0.9975270958904345
55330,0.999834964193568
55331,0.9985083609671118
55332,0.9921222491042438
55333,0.9995489114808903
55334,0.9971400973837483
55335,0.9999884852926625
55336,0.9998410752557245
55337,0.9978187679394259
55338,0.9995196199690158
55339,0.9992089695180024
55340,0.8562164018897093
55341,0.9999528287639858
55342,0.9991021052422219
55343,0.9992458258049849
55344,0.99998483466161725
55345,0.936435763143789
55346,0.9987555329701345
55347,0.9999674949515822
55348,0.9999836220813276
55349,0.9987933734054308
55350,0.999961826682037
55351,0.9999141171058538
55352,0.9997315020144593
55353,0.9999868927447576
55354,0.049599397852644465
55355,0.9984466189685814
55356,0.998793896670991
55357,0.9998795232569909
55358,0.9884505519197803
55359,0.9989211682842871
55360,0.9186332818897553
55361,0.9993713203665904
55362,0.9996547197241332
55363,0.9986035799960041
55364,0.9962603900438636
55365,0.9930289907770637
55366,0.9983435724526788
55367,0.999445520568399
55368,0.9713519125719428
55369,0.998856968201229
55370,0.9997341956314061
55371,0.9625669720419797
55372,0.9998335690856401
55373,0.9999958187386638
55374,0.9982950655490187
55375,0.9999607158918575
55376,0.9999729611111956
55377,0.9999825443086863
55378,0.9993905642720972
55379,0.9985932995377248
55380,0.9479102579998169
55381,0.9574858002183768
55382,0.9998473046958098
55383,0.9978402614607156
55384,0.9934584366905487
55385,0.9998786365867027
55386,0.9999687877601968
55387,0.9995913845232268
55388,0.999944452236275
55389,0.41974711242415813
55390,0.9987056266541089
55391,0.9998501089982933
55392,0.9985645202606813
55393,0.9994545776847605
55394,0.9996855329776624
55395,0.9998509912209186
55396,0.9994705594786927
55397,0.9991180158472323
55398,0.9071303891714986
55399,0.8652803508134668
55400,0.9997871077650907
55401,0.999338849012046
55402,0.9999295890410677
55403,0.9999794767615109
55404,0.4599974757957603
55405,0.8512920865155983
55406,0.9980677879640939
55407,0.9900170481964291
55408,0.9772595135502236
55409,0.9802272811287358
55410,0.996213478057002
55411,0.9995118966457608
55412,0.995300592504276
55413,0.3906010414787345
55414,0.9992701769238503
55415,0.9795553286241915
55416,0.9999901630728167
55417,0.9683729402467876
55418,0.9999880983967722
55419,0.9995590536364333
55420,0.9907235029112343
55421,0.9937165391181051
55422,0.9905104904408505
55423,0.964477817742097
55424,0.9776267889263209
55425,0.9991944815895563
55426,0.45248279581341694
55427,0.9976574008436853
55428,0.999239966591538
55429,0.999874664612665
55430,0.9999864728102513
55431,0.9988395037740064
55432,0.8910437191582368
55433,0.939496734458614
55434,0.9999580171015999
55435,0.9995774651735085
55436,0.9908947547611789
55437,0.9999591172723867
55438,0.8789333528235818
55439,0.999970146922342
55440,0.9999134257116269
55441,0.9962076879361077
55442,0.9999818749136565
55443,0.9998278131026991
55444,0.9998204672724018
55445,0.9998321826423254
55446,0.9821808693354191
55447,0.9999933997830558
55448,0.9987176872527097
55449,0.9998892021283807
55450,0.9999802491276608
55451,0.9995987652425985
55452,0.9945640668229078
55453,0.013934539355502094
55454,0.9984218837683162
55455,0.9107199651570133
55456,0.9897171331715311
55457,0.9999782438330627
55458,0.999476353654767
55459,0.9907566354948097
55460,0.9762407394361099
55461,0.9992415678907186
55462,0.9891265147047287
55463,0.9939983809978313
55464,0.9998738394624637
55465,0.9999834439131025
55466,0.9998604413790074
55467,0.9999352527860988
55468,0.9940214398341028
55469,0.9998788056827296
55470,0.7577202431780035
55471,0.996739985475816
55472,0.9994330583869944
55473,0.9999843628735586
55474,0.9979136680978483
55475,0.9999534067270799
55476,0.9999837948547752
55477,0.9996219527232889
55478,0.9990596532841796
55479,0.9961763210076179
55480,0.9930827518904111
55481,0.9998100409707722
55482,0.9999104752347662
55483,0.1536639418903826
55484,0.9999263237539011
55485,0.982420091751486
55486,0.9776569075088944
55487,0.9979859027669683
55488,0.9996864111675648
55489,0.9981242551161342
55490,0.9997016663482797
55491,0.9998542995069339
55492,0.9401128170409863
55493,0.999423819646262
55494,0.9999983330201411
55495,0.9995175515802212
55496,0.9683646420495222
55497,0.9955936580519649
55498,0.9998972339166013
55499,0.9949977360829702
55500,0.9998877089258488
55501,0.9925387064659318
55502,0.9999820778582272
55503,0.9994798792893983
55504,0.9998125411922104
55505,0.9980370674919142
55506,0.9985540821625892
55507,0.9994058376184448
55508,0.9998469921181262
55509,0.9997556632926133
55510,0.9996226587353352
55511,0.9996273915551765
55512,0.9997223901946646
55513,0.998190760123959
55514,0.8825679512052481
55515,0.6400710646407798
55516,0.9999482154011331
55517,0.9927732912513489
55518,0.9999663997105444
55519,0.9999647728634351
55520,0.9977388525538576
55521,0.9968459484924893
55522,0.9996817750950265
55523,0.9884829852505387
55524,0.9265663099895781
55525,0.999908750791274
55526,0.9913442742756293
55527,0.9999085275918093
55528,0.9645259393276912
55529,0.9996161108340983
55530,0.9997873266473387
55531,0.9999539187331191
55532,0.8603386755794381
55533,0.9998560125057085
55534,0.9949507805968768
55535,0.999198401467199
55536,0.9993766117560193
55537,0.9999702863737125
55538,0.5882364782112562
55539,0.9970798015544025
55540,0.9999090556963797
55541,0.9999404886862191
55542,0.9999858370625035
55543,0.5705077006094992
55544,0.9989274690046768
55545,0.9999369793855415
55546,0.9997284270985075
55547,0.980565232648607
55548,0.9999775564581077
55549,0.9765716272682281
55550,0.9848246473022026
55551,0.9923694833621269
55552,0.9621011544519533
55553,0.8956053140810414
55554,0.9561556205754639
55555,0.9909236392680166
55556,0.9981710807035417
55557,0.9999889939150355
55558,0.16911377547672055
55559,0.999735826289603
55560,0.9964491625358054
55561,0.9999763235655156
55562,0.9933570239119796
55563,0.9843441807611413
55564,0.9992648371908187
55565,0.9997011872457514
55566,0.9999709486855528
55567,0.9999278112092973
55568,0.9996494115188743
55569,0.9234716501637681
55570,0.45835746481032236
55571,0.9997425368159818
55572,0.9956261031094529
55573,0.790892560623246
55574,0.9968224493656991
55575,0.999882956079113
55576,0.9856304799223139
55577,0.7170251023292487
55578,0.9759028317495314
55579,0.9999859124144795
55580,0.9999730822108313
55581,0.9999712180413366
55582,0.9986188299471604
55583,0.9999885896108667
55584,0.9904340167108507
55585,0.9998372253503073
55586,0.9999727578390636
55587,0.9999967391080984
55588,0.9975052681836505
55589,0.9997065747583614
55590,0.9907806805470347
55591,0.9996657720587274
55592,0.9999628242967916
55593,0.9887373471638777
55594,0.9996264850157999
55595,0.877661754709819
55596,0.9995684312936233
55597,0.9998101995938541
55598,0.9610247317946818
55599,0.9909495695505965
55600,0.999989368926107
55601,0.9964647690271216
55602,0.9986811665670858
55603,0.9920611918223127
55604,0.9976592029909932
55605,0.9999988969826566
55606,0.9952602266325159
55607,0.999987963211622
55608,0.9995737279295651
55609,0.9980114567247665
55610,0.45982525742892233
55611,0.9999741017295204
55612,0.9999479160273901
55613,0.9988742804409003
55614,0.98068557959831415
55615,0.9999756838073245
55616,0.7807692348624241
55617,0.9993239333140836
55618,0.5541655365251764
55619,0.9981408439287789
55620,0.9994312120339256
55621,0.9999594288799627
55622,0.9999871976264314
55623,0.9997518457444688
55624,0.9999885337416927
55625,0.9999916629643038
55626,0.7280582935842558
55627,0.9998843496908816
55628,0.999714108280841
55629,0.9999380831472588
55630,0.9992447653590237
55631,0.12961512132864203
55632,0.9986561488167764
55633,0.9771202073782554
55634,0.9987778129923022
55635,0.9956475261937514
55636,0.9999834454606108
55637,0.9999910647388126
55638,0.9995789878214464
55639,0.9807797658252653
55640,0.9449880208818857
55641,0.9981760327067127
55642,0.9997940253205665
55643,0.9995257912931599
55644,0.9963700582193272
55645,0.9999071164616534
55646,0.9905127003913851
55647,0.9900051018351618
55648,0.9976926222068854
55649,0.7094275478238489
55650,0.9999838875770197
55651,0.9989656268674107
55652,0.9993980687742673
55653,0.9992415826495012
55654,0.9999380673674052
55655,0.9656726804213137
55656,0.8597748904061281
55657,0.9998275992941186
55658,0.9968155826759634
55659,0.9998962973088106
55660,0.9999554431619327
55661,0.9999532622259533
55662,0.9986534177535952
55663,0.9998196532460212
55664,0.9997319867661082
55665,0.9996791276931627
55666,0.2986168127558226
55667,0.9997803496790427
55668,0.990127298268324
55669,0.9996562589981568
55670,0.999990496620614
55671,0.9998863367465208
55672,0.9999741296246359
55673,0.9953315487838179
55674,0.994000296552971
55675,0.9999311120904895
55676,0.5686656864486808
55677,0.9999779967168549
55678,0.9999770642583972
55679,0.9999802259610888
55680,0.9999884107652173
55681,0.9986928791787901
55682,0.9006106723252963
55683,0.9992736772557314
55684,0.9999064281310441
55685,0.8669943696641357
55686,0.9413351525827454
55687,0.999755720688197
55688,0.9972668814269819
55689,0.9999721868389212
55690,0.9999212087177513
55691,0.9996859088131367
55692,0.9999661814239502
55693,0.9991934664121582
55694,0.9993835603047196
55695,0.9950009954496019
55696,0.9963550093686901
55697,0.9991795517491994
55698,0.9999110055651131
55699,0.9999314440097478
55700,0.9997013165257014
55701,0.9998529781104027
55702,0.7247240166869829
55703,0.22547407823692692
55704,0.9686230915255608
55705,0.9995065095617783
55706,0.9961206941414072
55707,0.9999358588383717
55708,0.9999471213204325
55709,0.9999681759001916
55710,0.9999578997651543
55711,0.9978490067147424
55712,0.9992998555547739
55713,0.937969060778285
55714,0.9999353592490635
55715,0.9988407827147049
55716,0.9996620748588279
55717,0.8622069307173101
55718,0.999441095788372
55719,0.11429385425980541
55720,0.9994487373227645
55721,0.9998243937316773
55722,0.9909158842590761
55723,0.9989217110213263
55724,0.9999813359304378
55725,0.9999830575074822
55726,0.9997822440007017
55727,0.9999914446672677
55728,0.9995167448941195
55729,0.991442218132442
55730,0.9984888645178513
55731,0.9994348798557376
55732,0.9969857221808444
55733,0.9999727517813667
55734,0.9999766305809915
55735,0.5866649766446695
55736,0.9998347074840467
55737,0.999985715437151
55738,0.7045576330107594
55739,0.9990911643618892
55740,0.9963883290183703
55741,0.9996507200713015
55742,0.9922942661963021
55743,0.9995431534938843
55744,0.96186242056218485
55745,0.9915886005207933
55746,0.9860237806526577
55747,0.9999982051089907
55748,0.999994976559662
55749,0.9995888138093534
55750,0.996237445123451
55751,0.9995061540455407
55752,0.9980587557240844
55753,0.9996877018900253
55754,0.9999060462271884
55755,0.9994715341759105
55756,0.9996445062661405
55757,0.9996630412325148
55758,0.9946769604400637
55759,0.9999901162596954
55760,0.9919617123729523
55761,0.9489812532934544
55762,0.9991426276597667
55763,0.9995636310145484
55764,0.9945279181364839
55765,0.999905771379882
55766,0.998006956722937
55767,0.9991231824833752
55768,0.056744560937254995
55769,0.9987470582265405
55770,0.9999456600219184
55771,0.9986341874456415
55772,0.9999333197699168
55773,0.9932732070359386
55774,0.534574605520608
55775,0.9842863734971257
55776,0.9800572850402757
55777,0.9999083864399999
55778,0.9999701044483242
55779,0.8695571399176425
55780,0.9875504942056357
55781,0.9999672217244722
55782,0.9990036420226714
55783,0.9964311396397257
55784,0.9992912573647914
55785,0.9980487542527177
55786,0.8277095443552908
55787,0.9999367842006905
55788,0.9980036869226752
55789,0.9801006563927439
55790,0.999935644703167
55791,0.9946895064561297
55792,0.9683114181919891
55793,0.9929566558211765
55794,0.9999113752055995
55795,0.9999748153674911
55796,0.9999614405186316
55797,0.997748587345173
55798,0.8371875877097839
55799,0.9999668667164546
55800,0.9784266904905384
55801,0.9990955234291844
55802,0.9859917976708398
55803,0.9996820944298314
55804,0.9998903055489617
55805,0.9997578596692246
55806,0.999980990866381
55807,0.9696557672075005
55808,0.9999776782259991
55809,0.9999655159609374
55810,0.46661789356824823
55811,0.9994806332709926
55812,0.9939164237558638
55813,0.9990213115738049
55814,0.9981398208874551
55815,0.9994956176378172
55816,0.9993298265149161
55817,0.9859362085849016
55818,0.9909182655734671
55819,0.9833537029538532
55820,0.9994912729150431
55821,0.9976130104982446
55822,0.9999428414350312
55823,0.9997841860580176
55824,0.9998227446333001
55825,0.6831246399663323
55826,0.999612407844207
55827,0.9999603389264082
55828,0.9982607529120662
55829,0.9071065935070591
55830,0.8511746998853366
55831,0.9638032255351007
55832,0.9785263842349308
55833,0.9130118150844243
55834,0.9995210204563723
55835,0.9707000454169603
55836,0.572951793909078
55837,0.9821677559983458
55838,0.8612362800891715
55839,0.9888829205264756
55840,0.9999735314120478
55841,0.9991026027798892
55842,0.7706476172083595
55843,0.9995187563780877
55844,0.999926184108185
55845,0.9997448035268713
55846,0.9870896860259741
55847,0.9998166367597613
55848,0.9996154793559757
55849,0.9908629605728586
55850,0.9999257247306415
55851,0.9917899812051191
55852,0.9999046200249292
55853,0.9998776796899048
55854,0.3412959902829971
55855,0.9806526734406268
55856,0.9961440546861062
55857,0.9987671318727568
55858,0.9957118400202988
55859,0.9944165617659755
55860,0.9906745850213838
55861,0.9999752652905087
55862,0.976686412263079
55863,0.31819325563960116
55864,0.9999786504782692
55865,0.9974395002018649
55866,0.9990765857824723
55867,0.9999532847853865
55868,0.8679771217514769
55869,0.9999716023966899
55870,0.9992699560906104
55871,0.9735202466100866
55872,0.9954655890700288
55873,0.9773993223669645
55874,0.7374221719430206
55875,0.977204525062231
55876,0.9993171869102233
55877,0.9998507472617096
55878,0.9999212953744703
55879,0.9995110273715844
55880,0.9981736701140344
55881,0.9955882411042833
55882,0.772947665014903
55883,0.9971142708767686
55884,0.9995221907290655
55885,0.3067973548795529
55886,0.9968582457743905
55887,0.9899441686099979
55888,0.9996071425678378
55889,0.9841711455919738
55890,0.999919173385147
55891,0.999553889033786
55892,0.9999460826420009
55893,0.38451891552422124
55894,0.9977719770711595
55895,0.9994877939875862
55896,0.9999990717657611
55897,0.9991382155131021
55898,0.9988368392978425
55899,0.9727151010203056
55900,0.9997263993664764
55901,0.9999573812875795
55902,0.9924591566915
55903,0.9999942131824046
55904,0.9980342449499701
55905,0.9999589458150063
55906,0.9984725563616857
55907,0.9998559897907711
55908,0.9830364787832235
55909,0.997441701340456
55910,0.9998868387474688
55911,0.9998225067156082
55912,0.9164723037263395
55913,0.9924121760089756
55914,0.9999754957463077
55915,0.9997009922389658
55916,0.9999360927203816
55917,0.9998430116726079
55918,0.9706238075667701
55919,0.9995766935102364
55920,0.9699336953877814
55921,0.999918580646319
55922,0.9995584219065822
55923,0.9999805131521944
55924,0.9906648528940447
55925,0.9993979363350072
55926,0.9999308318770371
55927,0.9930122820258123
55928,0.9999551260592641
55929,0.9999189164425439
55930,0.9999398679893642
55931,0.9742183261755433
55932,0.9942021709765836
55933,0.9999764361044153
55934,0.9940675992469177
55935,0.9782092959806492
55936,0.9998608551917717
55937,0.9999481523198107
55938,0.9996336244155903
55939,0.9999228103997082
55940,0.9214735495963351
55941,0.9999558390676357
55942,0.9993582251634765
55943,0.9995494569897058
55944,0.9967429613437881
55945,0.9999484434670822
55946,0.9999768625300993
55947,0.999664468016417
55948,0.999865065443771
55949,0.9956784487262544
55950,0.9999274139680507
55951,0.9999068578504665
55952,0.975244246409035
55953,0.9999688682256042
55954,0.9960202544860413
55955,0.99344685639318
55956,0.7742319272893288
55957,0.9999793241931278
55958,0.3966704877731939
55959,0.9999725255957873
55960,0.9998512097399459
55961,0.9908805828163308
55962,0.94882812374194625
55963,0.9691574332753145
55964,0.9894491314224642
55965,0.9440816233275666
55966,0.9995370964778266
55967,0.999877310238101
55968,0.9931013075411352
55969,0.9792489677841463
55970,0.9994853874191065
55971,0.9994419714435315
55972,0.9996243055437111
55973,0.998896967872469
55974,0.9992828335534893
55975,0.9974991497908274
55976,0.9355424972308162
55977,0.9986620049777555
55978,0.9981062187422979
55979,0.9465485677637215
55980,0.9870676808942548
55981,0.9985299319694765
55982,0.9866630360384805
55983,0.9996054288704669
55984,0.04780964421702662
55985,0.9979729139207651
55986,0.9991589079382951
55987,0.9999681670245345
55988,0.9972566523581129
55989,0.9995479930159208
55990,0.9999337436119075
55991,0.9999303887932575
55992,0.9394326406633088
55993,0.9555966266352902
55994,0.9993910346446725
55995,0.9994238221790863
55996,0.9964841428157073
55997,0.9994783206106387
55998,0.9985040694630424
55999,0.7890243026074403
56000,0.9898804341856746
56001,0.9986937239839933
56002,0.4002550751955497
56003,0.9994863905391566
56004,0.999872509037641
56005,0.9999646289587814
56006,0.999776427227511
56007,0.9993255087678937
56008,0.996022426304592
56009,0.9980014840050514
56010,0.9978054135552222
56011,0.9999893915235387
56012,0.9960561189704465
56013,0.9999466303906036
56014,0.9999699360821798
56015,0.9978422493291718
56016,0.9998005561064626
56017,0.999322010950005
56018,0.9995054610325473
56019,0.8836377783633969
56020,0.9998041671462446
56021,0.807262781933459
56022,0.9994887694483022
56023,0.7725737225209526
56024,0.9998230282370638
56025,0.9998231672595469
56026,0.9999925504621248
56027,0.9097847480647538
56028,0.9999483497520852
56029,0.99999539348684
56030,0.9999689396004348
56031,0.9999600712199421
56032,0.979210185688718
56033,0.9472704234756628
56034,0.9922947219922603
56035,0.9997269194822866
56036,0.9999799299153717
56037,0.9986115794091032
56038,0.9983367614005897
56039,0.9202966954667262
56040,0.9373083579088434
56041,0.9908794451441731
56042,0.9979283457768072
56043,0.9939814196597936
56044,0.996867323319061
56045,0.9999659140944419
56046,0.9051987380475921
56047,0.9929161821343686
56048,0.9942349707373984
56049,0.9442981379313291
56050,0.9999265381189765
56051,0.999073776730839
56052,0.9999575024287565
56053,0.5860788419670628
56054,0.827754155373014
56055,0.9996106572507604
56056,0.999964239995987
56057,0.9998866582474069
56058,0.9894953747133367
56059,0.9937072234172895
56060,0.8428205604780203
56061,0.9944356650562487
56062,0.9996796750294189
56063,0.9911997785129691
56064,0.9837959271006466
56065,0.9998999763173169
56066,0.882140374453991
56067,0.9954063549800237
56068,0.9880148371503609
56069,0.9938726989234152
56070,0.990677297632171
56071,0.9949888933765717
56072,0.9998819573778107
56073,0.9945845380976673
56074,0.9997858549340835
56075,0.9994562048240483
56076,0.9998425679030291
56077,0.5822592450450579
56078,0.9806061717005712
56079,0.8590219490541051
56080,0.9990683074139864
56081,0.9966655725461095
56082,0.994560856353387
56083,0.9998450135124957
56084,0.9999308115504139
56085,0.9995135220573393
56086,0.9998775905595255
56087,0.9894616487671565
56088,0.9997675105973601
56089,0.9997269001119159
56090,0.9999722564824239
56091,0.9999589390500853
56092,0.9995274757589578
56093,0.9997340907036545
56094,0.9359990322650068
56095,0.9725491027592346
56096,0.9996693485246869
56097,0.999259148876773
56098,0.9999842154450458
56099,0.5745579039355478
56100,0.997822939318477
56101,0.9995952081365319
56102,0.9999615559059578
56103,0.9975969406493216
56104,0.9980224617821029
56105,0.9998243443243616
56106,0.9991367382086039
56107,0.8901467991600936
56108,0.9994062646376713
56109,0.9994908637929377
56110,0.8966225843940905
56111,0.9947435143576583
56112,0.9994274459117842
56113,0.9981413320792731
56114,0.9984773460759544
56115,0.9982025797485657
56116,0.9979096795307606
56117,0.9735514630102858
56118,0.999920889656475
56119,0.9710661224232219
56120,0.9862808205397005
56121,0.9999869294947579
56122,0.9999541239809006
56123,0.9901554821499571
56124,0.9992278244772348
56125,0.41370367892897403
56126,0.9936352741335258
56127,0.9812058581256657
56128,0.9998656898114417
56129,0.9998405447130809
56130,0.9999712335378579
56131,0.9997620867022867
56132,0.9999184359853742
56133,0.9998646195048511
56134,0.9995853389338905
56135,0.9998172268581668
56136,0.996566612091643
56137,0.9997040331351145
56138,0.9990535056369598
56139,0.9999357378562777
56140,0.9282585159812331
56141,0.9999463795957747
56142,0.8853769381501668
56143,0.9989847345665406
56144,0.9999365473827226
56145,0.9997271808613983
56146,0.9336199287128786
56147,0.9994652450718222
56148,0.9985041644648031
56149,0.9998539901656129
56150,0.9969413025858306
56151,0.9865938842221021
56152,0.9996854452270486
56153,0.9351079862037174
56154,0.9958995614433883
56155,0.9903319749353613
56156,0.9685622457585458
56157,0.9978397916094609
56158,0.9929160324417389
56159,0.999972878806869
56160,0.9117251107736374
56161,0.999775806742766
56162,0.36345315234543263
56163,0.8334632091235176
56164,0.9999980832495152
56165,0.9971072858441697
56166,0.999503922186839
56167,0.9965758689562052
56168,0.9933022558322879
56169,0.999399074795424
56170,0.9978973031250873
56171,0.999044469319198
56172,0.9494190670570588
56173,0.9999773250227263
56174,0.9976359226256724
56175,0.07934291102887162
56176,0.9536617396146938
56177,0.9997083364995304
56178,0.7170171225212102
56179,0.9962877478682557
56180,0.9737412489465928
56181,0.9991666496647064
56182,0.9951341956116729
56183,0.9809498225241107
56184,0.999103559237595
56185,0.9998876548770553
56186,0.4744424354578762
56187,0.9994221884674362
56188,0.8461234251465408
56189,0.9999486917676875
56190,0.9995077740183451
56191,0.9960861206229656
56192,0.9999993657964518
56193,0.9382941895919462
56194,0.9852072519189413
56195,0.9995091852557968
56196,0.9992569033105966
56197,0.9985320353057634
56198,0.9991462647222192
56199,0.9999905719796397
56200,0.9448886335566372
56201,0.9992482315025898
56202,0.9993502894263243
56203,0.6581416950249491
56204,0.9999626043113753
56205,0.9997091507939629
56206,0.9994935926168044
56207,0.9996651885061353
56208,0.9908775468895851
56209,0.7810321334871179
56210,0.9997730438207624
56211,0.9997964996491333
56212,0.9999979379676227
56213,0.9999513148714436
56214,0.9997063191604421
56215,0.9965399276211092
56216,0.9629445426317931
56217,0.9899543154741557
56218,0.9997767868102403
56219,0.019547528943446947
56220,0.990696020977291
56221,0.9999445959837768
56222,0.9846728863942394
56223,0.9996010053187391
56224,0.9619834061019599
56225,0.9999379086101166
56226,0.9940072080600444
56227,0.9994459980218972
56228,0.9973778907330184
56229,0.9715602303154717
56230,0.9999623412349136
56231,0.9993974312899689
56232,0.9878569483327676
56233,0.9837231698218927
56234,0.9991255849049681
56235,0.9999890722103169
56236,0.8895070429847791
56237,0.9982528990742455
56238,0.9988485836238845
56239,0.9965805005061907
56240,0.9995654753951448
56241,0.9999586755959494
56242,0.9999686818764908
56243,0.9885521298094141
56244,0.9999377579350642
56245,0.9984990608494344
56246,0.9998229674691774
56247,0.9999403516815621
56248,0.949963399265393
56249,0.1267186468097648
56250,0.9999440883864087
56251,0.999756220265521
56252,0.9998378494566081
56253,0.9995240363717821
56254,0.9861179192870971
56255,0.9980461335547358
56256,0.9677247426763953
56257,0.9997457000249054
56258,0.9997352289593401
56259,0.9191411702898684
56260,0.01097772096749509
56261,0.9948263369972177
56262,0.9999288444034231
56263,0.9996713779147878
56264,0.9277034582745589
56265,0.8585302003417103
56266,0.9999042543714661
56267,0.986812094920701
56268,0.9978963455650587
56269,0.997837628983838
56270,0.9999373186586211
56271,0.9998408475216252
56272,0.9999685065564157
56273,0.999804114403071
56274,0.9998889400890211
56275,0.9998045814683071
56276,0.9989615423112664
56277,0.585782776785101
56278,0.9882074938631041
56279,0.941082475908282
56280,0.9999773875580726
56281,0.999983598629398
56282,0.9892536927935619
56283,0.9997556081712482
56284,0.9807649398707333
56285,0.9982895462251972
56286,0.9992554081692437
56287,0.9982619052252456
56288,0.9999325153958651
56289,0.9964557568209557
56290,0.9999478184942476
56291,0.9978562002304516
56292,0.9985349187828368
56293,0.9999384776050262
56294,0.9996477055538541
56295,0.9726700886660209
56296,0.999161789595602
56297,0.9983197627454747
56298,0.2520858204416331
56299,0.955746368262564
56300,0.9997693621868706
56301,0.9997902445401977
56302,0.9966804516318581
56303,0.9999636387241635
56304,0.9995299427027402
56305,0.9952225905346848
56306,0.9730957911118879
56307,0.9997945265080063
56308,0.8278483234831233
56309,0.9995840344498464
56310,0.34773118792350266
56311,0.9994075494365383
56312,0.9996524651844271
56313,0.9999705830819375
56314,0.9993483104990832
56315,0.9773997653454856
56316,0.9999108795458364
56317,0.943893017925836
56318,0.9999782377677539
56319,0.9978253587022399
56320,0.9998122989536556
56321,0.9993921650295156
56322,0.09958492401513876
56323,0.9991805870868157
56324,0.9871459941799723
56325,0.9998277009780596
56326,0.9970264000835889
56327,0.9369813777168172
56328,0.9848452969165492
56329,0.9999827959736199
56330,0.9992844291614628
56331,0.9999646362856776
56332,0.9960213110036904
56333,0.9907338852851387
56334,0.9784514953305266
56335,0.9999654080927951
56336,0.9999589644995055
56337,0.9501826763393381
56338,0.9995671140141478
56339,0.999151340126432
56340,0.9994416519100289
56341,0.989778652989644
56342,0.9999627564226022
56343,0.9983013833442326
56344,0.9999339874840981
56345,0.999880974815428
56346,0.9940569162629507
56347,0.9998042793857316
56348,0.9965886089737708
56349,0.9979815038656502
56350,0.9991215954902898
56351,0.868408183417893
56352,0.9999706043107403
56353,0.9999007891219593
56354,0.9999581510284189
56355,0.8359391959446464
56356,0.9997886409394026
56357,0.9999755284795804
56358,0.6951745127282507
56359,0.9996973697274584
56360,0.9999635470521934
56361,0.9955565200855631
56362,0.9812859668382607
56363,0.9525176341581961
56364,0.9917836022359425
56365,0.998860322549269
56366,0.9966117580991856
56367,0.9999340017010155
56368,0.9999893500132002
56369,0.9600468889703263
56370,0.9978816680664975
56371,0.9994978986049692
56372,0.1526794304600698
56373,0.9950638872463796
56374,0.9905791057336397
56375,0.9991922601771069
56376,0.9999487560352379
56377,0.9997448888985861
56378,0.9930168124412186
56379,0.9990312263291242
56380,0.9999822388659944
56381,0.9911064134276547
56382,0.9999182379036641
56383,0.9856246738526546
56384,0.9127434259432047
56385,0.9993326438540832
56386,0.9999621145704892
56387,0.995431730166306
56388,0.9913568051748513
56389,0.9998103017596309
56390,0.9777520801566185
56391,0.9955824196805567
56392,0.9469462059637628
56393,0.9993879238616993
56394,0.9999654206330024
56395,0.9990552634961807
56396,0.9968647762339425
56397,0.9990940390417544
56398,0.8515745160716376
56399,0.9998800812700125
56400,0.9997948036865957
56401,0.9726553177528201
56402,0.9862421101227815
56403,0.9997124202801302
56404,0.9926969007778441
56405,0.9893268979345509
56406,0.9985669718776544
56407,0.9999741993729186
56408,0.9946351560273818
56409,0.9999943802027016
56410,0.9996485860003173
56411,0.9998740210648942
56412,0.9997434081559505
56413,0.9983834082540265
56414,0.9999902868799948
56415,0.9402437598814002
56416,0.9923517310190613
56417,0.9951165146306333
56418,0.9993958029687928
56419,0.9999308538713089
56420,0.9999809865726776
56421,0.9226394365238277
56422,0.9961441736557649
56423,0.9861109278794484
56424,0.9998705305563611
56425,0.9802939253233355
56426,0.999861823632434
56427,0.9986683439922216
56428,0.9995825882341148
56429,0.9935991502697529
56430,0.9988296134234047
56431,0.9720954017598977
56432,0.9997018579267164
56433,0.9496615895686037
56434,0.9999659662408021
56435,0.00881906081161868
56436,0.9842913202044972
56437,0.9975216029740258
56438,0.99997579907679
56439,0.9998744913238292
56440,0.9990794466534524
56441,0.7366364032278755
56442,0.9965715528826279
56443,0.9999906419681577
56444,0.9999574623381212
56445,0.9968442396476236
56446,0.999818569339358
56447,0.9998617805398603
56448,0.9942573284092235
56449,0.9916053203609266
56450,0.04287331125702067
56451,0.9986507854749876
56452,0.9997236031928147
56453,0.9981748460821078
56454,0.9999758150288575
56455,0.9997010753302791
56456,0.5389862405148375
56457,0.999823629838322
56458,0.9295964350562129
56459,0.9970370180659379
56460,0.9998953366593303
56461,0.13176386691865988
56462,0.9966073714495595
56463,0.9010207536229758
56464,0.9999541297016507
56465,0.9999037570450263
56466,0.9999172802143605
56467,0.9988470341710632
56468,0.9999817244696974
56469,0.9180465900731621
56470,0.9679700998657338
56471,0.9995918484923115
56472,0.9994150284187865
56473,0.8022597585415103
56474,0.9613447428243705
56475,0.9629050272116504
56476,0.999653896472034
56477,0.7393411608380521
56478,0.9999843089645137
56479,0.8883568880355632
56480,0.9995383046237546
56481,0.999752741913973
56482,0.9999301616093902
56483,0.996049678553748
56484,0.9992068815165062
56485,0.9999790130465664
56486,0.9997845650834756
56487,0.9999857541535732
56488,0.9993301088712622
56489,0.9632531787082061
56490,0.9956909788969746
56491,0.9999795296603996
56492,0.9873416054794912
56493,0.9496979914887483
56494,0.9999601077278666
56495,0.9950583393894593
56496,0.9999241694364187
56497,0.5686585981270473
56498,0.9999291647587015
56499,0.9956756826515585
56500,0.9970654868986457
56501,0.9987800206050804
56502,0.9998965404613461
56503,0.9481568885201072
56504,0.999977484210907
56505,0.9999125110319522
56506,0.9706078494272915
56507,0.9979455140409647
56508,0.9999863219777898
56509,0.9977361349763005
56510,0.9996005295184702
56511,0.9985613168856987
56512,0.9999578112163859
56513,0.9999679646213702
56514,0.998893327550539
56515,0.9989678360988647
56516,0.9437951690877273
56517,0.9998530069691807
56518,0.9999821594948517
56519,0.9999034386010756
56520,0.9999870828995319
56521,0.9998084854030184
56522,0.9942473541707405
56523,0.9791734680900035
56524,0.8239583582358571
56525,0.9979755729369105
56526,0.9997173731036761
56527,0.9921614164968121
56528,0.9962001930216741
56529,0.9999076153086746
56530,0.999780349493362
56531,0.9998990577958992
56532,0.9989935486440881
56533,0.9603924936179002
56534,0.9947486441110925
56535,0.9999243242552756
56536,0.9999419366684544
56537,0.9999413744599738
56538,0.9965672611362272
56539,0.33549479248299585
56540,0.9997446174119223
56541,0.9998992078092935
56542,0.9995631223394178
56543,0.8110783742372493
56544,0.9927335717274268
56545,0.9991405308224464
56546,0.998598726551144
56547,0.9999405310682972
56548,0.9998943645516564
56549,0.24310993208626921
56550,0.9604783495405708
56551,0.9999783201763186
56552,0.9995621758190449
56553,0.9999560902747727
56554,0.9961976315917671
56555,0.99997745079329
56556,0.9999305905454631
56557,0.999858738337441
56558,0.9999555989654972
56559,0.9999318569086786
56560,0.8959037482014219
56561,0.983928917157275
56562,0.9988559767632463
56563,0.999909321279354
56564,0.9983197607820697
56565,0.9994954719442398
56566,0.999860247640698
56567,0.9988324007022056
56568,0.9995281429680042
56569,0.9993493067817801
56570,0.9999548825838634
56571,0.9984283147579751
56572,0.9895424410071525
56573,0.9995113467630611
56574,0.9998908337741024
56575,0.9974218708663207
56576,0.9999766845485247
56577,0.9998595667013507
56578,0.9993311112822624
56579,0.9999486905082967
56580,0.9999974235206145
56581,0.9991111792198998
56582,0.9993908953419768
56583,0.9849175824595726
56584,0.9998858558367152
56585,0.9984636878388634
56586,0.9952243457636726
56587,0.9928732259426875
56588,0.9437160835310302
56589,0.9998313654829211
56590,0.998902649082712
56591,0.9944202012587462
56592,0.9842863734971257
56593,0.999815888585417
56594,0.9994591770789985
56595,0.9999690211185831
56596,0.6118741805066501
56597,0.9848377047673567
56598,0.9999657606870596
56599,0.9999092193897648
56600,0.9999817255241471
56601,0.9642366342955854
56602,0.9911282183060632
56603,0.961020056215647
56604,0.9985561136299981
56605,0.9958355425675723
56606,0.7376910235203686
56607,0.9996560260933851
56608,0.9833634592822788
56609,0.9928729945253341
56610,0.9983478279438452
56611,0.999954920677305
56612,0.9803391336364632
56613,0.9984345994440856
56614,0.9994218732278649
56615,0.999958783170762
56616,0.9907709735799491
56617,0.9998726582610078
56618,0.9995368828492629
56619,0.9997260597268389
56620,0.9781219029827782
56621,0.144462078898183
56622,0.9997861261451505
56623,0.9914490991554024
56624,0.999495656228445
56625,0.9999765733485128
56626,0.9990163284852436
56627,0.9976690689436646
56628,0.9994885639467843
56629,0.9991571463895169
56630,0.9944783837905202
56631,0.9999709762509837
56632,0.9890003020085296
56633,0.9999707516643195
56634,0.9983663000652343
56635,0.9998225691236485
56636,0.9573486314211218
56637,0.9972753639565544
56638,0.9999918476202008
56639,0.9880185776038622
56640,0.9884657233782712
56641,0.9998110601576247
56642,0.9909661466596296
56643,0.995871431077728
56644,0.9991728267467861
56645,0.048120678711954946
56646,0.9801472310715016
56647,0.9996903713106128
56648,0.999353359196061
56649,0.9967871431266733
56650,0.9999449736023187
56651,0.9929507130664026
56652,0.9994833609174077
56653,0.9999777172036652
56654,0.999130279084563
56655,0.9993773549157795
56656,0.9991949247542302
56657,0.09838994989364284
56658,0.9997338927362893
56659,0.9988499473245729
56660,0.9999491793334097
56661,0.9851476900868164
56662,0.9981762652722083
56663,0.9999647435034711
56664,0.999976546158014
56665,0.9861030896849621
56666,0.9996779437436994
56667,0.9999905214137732
56668,0.9821310822808277
56669,0.9875523902077628
56670,0.9997330171560642
56671,0.9710828436571547
56672,0.956001723604022
56673,0.9996356549515465
56674,0.9980877753888764
56675,0.999287780572606
56676,0.9986409413261078
56677,0.9994964747358311
56678,0.9997718046724748
56679,0.9903874037809605
56680,0.9999909426572261
56681,0.9837146460267032
56682,0.9988781274992884
56683,0.9824542064800657
56684,0.9999802429665344
56685,0.9994442265869619
56686,0.9999919690636349
56687,0.8643557018557257
56688,0.9943776047074525
56689,0.9997520248821236
56690,0.9946639294770634
56691,0.9999803513805107
56692,0.9989659873559235
56693,0.9986065589865716
56694,0.9927737282621574
56695,0.9996141730031649
56696,0.9957763220181225
56697,0.999987602142432
56698,0.9836478476219637
56699,0.9971774242704006
56700,0.8990228813572765
56701,0.9759111355350172
56702,0.9350071707933121
56703,0.19059858958086043
56704,0.9581202018979115
56705,0.9992355361063244
56706,0.9998034852950254
56707,0.9975113339813707
56708,0.9303755936541463
56709,0.99964892747677625
56710,0.9972697540532824
56711,0.9761505265097171
56712,0.9999668469076377
56713,0.9999816000649026
56714,0.9998059292047012
56715,0.9974265323130278
56716,0.9995621647312901
56717,0.9998280486718578
56718,0.999276080223434
56719,0.9997934655136975
56720,0.9986290404525712
56721,0.9999817982240153
56722,0.9995783046152157
56723,0.9367699150249332
56724,0.21543296222948252
56725,0.9958469884376352
56726,0.9999216478090651
56727,0.9854681279652837
56728,0.9998020584704612
56729,0.9473733881727182
56730,0.999980377527929
56731,0.9994107132047589
56732,0.9961713293796279
56733,0.9996048683662981
56734,0.6905371282809188
56735,0.946642510182968
56736,0.999968179952299
56737,0.938278908602092
56738,0.9861105113921992
56739,0.9999541332331656
56740,0.9910213531740623
56741,0.9999241323657059
56742,0.9929298424083912
56743,0.9997815680394884
56744,0.7906285704494554
56745,0.32391030208658744
56746,0.9997942753847874
56747,0.9999862003160495
56748,0.9941940834827541
56749,0.999334238160391
56750,0.9374952715166167
56751,0.9921529385371406
56752,0.9994939677256794
56753,0.9558005108483437
56754,0.9986918648913692
56755,0.9833914525292671
56756,0.9998168970257033
56757,0.9993477061660312
56758,0.9996735764302861
56759,0.9818371809142293
56760,0.9998450565456645
56761,0.9966491994054071
56762,0.9999727164321678
56763,0.9999161178834775
56764,0.9999910675906609
56765,0.8874838175094258
56766,0.9008164821822591
56767,0.9930852396675635
56768,0.9928051464530409
56769,0.9999978426454625
56770,0.9957518815975809
56771,0.8629463689366095
56772,0.9974740490359323
56773,0.9991603946100449
56774,0.9980224129470806
56775,0.9974008427730289
56776,0.9999724159078787
56777,0.9998762958622278
56778,0.9924250253182513
56779,0.9999596709598466
56780,0.9995652655646265
56781,0.999970761589156
56782,0.9417008739055629
56783,0.9999902723384309
56784,0.9995807901466878
56785,0.7768784987406089
56786,0.9999332900038828
56787,0.9999145699398473
56788,0.995954019354841
56789,0.9994667711722218
56790,0.9999124710612697
56791,0.9997399981133542
56792,0.9999848331702886
56793,0.9919885117797346
56794,0.9995385376639783
56795,0.9682434911789708
56796,0.9999712778657959
56797,0.9976643694622407
56798,0.9961809196665868
56799,0.9949280453147773
56800,0.9436868902138209
56801,0.9997182600397782
56802,0.9917445217891663
56803,0.9962251363670708
56804,0.9996811584354445
56805,0.9971321001954369
56806,0.9802117485595563
56807,0.96935257084466
56808,0.9991764032855954
56809,0.9952510382004415
56810,0.9996093967038537
56811,0.9990020277276828
56812,0.9961118976149862
56813,0.9999759599194931
56814,0.612038914800219
56815,0.9999577154664625
56816,0.9999696593786177
56817,0.9998328257785406
56818,0.8643768563080658
56819,0.9884805781570561
56820,0.8840045924013848
56821,0.9284155979070555
56822,0.7715241837682194
56823,0.9984797834188817
56824,0.9999075473342379
56825,0.9996184867563144
56826,0.9996687694677465
56827,0.9998037779920922
56828,0.9998252130143981
56829,0.19969880885474245
56830,0.999940069502116
56831,0.9913268112268013
56832,0.9999470269747773
56833,0.9999745163163368
56834,0.9993965319139517
56835,0.9903871559224936
56836,0.9942291875337421
56837,0.8058212081991367
56838,0.9999581284132634
56839,0.997299322981746
56840,0.9874518547568923
56841,0.9994435023636049
56842,0.9983075220957732
56843,0.9999688942823236
56844,0.7973144723854501
56845,0.9791734680900035
56846,0.999642738417842
56847,0.9997859865508044
56848,0.8985915107357719
56849,0.9926423298892225
56850,0.9991128595801486
56851,0.9979746832549168
56852,0.999265270508028
56853,0.9998546275892101
56854,0.9993680159282907
56855,0.9999440239786406
56856,0.999754647149265
56857,0.9347884490627666
56858,0.9999265810070851
56859,0.9982891519737791
56860,0.9994836138926684
56861,0.9886819031648505
56862,0.9994607539578468
56863,0.976279047947505
56864,0.9999910396109785
56865,0.9999148783574002
56866,0.9986012016694921
56867,0.999054060162668
56868,0.8587028964313456
56869,0.9998073604586557
56870,0.9993486231479074
56871,0.9999803975004016
56872,0.9998661370802561
56873,0.07569431941479446
56874,0.9992825156507847
56875,0.9994793749837445
56876,0.9999860972893891
56877,0.9222980140318338
56878,0.9997349596160079
56879,0.9993225676706944
56880,0.9668531251774434
56881,0.9999332753019917
56882,0.9987783163359152
56883,0.9857985908460458
56884,0.9943972823260407
56885,0.9998684090499543
56886,0.9999598614216865
56887,0.999820990615085
56888,0.999905834269544
56889,0.9971518447105412
56890,0.7802278446393486
56891,0.9981224113891309
56892,0.9999846148947693
56893,0.9991077485688203
56894,0.9998985922143739
56895,0.9991260020852667
56896,0.9958220513770808
56897,0.9997585117504982
56898,0.999961761090943
56899,0.9716689086153505
56900,0.10625029491478415
56901,0.9967049792416695
56902,0.16634543410035613
56903,0.5126402242973606
56904,0.9788228125802507
56905,0.999935055457206
56906,0.9949522106635177
56907,0.9998185826265064
56908,0.9988601488852246
56909,0.9959774345014805
56910,0.9993677816838247
56911,0.9984766671936135
56912,0.9992606774132214
56913,0.9525843341906755
56914,0.9994918503362387
56915,0.9844509650297447
56916,0.9992667220837806
56917,0.9986872394791694
56918,0.9994083783993509
56919,0.9994563471767978
56920,0.9998922211991048
56921,0.9649323034327613
56922,0.9930965223203827
56923,0.9999875897342354
56924,0.9997820703178402
56925,0.9993803920706925
56926,0.999136495994562
56927,0.1479079677925735
56928,0.9990688880115125
56929,0.9982032746088509
56930,0.9997917329691717
56931,0.9999063386144021
56932,0.9989180411442988
56933,0.9999108873930804
56934,0.9999229845282528
56935,0.9997663388917233
56936,0.9974074605928777
56937,0.9999672849000978
56938,0.9626487860760942
56939,0.9999488855484087
56940,0.22255530933987622
56941,0.9999403760673434
56942,0.9326652890533023
56943,0.9843906888011392
56944,0.9898617716113944
56945,0.9991934958710428
56946,0.990243607844764
56947,0.9998679965803384
56948,0.9990699475026015
56949,0.9999445722297661
56950,0.9999902964016086
56951,0.9986996582534865
56952,0.8511016597273626
56953,0.9987186426047946
56954,0.999980703755228
56955,0.9999342784284193
56956,0.9999434880810479
56957,0.9994697120368355
56958,0.9999964257991881
56959,0.9161612687229751
56960,0.9999486006409887
56961,0.9994745813466823
56962,0.9999105500080204
56963,0.9999839376553308
56964,0.9802381057749011
56965,0.9998002734553113
56966,0.9989787420651207
56967,0.994659085248373
56968,0.9999071809280783
56969,0.999638472051549
56970,0.999862289420425
56971,0.9926478872535031
56972,0.9427018429280852
56973,0.9997832528644026
56974,0.9978361429986748
56975,0.9999989285713115
56976,0.9987361386929344
56977,0.9999479502293043
56978,0.9977707196188584
56979,0.35215024080948415
56980,0.9997866405909105
56981,0.9999819204441969
56982,0.986859720735699
56983,0.9999391717902772
56984,0.9998979016181914
56985,0.999983293201714
56986,0.9999607629296408
56987,0.9997782409238543
56988,0.9963239684786042
56989,0.975459043595857
56990,0.9790321541975421
56991,0.9907617146118803
56992,0.9974673943956223
56993,0.999797617929256
56994,0.9991314399292642
56995,0.2182903925818844
56996,0.9983243779704931
56997,0.9987421058643552
56998,0.999914063269168
56999,0.9902759321037196
57000,0.9797609834107572
57001,0.9992765537859668
57002,0.9997623163621713
57003,0.9994062175130516
57004,0.9998142001321928
57005,0.9999698451344163
57006,0.722849234306316
57007,0.9992205506573689
57008,0.9697682414924021
57009,0.9980332340742111
57010,0.9983521759271194
57011,0.994289371681332
57012,0.9942053759510345
57013,0.9984004189875475
57014,0.9999894221306033
57015,0.9962448682816354
57016,0.9999934787518541
57017,0.996929068099828
57018,0.9849515583199988
57019,0.9975330069723544
57020,0.9642369592355122
57021,0.030908433139850276
57022,0.9992053945212149
57023,0.9998529477082109
57024,0.9929247926001175
57025,0.9992988663547611
57026,0.9353225237713296
57027,0.9501278836535475
57028,0.29810580222232325
57029,0.9955601721415329
57030,0.9624684670945809
57031,0.9998736080277538
57032,0.4976899873537416
57033,0.9999774655936718
57034,0.999812051488756
57035,0.9999807399428366
57036,0.9995937820042385
57037,0.974476451096479
57038,0.999722152600756
57039,0.9946351560273818
57040,0.9999716886541326
57041,0.35466829735422656
57042,0.9842863734971257
57043,0.9073404696212425
57044,0.9988005981601548
57045,0.9987185893288454
57046,0.9977163591553226
57047,0.9998884593568698
57048,0.9999688408987208
57049,0.4708744748250203
57050,0.9999508675943739
57051,0.9995602877496554
57052,0.9995275683711466
57053,0.9999665835751466
57054,0.9369932293036155
57055,0.9991078944666629
57056,0.999919613341025
57057,0.9996844509308208
57058,0.9776111997376751
57059,0.9960181159454646
57060,0.9997863795468809
57061,0.9998633887884765
57062,0.9962286390920745
57063,0.9996080429922275
57064,0.9924026903511205
57065,0.998960742783507
57066,0.9993027233090328
57067,0.9945666054150151
57068,0.999635951025534
57069,0.9995085907046183
57070,0.9993490248072392
57071,0.9999529427111199
57072,0.9999808401911885
57073,0.9970254903629443
57074,0.9974290899601711
57075,0.9995992633852232
57076,0.9999146954631177
57077,0.9990444054647503
57078,0.9998308890662396
57079,0.9760866306548994
57080,0.9689671554762269
57081,0.9992746835483854
57082,0.9992099762734507
57083,0.9961064204624726
57084,0.9897504686685745
57085,0.9992867904718596
57086,0.9996561555267514
57087,0.9877620079954003
57088,0.9996579230048713
57089,0.9995803275774633
57090,0.9993754845523068
57091,0.9999881805019492
57092,0.997820938725136
57093,0.9992613741632638
57094,0.9987431595051212
57095,0.9997988353007969
57096,0.9995997991560314
57097,0.9999068323919722
57098,0.9984173885444124
57099,0.9878061999499476
57100,0.9991959291001378
57101,0.999749525477661
57102,0.9992340072218745
57103,0.7633468709750652
57104,0.987867939084415
57105,0.998889952474357
57106,0.9937017010297791
57107,0.9997180822194901
57108,0.9916638529426328
57109,0.9988829154773942
57110,0.9999565633366295
57111,0.9979058823033882
57112,0.9708138151455609
57113,0.9928946057369186
57114,0.9998470285662152
57115,0.9999697269724669
57116,0.9999846808595861
57117,0.9999926932268277
57118,0.9859793125803018
57119,0.9947068601892175
57120,0.9979080024472744
57121,0.9568669231275729
57122,0.999147983671999
57123,0.9999855721656027
57124,0.9464425119839024
57125,0.9977005770483995
57126,0.9993050907794712
57127,0.9997912620082781
57128,0.9986814010322381
57129,0.9999434467114655
57130,0.9999902198943058
57131,0.9971925302077901
57132,0.813663763246528
57133,0.9583635338922801
57134,0.9649006326071424
57135,0.9987999934871605
57136,0.9999182456193016
57137,0.9996364184064077
57138,0.9998849105583147
57139,0.9998943136014509
57140,0.9996292492877475
57141,0.9904114990459966
57142,0.9911066967201579
57143,0.9992905530914599
57144,0.9992775842004683
57145,0.9995234928516107
57146,0.9992827016728669
57147,0.999939901536185
57148,0.9981349248010436
57149,0.9987704299461743
57150,0.9997540783245983
57151,0.9928826804906405
57152,0.9965739785156045
57153,0.999774756527262
57154,0.9999739842180353
57155,0.996572039048742
57156,0.9991146165702124
57157,0.9943619459990297
57158,0.9999948692690845
57159,0.9997790060596542
57160,0.999012179836862
57161,0.9877937400898806
57162,0.9907651290958057
57163,0.9999885762151489
57164,0.9985083277690836
57165,0.9985480023491604
57166,0.9998491968404375
57167,0.9993941940788617
57168,0.9996149162557321
57169,0.9997302454234612
57170,0.9979728427152545
57171,0.9803568637192416
57172,0.9993860169180768
57173,0.5881784784219043
57174,0.990646795655887
57175,0.9945994634962944
57176,0.9999379196770116
57177,0.9999606865479089
57178,0.9568111720542051
57179,0.9969162483319072
57180,0.9999599603164321
57181,0.9996803266458733
57182,0.9932701418047372
57183,0.9998630272612444
57184,0.9884327056364453
57185,0.9992734082201663
57186,0.9999992312523815
57187,0.9962564532086453
57188,0.9998507016409642
57189,0.9973294123731862
57190,0.9994853090136444
57191,0.9996868789739904
57192,0.9999931608985881
57193,0.9997959943831609
57194,0.980506640440666
57195,0.9999811949826213
57196,0.28129082043674236
57197,0.9999930379468952
57198,0.9997685394381838
57199,0.9998127062175189
57200,0.9992301600176742
57201,0.9995861764104778
57202,0.9995218284177889
57203,0.7367793049113951
57204,0.9881191126278129
57205,0.9959325784892863
57206,0.9889249731305276
57207,0.9786470801818729
57208,0.9997827397434951
57209,0.985008282568281
57210,0.9944250459240649
57211,0.9995761319888586
57212,0.9959607832732027
57213,0.9999769662456736
57214,0.9999857101683329
57215,0.9999360107745465
57216,0.9996282303888436
57217,0.9999875464695525
57218,0.9926960618259154
57219,0.9296854974780292
57220,0.9963351167946857
57221,0.9993210875838214
57222,0.5097592905402745
57223,0.999968210791764
57224,0.9998317410328582
57225,0.999994432469251
57226,0.9997451070260857
57227,0.9968004192229513
57228,0.9998962010917543
57229,0.9932064110107228
57230,0.9971024962088789
57231,0.9991959047525296
57232,0.5515234750451259
57233,0.842982324620658
57234,0.9990321955969543
57235,0.9999340643638241
57236,0.9954987154376849
57237,0.9980327845739778
57238,0.9999843750213544
57239,0.9993529127211233
57240,0.9993770677620178
57241,0.999948688397503
57242,0.9921397137666927
57243,0.989496220767275
57244,0.9999969537514607
57245,0.9626993909913492
57246,0.9999983072733607
57247,0.9940733669449524
57248,0.9961866690450784
57249,0.9993000089284425
57250,0.9997164042123706
57251,0.9999475895653223
57252,0.9980139020699716
57253,0.9991621237791454
57254,0.9999544023215068
57255,0.9990214136795011
57256,0.9875266855161002
57257,0.997916250712921
57258,0.9971268393280271
57259,0.9998134366269356
57260,0.8691308087716998
57261,0.9945827970233181
57262,0.9999796467041592
57263,0.9996033001296352
57264,0.9819387212188151
57265,0.999384768174056
57266,0.9999889116645307
57267,0.9994779272021477
57268,0.9999235560283426
57269,0.999471511259933
57270,0.9994765423513876
57271,0.9997603629680476
57272,0.9952297976219174
57273,0.99757414798615
57274,0.999297221707643
57275,0.9986845448948299
57276,0.984495255720112
57277,0.9998929032478492
57278,0.9790052164790064
57279,0.9991969558159738
57280,0.9999656988806033
57281,0.9997717961165694
57282,0.9996727952519439
57283,0.9998911076182013
57284,0.9886183371501307
57285,0.9994623448265195
57286,0.999948992965235
57287,0.9557830760706353
57288,0.9997112929786125
57289,0.9990041311835403
57290,0.999726182625662
57291,0.9996447469776092
57292,0.9974561055929113
57293,0.9999869872377908
57294,0.9993878222134885
57295,0.9976468098226023
57296,0.9990194311798579
57297,0.9992032982628666
57298,0.9999038936543849
57299,0.9986193194753984
57300,0.9959891201199
57301,0.8474765211558611
57302,0.9993656870437255
57303,0.9996909712396312
57304,0.987086185975154
57305,0.9954762401330794
57306,0.9988730041749162
57307,0.9863792463646935
57308,0.9992507146569313
57309,0.9999048865665232
57310,0.996175792297333
57311,0.9999723427641073
57312,0.9998663409036017
57313,0.9467122968615529
57314,0.9998453457478768
57315,0.99956332163503
57316,0.9999917886023729
57317,0.9999723398372732
57318,0.9968761439321413
57319,0.9432707203590649
57320,0.9998730316460906
57321,0.9924614181984478
57322,0.9569108390097345
57323,0.9984330538785082
57324,0.9998217519910645
57325,0.9961764936984031
57326,0.9984956272127958
57327,0.9980431229196155
57328,0.8149453593746872
57329,0.9894296740993234
57330,0.9993927594541027
57331,0.9992974485881081
57332,0.9968433390259385
57333,0.9985783188688162
57334,0.9295080051038929
57335,0.9984171234633124
57336,0.9999877297582387
57337,0.9997394347017464
57338,0.9947703057965788
57339,0.9999449160476763
57340,0.9996650754506368
57341,0.9805904677917096
57342,0.9936671482948394
57343,0.9947861781919404
57344,0.9401596607823465
57345,0.3088943305247667
57346,0.9990494538405452
57347,0.8677832599948291
57348,0.9988054953191554
57349,0.999041027224938
57350,0.9760779274869111
57351,0.9999599082931748
57352,0.8998719564474377
57353,0.9944365786744159
57354,0.9961949803915751
57355,0.9961806108273417
57356,0.838205086890988
57357,0.9997256439608898
57358,0.9999832443251518
57359,0.9873882875438973
57360,0.9997614640842989
57361,0.9999629920075538
57362,0.9994680383763986
57363,0.9982159615387003
57364,0.9518537364968919
57365,0.9993293291591073
57366,0.9972043239582515
57367,0.8334110549879725
57368,0.9999625571907401
57369,0.9540871461926375
57370,0.9999909206534486
57371,0.9999407688472634
57372,0.9977326187411447
57373,0.9981996556776934
57374,0.966510157104489
57375,0.9998112873325532
57376,0.9966564401305342
57377,0.9695529016774044
57378,0.9910438513187382
57379,0.9974705093400144
57380,0.9996282594991527
57381,0.9882957773591916
57382,0.9836406611564708
57383,0.9848632163881654
57384,0.9999893941550168
57385,0.990039555053494
57386,0.9998689834459278
57387,0.9991318526236993
57388,0.9992629914672618
57389,0.9991615617321769
57390,0.999975785288835
57391,0.9999647875662697
57392,0.8922178041180505
57393,0.9999647373528716
57394,0.9722439641533802
57395,0.9954874634372987
57396,0.9997026718379423
57397,0.9993582200458295
57398,0.9992200847496995
57399,0.998042924161001
57400,0.9998053864164185
57401,0.9994054424284095
57402,0.9997821102035451
57403,0.996653793141062
57404,0.9996427605767401
57405,0.9999319843485698
57406,0.9818655896436663
57407,0.9841585958091548
57408,0.9999780965644796
57409,0.9883533577200472
57410,0.9935343349598798
57411,0.878600132575779
57412,0.9999805639927685
57413,0.9934465061934082
57414,0.9377558441161234
57415,0.2891875012302719
57416,0.9978260871161072
57417,0.9991949247542302
57418,0.9994910999956719
57419,0.9999889427857621
57420,0.9974228888134558
57421,0.7570529272893446
57422,0.9963074207578049
57423,0.9990281710066053
57424,0.9801548482683159
57425,0.9999027822086597
57426,0.9997853297966277
57427,0.9999811717429207
57428,0.99987958761285
57429,0.8452153595818857
57430,0.7015765439138013
57431,0.9993356021716162
57432,0.9999675141840374
57433,0.9493847115669961
57434,0.9998334204709179
57435,0.9601585187347236
57436,0.9904336356300061
57437,0.9378834614556497
57438,0.928153812661462
57439,0.9997167106110165
57440,0.9991831092486798
57441,0.999948313970505
57442,0.9994479474096758
57443,0.9978440625449606
57444,0.898920220436035
57445,0.9999466360931659
57446,0.9996043352581903
57447,0.8767221531497044
57448,0.9998073143579684
57449,0.9999700767568339
57450,0.9733648200883463
57451,0.9999989391929972
57452,0.9987444175712347
57453,0.999993479765234
57454,0.9354908507725623
57455,0.9994161243459693
57456,0.9999527810071827
57457,0.9555672808995296
57458,0.9995044550947759
57459,0.9456329160135625
57460,0.995137580793029
57461,0.9996282303888436
57462,0.9990705119697246
57463,0.997061274893068
57464,0.9999467614119487
57465,0.9994940818253667
57466,0.9998355881535121
57467,0.9974643921280083
57468,0.9998715241765616
57469,0.9992950374067161
57470,0.9312999974402477
57471,0.9983317827115061
57472,0.9998688687647267
57473,0.9998642193076995
57474,0.16213856308194363
57475,0.9996086996528032
57476,0.99984871763727
57477,0.9772276089125175
57478,0.9329107128745291
57479,0.9988997767618841
57480,0.9638796121037406
57481,0.9998378264280942
57482,0.9947571246266759
57483,0.996248435748725
57484,0.9999757712181245
57485,0.9998405447130809
57486,0.9998804566462227
57487,0.9989404068735223
57488,0.9999935521113638
57489,0.9999638214594936
57490,0.9932020206637009
57491,0.6244734093458617
57492,0.9750194005030679
57493,0.9890644633311128
57494,0.9999734923699578
57495,0.9719534316296421
57496,0.9999970227289987
57497,0.6578712272599095
57498,0.9974447718830629
57499,0.8955864783014862
57500,0.9863182374789914
57501,0.9999485153987684
57502,0.9999707800316158
57503,0.9995005906020878
57504,0.9991412893755558
57505,0.9776460138821124
57506,0.9947166585954949
57507,0.9999732607022555
57508,0.9992368037583521
57509,0.959636367040129
57510,0.9986962773402343
57511,0.9997272654221107
57512,0.9900692534261885
57513,0.9999381024752484
57514,0.9992868335057717
57515,0.999949294818027
57516,0.9999745299921683
57517,0.994850437520545
57518,0.9610090457950184
57519,0.9995437746562316
57520,0.9601689257775334
57521,0.9758421754067391
57522,0.9999320449973417
57523,0.9961617228093989
57524,0.9999495529235627
57525,0.9998400083936366
57526,0.9831395113990516
57527,0.9990316661793064
57528,0.9999465521999313
57529,0.9997929173282176
57530,0.9975024500454932
57531,0.9996217420093828
57532,0.9991432289647503
57533,0.9998351558779992
57534,0.9999736390076471
57535,0.9973421501296194
57536,0.999966971441445
57537,0.9950194627427403
57538,0.9985840399039877
57539,0.9984059739776034
57540,0.9949097994292471
57541,0.9999660442623404
57542,0.9999841025194192
57543,0.999922725141677
57544,0.9998796729176986
57545,0.9978269769932817
57546,0.9587298531023691
57547,0.9997065658001478
57548,0.99816297147114
57549,0.9999445357546694
57550,0.999737963808632
57551,0.9999768825968844
57552,0.9999873131028651
57553,0.9927448778453404
57554,0.9999483353819997
57555,0.7128088881181593
57556,0.9994519471564702
57557,0.9993878222134885
57558,0.9999907065312214
57559,0.9991119601095908
57560,0.9992452859144662
57561,0.9998969108295623
57562,0.9412904846977732
57563,0.9999843204633542
57564,0.7027782297665116
57565,0.9999442479007586
57566,0.8473308399369753
57567,0.9996958074863662
57568,0.9977257575850025
57569,0.811714022709246
57570,0.999835986427004
57571,0.9924469918003153
57572,0.9997719398175824
57573,0.9998889258084942
57574,0.9993022000225416
57575,0.9996675849685819
57576,0.998897983756086
57577,0.9966356658087672
57578,0.9999595351585601
57579,0.9985314320829236
57580,0.9960838330489332
57581,0.12503440300129343
57582,0.9983222354336742
57583,0.9995516392555154
57584,0.9999652124944692
57585,0.9812657156642328
57586,0.9999664415178889
57587,0.9985542548837838
57588,0.8804536198240358
57589,0.9974311433694459
57590,0.9705852530046114
57591,0.99972832408763
57592,0.9991982602659759
57593,0.9995136006641625
57594,0.6837629723345845
57595,0.9232584441232521
57596,0.9994988214978182
57597,0.9995944772530225
57598,0.9930081180054516
57599,0.9990091143881392
57600,0.9999415971581297
57601,0.9273534461256934
57602,0.9999346798340236
57603,0.32216483695557596
57604,0.9997419301594727
57605,0.7664847946014385
57606,0.9997700667427901
57607,0.9990339846691094
57608,0.9999333785904853
57609,0.9999864395139588
57610,0.9999943722842854
57611,0.9947643055197672
57612,0.9997390987521709
57613,0.9997878553288575
57614,0.9998917557894345
57615,0.9999536980892157
57616,0.985781102855326
57617,0.7943364514584292
57618,0.22547407823692692
57619,0.8020966677526794
57620,0.9999605346804706
57621,0.9946838458657933
57622,0.9978816958043639
57623,0.9975259090202268
57624,0.9982326205408477
57625,0.9929773346674649
57626,0.9999972311715571
57627,0.9986081543285086
57628,0.9884449537527441
57629,0.9905529144629911
57630,0.9975579239447716
57631,0.6784584023290254
57632,0.9971358687366665
57633,0.988841386562314
57634,0.9999193214832438
57635,0.9993145644330661
57636,0.999824337141249
57637,0.8170420716467234
57638,0.9999190286025247
57639,0.964233684410205
57640,0.9999263606191869
57641,0.9993753331726405
57642,0.7888914796460316
57643,0.999884372352321
57644,0.9957280245577417
57645,0.9997598922126156
57646,0.8995272544405901
57647,0.9999396630540668
57648,0.9660878021071453
57649,0.9998663146398067
57650,0.999899384714796
57651,0.9970742212469728
57652,0.9999642755444417
57653,0.999930105057646
57654,0.9998456364235883
57655,0.9999899575293759
57656,0.9999776371658482
57657,0.9824783683249102
57658,0.9994857050698817
57659,0.9954713556218123
57660,0.9899180966735279
57661,0.9988414230429654
57662,0.9999422198149753
57663,0.9368758430568905
57664,0.999535835240132
57665,0.9789731859454063
57666,0.9589793664719336
57667,0.9999807970700473
57668,0.9995627557052627
57669,0.9999792736971046
57670,0.9986016058436836
57671,0.9996807333587339
57672,0.9968542311254859
57673,0.9999404952092138
57674,0.9474162470951979
57675,0.9999839349473525
57676,0.9969256874606398
57677,0.9999764390981694
57678,0.9988109099321895
57679,0.9996778317747826
57680,0.990537234731514
57681,0.7455099547949144
57682,0.9999911455211551
57683,0.9883006674064324
57684,0.9999715327961752
57685,0.99896726774621
57686,0.9717238750931484
57687,0.9996428726190052
57688,0.9866767963832679
57689,0.967502025134926
57690,0.9963143406473314
57691,0.9662673374881502
57692,0.9939389618316232
57693,0.9998898926402295
57694,0.998409289064198
57695,0.9986663581166999
57696,0.9994940598488145
57697,0.9999494305074667
57698,0.9945113641735431
57699,0.9999137708839004
57700,0.9989939349812946
57701,0.9996638283459147
57702,0.9999753182577664
57703,0.9973109206434123
57704,0.9997744200502242
57705,0.9781760321270315
57706,0.9999911719826298
57707,0.9999843867177161
57708,0.9989545186381353
57709,0.9401132004709442
57710,0.9972981714059906
57711,0.9974938104113465
57712,0.9897976801226207
57713,0.9981042040981611
57714,0.9753868018678507
57715,0.9999412679312264
57716,0.9993628424863474
57717,0.9991347167806924
57718,0.9997984705033857
57719,0.9987210731239277
57720,0.9602171552278242
57721,0.9998742918416289
57722,0.9999501414096779
57723,0.9950843528816624
57724,0.9999679878737087
57725,0.7506964283882909
57726,0.999509982260353
57727,0.9999439894965173
57728,0.989640318621436
57729,0.9943984465342455
57730,0.9998352702470503
57731,0.9999942884750086
57732,0.9998687989528706
57733,0.05832913813329749
57734,0.9997357521231872
57735,0.999948259183658
57736,0.9995083516953602
57737,0.9996093579435092
57738,0.9999938963974887
57739,0.9999463484384333
57740,0.9982770868096329
57741,0.9994311114250899
57742,0.9999736908046514
57743,0.9996013065394538
57744,0.9996064646268769
57745,0.9727473281040377
57746,0.9162577491830114
57747,0.998506863101654
57748,0.9902508846878699
57749,0.9997974969041378
57750,0.16723785639663163
57751,0.9999908420282234
57752,0.9990990611995829
57753,0.9999830997791875
57754,0.9980956959589908
57755,0.29291119899146034
57756,0.9876999281891019
57757,0.9927461487345125
57758,0.9701372076675369
57759,0.9951098171237795
57760,0.99551071096151
57761,0.9834672784873
57762,0.9961327347197388
57763,0.9880871550138048
57764,0.9999759490762585
57765,0.36842721554875213
57766,0.9999445398783939
57767,0.7531071334455699
57768,0.9998889292470244
57769,0.9999551206945867
57770,0.9965600778674203
57771,0.9999462579770014
57772,0.9912745280814814
57773,0.9934409715332171
57774,0.9360363159570567
57775,0.994104588954337
57776,0.9990618492222801
57777,0.9870670317994695
57778,0.9962764026129916
57779,0.9998154762739773
57780,0.9999023497052159
57781,0.9959500499985641
57782,0.9993851892394822
57783,0.9996476856728634
57784,0.9819682999804525
57785,0.9868519072694641
57786,0.3079652863544462
57787,0.9997115429172191
57788,0.9982481503451642
57789,0.6577376172037862
57790,0.9968026021549451
57791,0.9999855835153971
57792,0.39093104930433015
57793,0.9994347201057302
57794,0.9987056266541089
57795,0.8950754338284687
57796,0.9996875614706778
57797,0.9998265147098252
57798,0.9999551359642803
57799,0.990615718001215
57800,0.9893626956688852
57801,0.9999055296756983
57802,0.9998787007767469
57803,0.998309326376542
57804,0.9995179617155404
57805,0.9259517470261504
57806,0.9999738833341923
57807,0.9999899830390437
57808,0.6503550772256206
57809,0.9980106242187756
57810,0.9999112988060495
57811,0.9952665568634814
57812,0.9998289006460809
57813,0.6417117508564776
57814,0.9985369187426717
57815,0.9899595451165742
57816,0.9999894614160943
57817,0.9986633553142186
57818,0.9999260160416149
57819,0.9990868517070268
57820,0.9990878155058439
57821,0.9999920186793559
57822,0.9991801651190234
57823,0.9829281052411538
57824,0.8384301636443096
57825,0.9999605870612215
57826,0.9996262107058469
57827,0.9997898341196952
57828,0.9997656531326718
57829,0.99984070324457
57830,0.999831228980792
57831,0.9971513221395859
57832,0.9987879285322938
57833,0.9995455317013116
57834,0.9998766379750402
57835,0.9982274084116125
57836,0.9983766726404423
57837,0.9988256758288937
57838,0.9967987596902704
57839,0.9871607228663268
57840,0.9601786256596788
57841,0.999762276290235
57842,0.9999782456849796
57843,0.9954003209078488
57844,0.997788238761646
57845,0.9999799481051534
57846,0.9999962911033462
57847,0.9973135855072025
57848,0.736499225931771
57849,0.9994382212105662
57850,0.9821918131471972
57851,0.998842630057117
57852,0.999505612226192
57853,0.9987836937412186
57854,0.9999302880456844
57855,0.9993757409381449
57856,0.9979980834347956
57857,0.996295587994536
57858,0.9999436681199236
57859,0.9995853571881788
57860,0.9999258687741504
57861,0.9921154182868932
57862,0.9996929905676485
57863,0.9958159592963088
57864,0.9843996881031624
57865,0.9999696951202003
57866,0.9996238837318165
57867,0.9999761418225573
57868,0.9999887056342547
57869,0.9998879236348569
57870,0.9992786823535003
57871,0.9867508547756652
57872,0.9699040792351642
57873,0.996516524254936
57874,0.9996156617409143
57875,0.7766584526071382
57876,0.9994824891986306
57877,0.9999940617669373
57878,0.9999866505052672
57879,0.9998083951517374
57880,0.997624399149333
57881,0.9940338723117176
57882,0.9341985012143177
57883,0.9999948068012798
57884,0.9993113953746836
57885,0.9971420109644968
57886,0.9999973123060316
57887,0.9999012440139085
57888,0.9943100457284502
57889,0.4934623348440249
57890,0.9971740843314512
57891,0.9999840638062485
57892,0.91291964434162165
57893,0.9993950601965357
57894,0.9998539190359903
57895,0.8073093810461431
57896,0.9996394442801525
57897,0.9067378145537989
57898,0.9623869052991846
57899,0.9507546314972014
57900,0.8135819516154009
57901,0.9993051986220831
57902,0.9995303641776592
57903,0.6210039904266019
57904,0.795764514563163
57905,0.7539831982428181
57906,0.9966008525581332
57907,0.9999128521258799
57908,0.9977445066782279
57909,0.9999970870678049
57910,0.9999429635860391
57911,0.9999309220617554
57912,0.9999697615591479
57913,0.9878361273014843
57914,0.9934888747105111
57915,0.9981793490898936
57916,0.9436170397993109
57917,0.9618712256594737
57918,0.9998805302408522
57919,0.9999606904848518
57920,0.999096475588223
57921,0.9998355967490087
57922,0.9996211623953729
57923,0.9999624694825383
57924,0.9999646658029717
57925,0.9998229449568823
57926,0.9931248404761615
57927,0.9988347773481385
57928,0.9574088296852957
57929,0.9870932331503043
57930,0.9996491645514912
57931,0.9979335841854221
57932,0.9992429554495275
57933,0.9887907177603635
57934,0.9937249717865982
57935,0.9995687032992053
57936,0.9999939548245661
57937,0.9998401292522472
57938,0.9839662967484696
57939,0.9216494905191522
57940,0.9988610496735797
57941,0.988012306055043
57942,0.9992603574241228
57943,0.9980235958627508
57944,0.9999611666141425
57945,0.9997257575706264
57946,0.9998537118458567
57947,0.9779355618044387
57948,0.9925906468383281
57949,0.9999434376248021
57950,0.999906714007161
57951,0.9997194669428561
57952,0.9920488540348004
57953,0.980099775337581
57954,0.5990215623204591
57955,0.9995772878110035
57956,0.999779859843822
57957,0.9997198617917101
57958,0.38244924730560675
57959,0.9997961319850136
57960,0.9911552773724821
57961,0.9991959484358037
57962,0.9957759008169043
57963,0.9550702883144511
57964,0.9859930476899876
57965,0.9918040030412778
57966,0.9962540821323548
57967,0.9991766124735785
57968,0.9997521023291309
57969,0.9999384087340143
57970,0.9974849380179212
57971,0.9949106675815944
57972,0.997272326051787
57973,0.9877947206407979
57974,0.9638906408031602
57975,0.9982035690922061
57976,0.9999804435841078
57977,0.9990438248767848
57978,0.9958460961623905
57979,0.9959745707035828
57980,0.999985571860548
57981,0.9985882911446302
57982,0.9998929745057025
57983,0.9999852072116924
57984,0.9971797174287308
57985,0.9997166517812195
57986,0.9999115453104451
57987,0.9353618170977022
57988,0.9976526162745121
57989,0.9868932757867375
57990,0.9999883190482153
57991,0.9993063209599197
57992,0.811436288744632
57993,0.9998740398523501
57994,0.999536243572725
57995,0.9736246828393175
57996,0.9996730244767734
57997,0.9999554942016826
57998,0.9920796886002547
57999,0.999575150952133
58000,0.98763242988687
58001,0.99913903973224
58002,0.9987648814416278
58003,0.9999581467569777
58004,0.9917933510886046
58005,0.9992525372043604
58006,0.9991961447839514
58007,0.9991963053271878
58008,0.9999840721273506
58009,0.9993452166503068
58010,0.9996126058204283
58011,0.9983305719574478
58012,0.9990013946886052
58013,0.9994651772903473
58014,0.9999875708692706
58015,0.9886571084949469
58016,0.9999748363370046
58017,0.9999784778949992
58018,0.9994566035443607
58019,0.5606422308280463
58020,0.9056873431262497
58021,0.7963935283974312
58022,0.9974622374208897
58023,0.40857929526780695
58024,0.9874092432992121
58025,0.9992906621000484
58026,0.9998897804906275
58027,0.999984729971282
58028,0.03776566365585815
58029,0.9999941845802699
58030,0.9573938727329505
58031,0.9997971525570516
58032,0.9416285407590215
58033,0.9999926412498105
58034,0.9992084816559751
58035,0.9926405406089378
58036,0.999894452338395
58037,0.9977119405615679
58038,0.9982816830722228
58039,0.9989484330400452
58040,0.9999852873830842
58041,0.9962340211209847
58042,0.9994523059297417
58043,0.8650348405336632
58044,0.16562373126312363
58045,0.9999488091402903
58046,0.9953891135827587
58047,0.9981557899019392
58048,0.9995454322734512
58049,0.9991900659074231
58050,0.9997818741618422
58051,0.9999868878665599
58052,0.9989999496737079
58053,0.9848689594438772
58054,0.406350484681919
58055,0.985998983720088
58056,0.9964365936486899
58057,0.9999266273050048
58058,0.9986679700986021
58059,0.9980202733950134
58060,0.999472976996192
58061,0.9991195207558748
58062,0.9978186394882015
58063,0.9580103603499105
58064,0.9997861496967505
58065,0.9991038236616936
58066,0.9783572798462099
58067,0.9530997006324242
58068,0.999954342121158
58069,0.9995050898719142
58070,0.9913144057199186
58071,0.9713609038458709
58072,0.9892482217528489
58073,0.9992436188410669
58074,0.7093814050731653
58075,0.9999600605896312
58076,0.9986556138573096
58077,0.9999281475645813
58078,0.9999912634404934
58079,0.9846962328740754
58080,0.9802132725485605
58081,0.9400572909541032
58082,0.999968614973806
58083,0.9998397430168221
58084,0.996237445123451
58085,0.9999200220516958
58086,0.9999810203847471
58087,0.9351103466807199
58088,0.9159505094809046
58089,0.9981501090656442
58090,0.8930369216667157
58091,0.9996567846878388
58092,0.997408420232658
58093,0.9999276449429584
58094,0.6826734626238447
58095,0.9998740686256999
58096,0.9950906953933785
58097,0.9999275871430815
58098,0.9992727046398344
58099,0.9934765936839132
58100,0.9999805860258946
58101,0.9878622819594338
58102,0.9845806620309708
58103,0.002032784956271268
58104,0.9999037992163486
58105,0.9999796741933297
58106,0.9997561984162998
58107,0.9997180144018794
58108,0.9920922402636047
58109,0.8605303090929219
58110,0.9995050898719142
58111,0.9998585155751206
58112,0.9990776492536936
58113,0.6930149097265632
58114,0.9988321576675512
58115,0.9996036018881933
58116,0.998973585683649
58117,0.9975856178014794
58118,0.9850252715223861
58119,0.9590751617652113
58120,0.9996326843482163
58121,0.9999865822421902
58122,0.98879410012537
58123,0.9950012978363886
58124,0.9999630140227815
58125,0.9824536505459082
58126,0.9999805890801413
58127,0.9999145696402534
58128,0.9989541528241296
58129,0.7678790738895924
58130,0.9998270178277633
58131,0.9999171581636076
58132,0.9999937503966269
58133,0.9999683983784673
58134,0.9997620796332164
58135,0.9515514168407986
58136,0.9999272603386817
58137,0.996364738539268
58138,0.9992303960432478
58139,0.9997879640089895
58140,0.9998872044253063
58141,0.9999648687988651
58142,0.9996898087971078
58143,0.9997094187210728
58144,0.9999851889237996
58145,0.8170330770719643
58146,0.9999569766984929
58147,0.9999378267286875
58148,0.9993190681415994
58149,0.9997541813102456
58150,0.9937062875860851
58151,0.9963711945433633
58152,0.9996106146422382
58153,0.9996708432441614
58154,0.9999861225643433
58155,0.9946562804626647
58156,0.994370647860803
58157,0.9747552380906599
58158,0.9961826373907944
58159,0.9989366975050984
58160,0.9985927920517966
58161,0.9998504889575139
58162,0.9908646242984251
58163,0.7287810383589111
58164,0.9999497641668957
58165,0.9997246265039431
58166,0.9999985016785854
58167,0.9999718891687974
58168,0.9994487052002333
58169,0.9738259125956098
58170,0.99976148409384
58171,0.99673124280449
58172,0.9999418766888984
58173,0.999988645411612
58174,0.9984328210421156
58175,0.9996685065064865
58176,0.5546329614714404
58177,0.8013034285893866
58178,0.9817660813287357
58179,0.9997098104877573
58180,0.999290779378833
58181,0.9950663565936503
58182,0.2475838857678977
58183,0.9998518545132933
58184,0.944593433030106
58185,0.9979329418191492
58186,0.9990573287738183
58187,0.9944666052084958
58188,0.9994025575765781
58189,0.8986122857232928
58190,0.924533600092567
58191,0.999770435614662
58192,0.9816616797555718
58193,0.9993939196727913
58194,0.9999795042757855
58195,0.9657610079314084
58196,0.9996716013342539
58197,0.9856521665339093
58198,0.9977544532354512
58199,0.996445177034154
58200,0.9998610816129014
58201,0.9899949503582289
58202,0.999154511503814
58203,0.9999096870177568
58204,0.9999122906938167
58205,0.9972039112523365
58206,0.9692139445332525
58207,0.9999909222472215
58208,0.9995823908828361
58209,0.8359286039884125
58210,0.9999893233796012
58211,0.9990985665686689
58212,0.9941999376305444
58213,0.9460321856092501
58214,0.9998997648073769
58215,0.9998833258940738
58216,0.999942489024759
58217,0.9992962555242101
58218,0.9999902553705801
58219,0.9999323002390815
58220,0.9999658754507431
58221,0.9994816917022041
58222,0.9992866557828768
58223,0.9678705223377287
58224,0.9711502054309026
58225,0.9637202555173591
58226,0.9692755331069691
58227,0.992142178242967
58228,0.9927958428417845
58229,0.9999983806160168
58230,0.9830467285702436
58231,0.9997199339063982
58232,0.9976348628157867
58233,0.9379578817095039
58234,0.9976743190379789
58235,0.9999571328911512
58236,0.9996119102653548
58237,0.17188521643845092
58238,0.9996428279729697
58239,0.9837290686365882
58240,0.9999311888692607
58241,0.8073854250678377
58242,0.9957953345337193
58243,0.9977212732389703
58244,0.9999400858329484
58245,0.9982962241687996
58246,0.9984775917611616
58247,0.9973791513492116
58248,0.9907946305675939
58249,0.9999400888894152
58250,0.9821353549953125
58251,0.9993782040628131
58252,0.9986877088279601
58253,0.9997409764600653
58254,0.9999908902745279
58255,0.9140775634723802
58256,0.9929882279347166
58257,0.6535117105908438
58258,0.7873827773208543
58259,0.8948627722152788
58260,0.9983290926861735
58261,0.9991702410858327
58262,0.9829962171743867
58263,0.9984013112886957
58264,0.9667627569284659
58265,0.9991463694758519
58266,0.9999818941681894
58267,0.9992742815998066
58268,0.5270850714513375
58269,0.9997473281348492
58270,0.9999869562545504
58271,0.9999480691054421
58272,0.35940461230033016
58273,0.9999503632641864
58274,0.9990617915182806
58275,0.1995746809405097
58276,0.3756448865227186
58277,0.9998450361046985
58278,0.9993413594355421
58279,0.7320031708594954
58280,0.9998674511564524
58281,0.9991180806858643
58282,0.9996677517658517
58283,0.9990775281828982
58284,0.9999437868157365
58285,0.9974395002018649
58286,0.9999845250940599
58287,0.9999641091056282
58288,0.8723295889792901
58289,0.9943690300559924
58290,0.9911435373162562
58291,0.9999659953005657
58292,0.9994114463661169
58293,0.9999118417939225
58294,0.9960325654367455
58295,0.9996344583917938
58296,0.9999380253243622
58297,0.9993912559143343
58298,0.9919399543001988
58299,0.9997108499004894
58300,0.9962097560427607
58301,0.9953046350433131
58302,0.47511623737820524
58303,0.9993794152090238
58304,0.9995519375022586
58305,0.9989023228419198
58306,0.9951889923527436
58307,0.9996654175199204
58308,0.9977230606831885
58309,0.9992194141529702
58310,0.9314001515967943
58311,0.9999400428166924
58312,0.999933554819819
58313,0.6491068047881434
58314,0.9999868190099671
58315,0.9991165920260542
58316,0.9995418717543513
58317,0.9996222057458085
58318,0.9996363000483405
58319,0.09531448450230012
58320,0.2881304203674579
58321,0.9999873410183694
58322,0.9976022035784043
58323,0.9999613066337258
58324,0.935964770527062
58325,0.9999367903062891
58326,0.9448562027656061
58327,0.9999777024168538
58328,0.9997266029342664
58329,0.99995076692691
58330,0.9940487260692905
58331,0.9979293126613579
58332,0.9967229874000841
58333,0.9996927351734041
58334,0.9999808032034624
58335,0.9999653199594046
58336,0.9996401946032669
58337,0.9998270222881249
58338,0.9999699619006308
58339,0.9992420302342844
58340,0.7421347102497666
58341,0.9994441668253992
58342,0.9802942200857682
58343,0.9988647638679793
58344,0.9995998123635995
58345,0.9724362797339454
58346,0.9940620927348264
58347,0.8628363316433947
58348,0.8354864748566599
58349,0.9994714335503506
58350,0.9994693108851515
58351,0.9963295561003435
58352,0.9985704723027293
58353,0.999561563032708
58354,0.9770703207559349
58355,0.9832787294936648
58356,0.9999749339982253
58357,0.9999800228632713
58358,0.9999197001475906
58359,0.9830954410570292
58360,0.9986948651134123
58361,0.9988812160920121
58362,0.9999329540032785
58363,0.9996939171774284
58364,0.9994218894200558
58365,0.9998736887959098
58366,0.419685569840659
58367,0.999989739568675
58368,0.9999263323992171
58369,0.9999683694207517
58370,0.9999143169005861
58371,0.9996021411443972
58372,0.999608131893383
58373,0.9994908788505223
58374,0.9970918784879946
58375,0.9999843014581166
58376,0.9995828216461831
58377,0.9997153295458168
58378,0.9993276148576917
58379,0.6594304263212798
58380,0.995499485923852
58381,0.9984910043582177
58382,0.9860619925807794
58383,0.6661896706013533
58384,0.9998847934407276
58385,0.913015790006276
58386,0.9360331677899375
58387,0.977538784418662
58388,0.9998789568930297
58389,0.9996708993272102
58390,0.9999521835014701
58391,0.999615054666941
58392,0.9732688001276455
58393,0.49917851837345545
58394,0.9999580437184737
58395,0.9999892333742723
58396,0.9904226713134836
58397,0.9982974327640926
58398,0.9856398496759545
58399,0.9994025651034512
58400,0.9974386454939307
58401,0.9977007611764495
58402,0.20830731460613616
58403,0.9997039031910827
58404,0.9891059034917975
58405,0.9993296252849209
58406,0.9988594050757379
58407,0.9989973770561948
58408,0.9973691041708941
58409,0.9999683778028617
58410,0.9922824634067375
58411,0.7395750320307818
58412,0.9997580840973832
58413,0.9998892688048259
58414,0.9999992255965783
58415,0.9999623628872812
58416,0.9941246960693422
58417,0.9999752241588893
58418,0.9991234075520922
58419,0.31836339095641625
58420,0.9713062642812912
58421,0.9999910661560468
58422,0.999347892471715
58423,0.9920638929710812
58424,0.9996102121648313
58425,0.9998552953848455
58426,0.9992875802620513
58427,0.07379914523557564
58428,0.9764611172369488
58429,0.9983852715542184
58430,0.9999592157570845
58431,0.9988806603216663
58432,0.9993098018504639
58433,0.9999612078935418
58434,0.9452206536804982
58435,0.9953060156861229
58436,0.9974319874201403
58437,0.9998794754352093
58438,0.42602333746438237
58439,0.9987001936119976
58440,0.9964611793619427
58441,0.23954404585904784
58442,0.4708744748250203
58443,0.128985732880322
58444,0.9993842803358067
58445,0.9974509506804777
58446,0.9744604095415221
58447,0.43236324065766357
58448,0.9998501307557066
58449,0.9901454028519269
58450,0.9999939144112129
58451,0.9946586505858029
58452,0.9813679071171442
58453,0.26208225139550007
58454,0.9999156104092581
58455,0.9997840296569267
58456,0.16126227189743986
58457,0.9995815775407103
58458,0.9991716558327013
58459,0.997938317544917
58460,0.9830886017670127
58461,0.6329145741784875
58462,0.5670216035049539
58463,0.9999414087387942
58464,0.9981443652082539
58465,0.9996569269341203
58466,0.9894023846413071
58467,0.9994382212105662
58468,0.98732791657318
58469,0.9980511900514913
58470,0.028451479141369872
58471,0.9071657930899791
58472,0.9996997676702379
58473,0.32827534955511267
58474,0.9554695754985436
58475,0.9999911370504552
58476,0.9986597236638233
58477,0.9999217002457989
58478,0.9999453346288564
58479,0.8884932444393598
58480,0.9996501022403438
58481,0.9999870827314854
58482,0.998401069348249
58483,0.9999795323470653
58484,0.9999667184281743
58485,0.9964397938136074
58486,0.9952559636844416
58487,0.9992791835977644
58488,0.9999692965666921
58489,0.9895091400342498
58490,0.9881623955694867
58491,0.9825277498071133
58492,0.9920057694870403
58493,0.9998604807870011
58494,0.9981868309875422
58495,0.9994155114982749
58496,0.9999588812113662
58497,0.9996162419398551
58498,0.9658847730510557
58499,0.9847319574186615
58500,0.9945969667744052
58501,0.9988513458449967
58502,0.7664753499072386
58503,0.9988222616318776
58504,0.999694032028843
58505,0.9998793616021051
58506,0.9993114106910419
58507,0.9994755024083747
58508,0.9793834706931884
58509,0.999925392456932
58510,0.9992052103477718
58511,0.9202056932924886
58512,0.9998262597944761
58513,0.07638791495085534
58514,0.9988444945451397
58515,0.9999669846319955
58516,0.9621380728115289
58517,0.880437820616239
58518,0.9999283134294509
58519,0.9981009714266693
58520,0.9998908302881877
58521,0.9977001506252113
58522,0.9912514720417188
58523,0.9848296889857089
58524,0.9993738664341523
58525,0.7552693283350803
58526,0.9999383136966763
58527,0.9997189709061927
58528,0.9998419705599907
58529,0.8929453130900641
58530,0.9990674728057677
58531,0.9262177470150784
58532,0.6902262392047066
58533,0.99980182438464
58534,0.6043860250767995
58535,0.8268259005327246
58536,0.9937247563047799
58537,0.9999917162461754
58538,0.9998942509950277
58539,0.9999831644136151
58540,0.999976188403161
58541,0.5750997250281478
58542,0.9998299840610133
58543,0.9998751035180419
58544,0.9742597096950698
58545,0.9993941224483841
58546,0.9966566421702492
58547,0.8676160167571836
58548,0.9934650306152394
58549,0.9992944706880246
58550,0.9706866707386084
58551,0.9952439091257324
58552,0.9993733594485871
58553,0.9999788758217688
58554,0.9997876697603224
58555,0.999977798798343
58556,0.9995272017290832
58557,0.9980879671553728
58558,0.977763561336777
58559,0.9995306658160091
58560,0.9981997893269967
58561,0.8189891747902281
58562,0.9999333420241673
58563,0.9998218471229753
58564,0.9999334918725837
58565,0.9615969916615651
58566,0.18512322005580198
58567,0.0023903969209017623
58568,0.988318266216837
58569,0.9999914478768774
58570,0.9992561295318283
58571,0.9999487478430764
58572,0.9170216344020669
58573,0.9998011829226241
58574,0.9996834675733334
58575,0.999937921367254
58576,0.999686218390127
58577,0.9494412976018268
58578,0.9774450097157045
58579,0.999686037773503
58580,0.9998440176939962
58581,0.9982978161496963
58582,0.9985730488813731
58583,0.9996794168688016
58584,0.9963405946471212
58585,0.9504405621192628
58586,0.9998980912426362
58587,0.999989407718553
58588,0.9999579226393548
58589,0.9998757145583245
58590,0.9997547534696861
58591,0.9630836777829578
58592,0.9814465555846159
58593,0.9999196892792399
58594,0.9996962453798804
58595,0.9999395470299397
58596,0.9996841980719904
58597,0.9999268050970607
58598,0.9760182702937913
58599,0.999651040562126
58600,0.9997368952722624
58601,0.999637109369302
58602,0.9997828799243504
58603,0.9983065769751349
58604,0.999689431173262
58605,0.9792894070156859
58606,0.9998663715754169
58607,0.9989487826169009
58608,0.9937539516614493
58609,0.9999100204403233
58610,0.999953498679819
58611,0.9826968662503707
58612,0.9997454353889613
58613,0.9999157329354553
58614,0.9996672079905944
58615,0.9999845993821237
58616,0.9879690979007956
58617,0.8741049745653241
58618,0.9994871592883771
58619,0.9879325103801965
58620,0.999837989001338
58621,0.9999842866078548
58622,0.999961547413008
58623,0.99464574359041
58624,0.9999614576319044
58625,0.8514238228680775
58626,0.997767904345984
58627,0.9735228635495785
58628,0.999927728764275
58629,0.9987762575405386
58630,0.9983802951751323
58631,0.9983045288891722
58632,0.9998148157127867
58633,0.9999430559234309
58634,0.9962294893014582
58635,0.9999678386561391
58636,0.9932126724142599
58637,0.9998426756870474
58638,0.9998455036424883
58639,0.7567059240450578
58640,0.9947716571766158
58641,0.998822866655646
58642,0.9979800703189262
58643,0.9951426873249155
58644,0.9999642379017478
58645,0.9915175108818464
58646,0.9995422594582695
58647,0.9854353650408517
58648,0.9994320344644317
58649,0.9994851221220662
58650,0.991871317167937
58651,0.9999060499583482
58652,0.9999834516613143
58653,0.9999503612478975
58654,0.9921144862968674
58655,0.9976965443987433
58656,0.9998778248311317
58657,0.9999406714047963
58658,0.9997172692358636
58659,0.9990980388743241
58660,0.9967183443442014
58661,0.9999641412915835
58662,0.9996116915519021
58663,0.9900840393398372
58664,0.999303201451068
58665,0.6661686377121897
58666,0.9978683748433202
58667,0.9992552132582264
58668,3.607661654532935e-4
58669,0.999873555312433
58670,0.9999795593425296
58671,0.9999308318770371
58672,0.999440093248836
58673,0.9991498917784676
58674,0.9909524148918263
58675,0.9999665093600298
58676,0.9996124459989333
58677,0.915749183818121
58678,0.9995775386145219
58679,0.9999603389264082
58680,0.710625860869286
58681,0.998748468350491
58682,0.49842050893258605
58683,0.9970683935729684
58684,0.9999498707279011
58685,0.9999847600130486
58686,0.9999528723111815
58687,0.9999684937226357
58688,0.9989678064144336
58689,0.9998124767510752
58690,0.9999896035688918
58691,0.9971518698136251
58692,0.9999778570106618
58693,0.9926923204802417
58694,0.9995192612378877
58695,0.9996296618039588
58696,0.9979008434139556
58697,0.9986308021714004
58698,0.9987431595051212
58699,0.9914189698548671
58700,0.9999814406551923
58701,0.9999251233265276
58702,0.9896040180350677
58703,0.995443900099102
58704,0.9921781633218468
58705,0.9381066811123103
58706,0.7366683503244421
58707,0.9992147062720864
58708,0.9999970402182048
58709,0.9999470541689219
58710,0.9908261106560675
58711,0.9988657400685391
58712,0.9914717828970383
58713,0.9763921715976712
58714,0.9994528598257354
58715,0.9096447519074097
58716,0.9989207034728116
58717,0.9997448374753963
58718,0.998238323816147
58719,0.9999248243170766
58720,0.9995013997413664
58721,0.9995088800877827
58722,0.9974819543307358
58723,0.9636048463636258
58724,0.9998607295854409
58725,0.9986019959718234
58726,0.9946147415468636
58727,0.9998385233205743
58728,0.999471779677296
58729,0.981579897079744
58730,0.9442274936305538
58731,0.9990453871859475
58732,0.9995464331770947
58733,0.9946351560273818
58734,0.6766720880273994
58735,0.9999528575967769
58736,0.9999700936441933
58737,0.860763079482597
58738,0.9999575895047925
58739,0.9532891529937301
58740,0.9996699573071397
58741,0.9867935910100947
58742,0.9996239483411553
58743,0.8752277784043774
58744,0.9984126712784653
58745,0.9991103825390655
58746,0.9993865323505472
58747,0.9232466034413496
58748,0.9970201042700523
58749,0.9999098858607258
58750,0.9231640764352949
58751,0.9999993388721666
58752,0.9994319560164469
58753,0.9911168855619598
58754,0.9986475132269784
58755,0.9999104381903452
58756,0.999908479114
58757,0.9956689223770278
58758,0.9093702892633616
58759,0.9544086879418565
58760,0.9971665575581582
58761,0.8764120886496639
58762,0.9946511350740576
58763,0.9991614757736739
58764,0.998083681674828
58765,0.9995999898167277
58766,0.9975096461614348
58767,0.9955073871194529
58768,0.9929968500783821
58769,0.9999233905314272
58770,0.9237446919201597
58771,0.9934503820929705
58772,0.9882601064023645
58773,0.9134285889754065
58774,0.9775090973137547
58775,0.9996335182687653
58776,0.9992160052738096
58777,0.9997291733287271
58778,0.9999455301357398
58779,0.9995069518836847
58780,0.9956670512262858
58781,0.7329936536531146
58782,0.9995588702527828
58783,0.9989887886420946
58784,0.9700575434982148
58785,0.9905703366484278
58786,0.9988998780489887
58787,0.9995588763833081
58788,0.9993422904948914
58789,0.9996045030996986
58790,0.9964909703802128
58791,0.9996273915551765
58792,0.9995970621024177
58793,0.9955591237942346
58794,0.9961876313652954
58795,0.6512533762615569
58796,0.9992641590431801
58797,0.9999848462771277
58798,0.9977711355885389
58799,0.9965739785156045
58800,0.9994624652705132
58801,0.9989216892584385
58802,0.9999467418541099
58803,0.999275620759049
58804,0.9999662316375973
58805,0.9407379935078175
58806,0.9993897337959016
58807,0.9338489443031261
58808,0.9999887679322083
58809,0.9996214158737274
58810,0.9995776814254019
58811,0.9489047638246374
58812,0.9999903938036577
58813,0.9892864036617655
58814,0.999165277846832
58815,0.9457783211436122
58816,0.9987601954068127
58817,0.9999762938813799
58818,0.9540690507974992
58819,0.9998965678735886
58820,0.9999615035042427
58821,0.9959587756616836
58822,0.9982285971216633
58823,0.9955582641072714
58824,0.9941561626108454
58825,0.9927520456454775
58826,0.6547937958822757
58827,0.999088707446929
58828,0.9999698707032736
58829,0.9801346756676329
58830,0.999869204997888
58831,0.9999672597818199
58832,0.9356872900021977
58833,0.28312942946432607
58834,0.9456661889096896
58835,0.9937529324993962
58836,0.9727576977012489
58837,0.9942121231932871
58838,0.802832439969792
58839,0.530457580484636
58840,0.9986888498408978
58841,0.18696011108442845
58842,0.9879720176877475
58843,0.9997250197473141
58844,0.9986272463779502
58845,0.999695065542357
58846,0.9979411810913743
58847,0.9943040017291876
58848,0.9998456844228217
58849,0.998311279182336
58850,0.9987540724317089
58851,0.9999671815722087
58852,0.9858202669064082
58853,0.9485417034753771
58854,0.9938112034450283
58855,0.994347285599971
58856,0.999748986492665
58857,0.9998753788501903
58858,0.9312508837182017
58859,0.7886627058815232
58860,0.9999850274756028
58861,0.9998233031975492
58862,0.9984607596649899
58863,0.9994230028570598
58864,0.9999704853299888
58865,0.9996297155563467
58866,0.999915512502428
58867,0.9999794436519949
58868,0.9998302504703146
58869,0.9997286885850383
58870,0.999935011638956
58871,0.7109334438673747
58872,0.999653865010266
58873,0.9996345570637488
58874,0.9995215036394833
58875,0.9999768089769395
58876,0.6542363247086381
58877,0.7524835358859372
58878,0.31283472719440725
58879,0.9378862620208228
58880,0.99880141677273
58881,0.9999902808226955
58882,0.9999751153762949
58883,0.9932931502638459
58884,0.9946357977208417
58885,0.9897634936810265
58886,0.7427439163232107
58887,0.9982202288048466
58888,0.9990375377566654
58889,0.9926115330883901
58890,0.994389368877045
58891,0.979047386449663
58892,0.9934904319148589
58893,0.9988229730234888
58894,0.9449241370560534
58895,0.899637677722628
58896,0.9989473273249683
58897,0.9829167060184194
58898,0.9999861747540622
58899,0.9966945275443514
58900,0.9987162691832708
58901,0.9996306710616413
58902,0.99708650140494
58903,0.8366280331674041
58904,0.9998261592616702
58905,0.9999634403709531
58906,0.9999739881249595
58907,0.9549549591089045
58908,0.9999492257923809
58909,0.9998822228427607
58910,0.9547055807576149
58911,0.957436041990334
58912,0.9999953903780475
58913,0.9974090957713588
58914,0.9967534365974193
58915,0.9999967604762735
58916,0.9526450895653835
58917,0.9992158310752076
58918,0.922871055077232
58919,0.9986889846755894
58920,0.9821912133667825
58921,0.9991836153080652
